delta_1d,delta_2d,delta_all,sum_doses,sum_1d,sum_2d,perc_doses,perc_inh_tot,perc_inh_1d,perc_inh_2d,sum_monotone_1d,sum_monotone_2d,perc_inh_monotone_1d,perc_inh_monotone_2d,date
0,0,0,0,0,0,0,0,0,0,0,0,0,0,2020-12-26
47,0,47,47,47,0,34.8,0.00363,0.00363,0.0,47,0,0.00363,0.0,2020-12-27
0,0,0,47,47,0,34.8,0.00363,0.00363,0.0,47,0,0.00363,0.0,2020-12-28
0,0,0,47,47,0,34.8,0.00363,0.00363,0.0,47,0,0.00363,0.0,2020-12-29
0,0,0,47,47,0,0.6,0.00363,0.00363,0.0,47,0,0.00363,0.0,2020-12-30
0,0,0,47,47,0,0.6,0.00363,0.00363,0.0,47,0,0.00363,0.0,2020-12-31
0,0,0,47,47,0,0.6,0.00363,0.00363,0.0,47,0,0.00363,0.0,2021-01-01
405,0,405,452,452,0,5.7,0.03493,0.03493,0.0,452,0,0.03493,0.0,2021-01-02
413,1,413,865,865,1,10.9,0.06685,0.06685,8e-05,865,1,0.06685,8e-05,2021-01-03
855,0,855,1720,1720,1,21.7,0.13293,0.13293,8e-05,1720,1,0.13293,8e-05,2021-01-04
793,1,793,2513,2513,2,21.2,0.19421,0.19421,0.00015,2513,2,0.19421,0.00015,2021-01-05
1023,1,1023,3536,3536,3,29.9,0.27327,0.27327,0.00023,3536,3,0.27327,0.00023,2021-01-06
586,1,586,4122,4122,4,26.2,0.31856,0.31856,0.00031,4122,4,0.31856,0.00031,2021-01-07
1175,1,1175,5297,5297,5,33.7,0.40937,0.40937,0.00039,5297,5,0.40937,0.00039,2021-01-08
1152,1,1152,6449,6449,6,41.0,0.4984,0.4984,0.00046,6449,6,0.4984,0.00046,2021-01-09
949,1,949,7398,7398,7,47.0,0.57174,0.57174,0.00054,7398,7,0.57174,0.00054,2021-01-10
1229,0,1229,8627,8627,7,43.9,0.66672,0.66672,0.00054,8627,7,0.66672,0.00054,2021-01-11
1804,4,1804,10431,10431,11,42.6,0.80614,0.80614,0.00085,10431,11,0.80614,0.00085,2021-01-12
673,2,673,11104,11104,13,43.0,0.85815,0.85815,0.001,11104,13,0.85815,0.001,2021-01-13
253,1,253,11357,11357,14,44.0,0.87771,0.87771,0.00108,11357,14,0.87771,0.00108,2021-01-14
385,0,385,11742,11742,14,45.5,0.90746,0.90746,0.00108,11742,14,0.90746,0.00108,2021-01-15
925,5,925,12667,12667,19,49.1,0.97895,0.97895,0.00147,12667,19,0.97895,0.00147,2021-01-16
186,7,193,12860,12853,26,49.8,0.99386,0.99332,0.00201,12853,26,0.99332,0.00201,2021-01-17
55,103,158,13018,12908,129,44.4,1.00607,0.99757,0.00997,12908,129,0.99757,0.00997,2021-01-18
91,21,112,13130,12999,150,44.8,1.01473,1.00461,0.01159,12999,150,1.00461,0.01159,2021-01-19
447,3,449,13579,13446,153,41.4,1.04943,1.03915,0.01182,13446,153,1.03915,0.01182,2021-01-20
157,0,157,13736,13603,153,39.1,1.06156,1.05128,0.01182,13603,153,1.05128,0.01182,2021-01-21
118,0,118,13854,13721,153,39.4,1.07068,1.0604,0.01182,13721,153,1.0604,0.01182,2021-01-22
57,208,265,14119,13778,361,40.1,1.09116,1.06481,0.0279,13778,361,1.06481,0.0279,2021-01-23
6,44,50,14169,13784,405,40.3,1.09503,1.06527,0.0313,13784,405,1.06527,0.0313,2021-01-24
11,1593,1604,15773,13795,1998,44.8,1.21899,1.06612,0.15441,13795,1998,1.06612,0.15441,2021-01-25
29,1522,1551,17324,13824,3520,47.7,1.33886,1.06836,0.27204,13824,3520,1.06836,0.27204,2021-01-26
30,1339,1368,18692,13854,4859,48.3,1.44458,1.07068,0.37552,13854,4859,1.07068,0.37552,2021-01-27
11,1424,1435,20127,13865,6283,52.0,1.55548,1.07153,0.48557,13865,6283,1.07153,0.48557,2021-01-28
71,1315,1386,21513,13936,7598,55.6,1.6626,1.07702,0.5872,13936,7598,1.07702,0.5872,2021-01-29
63,1452,1514,23027,13999,9050,59.5,1.7796,1.08189,0.69941,13999,9050,1.08189,0.69941,2021-01-30
285,1237,1522,24549,14284,10287,63.5,1.89723,1.10391,0.79501,14284,10287,1.10391,0.79501,2021-01-31
269,1365,1634,26183,14553,11652,65.3,2.02351,1.1247,0.9005,14553,11652,1.1247,0.9005,2021-02-01
221,1546,1767,27950,14774,13198,59.3,2.16007,1.14178,1.01998,14774,13198,1.14178,1.01998,2021-02-02
419,1644,2062,30012,15193,14842,63.7,2.31943,1.17416,1.14704,15193,14842,1.17416,1.14704,2021-02-03
613,1076,1688,31700,15806,15918,67.3,2.44988,1.22154,1.2302,15806,15918,1.22154,1.2302,2021-02-04
788,748,1535,33235,16594,16666,70.6,2.56851,1.28244,1.288,16594,16666,1.28244,1.288,2021-02-05
602,1014,1614,34849,17196,17680,74.0,2.69324,1.32896,1.36637,17196,17680,1.32896,1.36637,2021-02-06
200,582,782,35631,17396,18262,75.6,2.75368,1.34442,1.41135,17396,18262,1.34442,1.41135,2021-02-07
486,708,1194,36825,17882,18970,78.2,2.84596,1.38198,1.46606,17882,18970,1.38198,1.46606,2021-02-08
522,410,931,37756,18404,19380,62.1,2.91791,1.42232,1.49775,18404,19380,1.42232,1.49775,2021-02-09
501,445,946,38702,18905,19825,61.3,2.99102,1.46104,1.53214,18905,19825,1.46104,1.53214,2021-02-10
773,43,816,39518,19678,19868,62.6,3.05408,1.52078,1.53546,19678,19868,1.52078,1.53546,2021-02-11
1038,194,1227,40745,20716,20062,64.5,3.14891,1.601,1.55046,20716,20062,1.601,1.55046,2021-02-12
446,428,873,41618,21162,20490,57.3,3.21638,1.63547,1.58353,21162,20490,1.63547,1.58353,2021-02-13
0,0,0,41618,21162,20490,57.3,3.21638,1.63547,1.58353,21162,20490,1.63547,1.58353,2021-02-14
1752,49,1793,43411,22914,20539,59.8,3.35494,1.77087,1.58732,22914,20539,1.77087,1.58732,2021-02-15
1904,16,1916,45327,24818,20555,62.4,3.50302,1.91802,1.58856,24818,20555,1.91802,1.58856,2021-02-16
1790,287,2072,47399,26608,20842,65.3,3.66315,2.05635,1.61074,26608,20842,2.05635,1.61074,2021-02-17
2159,137,2292,49691,28767,20979,57.3,3.84028,2.22321,1.62133,28767,20979,2.22321,1.62133,2021-02-18
3200,125,3301,52992,31967,21104,54.2,4.0954,2.47051,1.63099,31967,21104,2.47051,1.63099,2021-02-19
4704,121,4780,57772,36671,21225,59.1,4.46481,2.83406,1.64034,36671,21225,2.83406,1.64034,2021-02-20
1217,20,1218,58990,37888,21245,60.3,4.55894,2.92811,1.64188,37888,21245,2.92811,1.64188,2021-02-21
2612,49,2642,61632,40500,21294,63.0,4.76312,3.12997,1.64567,40500,21294,3.12997,1.64567,2021-02-22
2769,26,2780,64412,43269,21320,58.8,4.97797,3.34397,1.64768,43269,21320,3.34397,1.64768,2021-02-23
3131,194,3308,67720,46400,21514,59.3,5.23362,3.58594,1.66267,46400,21514,3.58594,1.66267,2021-02-24
2525,550,3056,70776,48925,22064,62.0,5.4698,3.78108,1.70518,48925,22064,3.78108,1.70518,2021-02-25
2953,992,3922,74698,51878,23056,65.4,5.77291,4.0093,1.78184,51878,23056,4.0093,1.78184,2021-02-26
2546,291,2813,77511,54424,23347,62.7,5.9903,4.20607,1.80433,54424,23347,4.20607,1.80433,2021-02-27
1701,24,1702,79213,56125,23371,64.1,6.12184,4.33752,1.80619,56125,23371,4.33752,1.80619,2021-02-28
2726,770,3476,82689,58851,24141,63.6,6.39048,4.5482,1.8657,58851,24141,4.5482,1.8657,2021-03-01
3279,706,3967,86656,62130,24847,59.2,6.69706,4.80161,1.92026,62130,24847,4.80161,1.92026,2021-03-02
3739,932,4646,91302,65869,25779,62.4,7.05612,5.09057,1.99229,65869,25779,5.09057,1.99229,2021-03-03
5015,977,5944,97246,70884,26756,65.9,7.51549,5.47815,2.06779,70884,26756,5.47815,2.06779,2021-03-04
4650,754,5347,102593,75534,27510,69.6,7.92872,5.83752,2.12606,75534,27510,5.83752,2.12606,2021-03-05
3610,618,4182,106775,79144,28128,72.4,8.25192,6.11651,2.17382,79144,28128,6.11651,2.17382,2021-03-06
2522,43,2522,109297,81666,28171,74.1,8.44683,6.31142,2.17715,81666,28171,6.31142,2.17715,2021-03-07
4176,1068,5154,114451,85842,29239,77.6,8.84515,6.63415,2.25969,85842,29239,6.63415,2.25969,2021-03-08
4238,1028,5177,119628,90080,30267,72.5,9.24524,6.96168,2.33913,90080,30267,6.96168,2.33913,2021-03-09
4093,1020,5051,124679,94173,31287,69.5,9.6356,7.278,2.41796,94173,31287,7.278,2.41796,2021-03-10
4354,1219,5494,130173,98527,32506,72.5,10.0602,7.61449,2.51217,98527,32506,7.61449,2.51217,2021-03-11
4434,1692,6045,136218,102961,34198,75.9,10.52737,7.95716,2.64293,102961,34198,7.95716,2.64293,2021-03-12
3079,1108,4122,140340,106040,35306,75.9,10.84594,8.19512,2.72856,106040,35306,8.19512,2.72856,2021-03-13
1217,688,1888,142228,107257,35994,76.9,10.99185,8.28917,2.78173,107257,35994,8.28917,2.78173,2021-03-14
1870,1837,3678,145906,109127,37831,72.0,11.27609,8.43369,2.9237,109127,37831,8.43369,2.9237,2021-03-15
1832,1678,3489,149395,110959,39509,73.8,11.54574,8.57528,3.05338,110959,39509,8.57528,3.05338,2021-03-16
2798,1758,4539,153934,113757,41267,76.0,11.89652,8.79151,3.18925,113757,41267,8.79151,3.18925,2021-03-17
2065,1857,3901,157835,115822,43124,77.9,12.19801,8.9511,3.33276,115822,43124,8.9511,3.33276,2021-03-18
2776,3061,5800,163635,118598,46185,80.8,12.64625,9.16564,3.56933,118598,46185,9.16564,3.56933,2021-03-19
2624,2224,4795,168430,121222,48409,83.2,13.01682,9.36843,3.74121,121222,48409,9.36843,3.74121,2021-03-20
843,1298,2134,170564,122065,49707,84.2,13.18174,9.43358,3.84152,122065,49707,9.43358,3.84152,2021-03-21
2378,2039,4348,174912,124443,51746,72.0,13.51777,9.61736,3.9991,124443,51746,9.61736,3.9991,2021-03-22
2268,2628,4837,179749,126711,54374,74.0,13.89159,9.79264,4.2022,126711,54374,9.79264,4.2022,2021-03-23
4138,2395,6393,186142,130849,56769,76.6,14.38566,10.11244,4.38729,130849,56769,10.11244,4.38729,2021-03-24
3180,2733,5804,191946,134029,59502,77.1,14.83422,10.3582,4.59851,134029,59502,10.3582,4.59851,2021-03-25
3282,2189,5365,197311,137311,61691,79.3,15.24884,10.61184,4.76768,137311,61691,10.61184,4.76768,2021-03-26
3633,2565,6126,203437,140944,64256,81.7,15.72228,10.89261,4.96591,140944,64256,10.89261,4.96591,2021-03-27
2045,428,2433,205870,142989,64684,82.7,15.91031,11.05066,4.99899,142989,64684,11.05066,4.99899,2021-03-28
3073,2697,5714,211584,146062,67381,77.0,16.3519,11.28815,5.20742,146062,67381,11.28815,5.20742,2021-03-29
3302,1979,5127,216711,149364,69360,78.9,16.74814,11.54334,5.36037,149364,69360,11.54334,5.36037,2021-03-30
4652,2156,6723,223434,154016,71516,81.3,17.26771,11.90286,5.52699,154016,71516,11.90286,5.52699,2021-03-31
3507,2194,5627,229061,157523,73710,83.3,17.70258,12.17389,5.69655,157523,73710,12.17389,5.69655,2021-04-01
5208,1581,6698,235759,162731,75291,82.0,18.22023,12.57638,5.81874,162731,75291,12.57638,5.81874,2021-04-02
3568,1679,5166,240925,166299,76970,75.9,18.61947,12.85213,5.94849,166299,76970,12.85213,5.94849,2021-04-03
1503,168,1632,242557,167802,77138,76.4,18.7456,12.96829,5.96148,167802,77138,12.96829,5.96148,2021-04-04
1812,955,2692,245249,169614,78093,77.3,18.95365,13.10833,6.03528,169614,78093,13.10833,6.03528,2021-04-05
5356,2451,7677,252926,174970,80544,71.0,19.54695,13.52225,6.2247,174970,80544,13.52225,6.2247,2021-04-06
5351,3355,8572,261498,180321,83899,73.4,20.20942,13.9358,6.48399,180321,83899,13.9358,6.48399,2021-04-07
5063,2462,7401,268899,185384,86361,75.5,20.7814,14.32708,6.67426,185384,86361,14.32708,6.67426,2021-04-08
6389,2733,8993,277892,191773,89094,78.0,21.4764,14.82085,6.88548,191773,89094,14.82085,6.88548,2021-04-09
6268,2645,8779,286671,198041,91739,80.5,22.15487,15.30526,7.08989,198041,91739,15.30526,7.08989,2021-04-10
4891,543,5379,292050,202932,92282,82.0,22.57058,15.68325,7.13186,202932,92282,15.68325,7.13186,2021-04-11
5065,1251,6239,298289,207997,93533,83.8,23.05275,16.07469,7.22854,207997,93533,16.07469,7.22854,2021-04-12
4655,1330,5893,304182,212652,94863,84.8,23.50818,16.43444,7.33132,212652,94863,16.43444,7.33132,2021-04-13
4481,2248,6604,310786,217133,97111,79.1,24.01856,16.78075,7.50506,217133,97111,16.78075,7.50506,2021-04-14
6003,1997,7847,318633,223136,99108,80.7,24.625,17.24468,7.65939,223136,99108,17.24468,7.65939,2021-04-15
5628,2042,7545,326178,228764,101150,82.6,25.2081,17.67963,7.8172,228764,101150,17.67963,7.8172,2021-04-16
4306,3150,7360,333538,233070,104300,84.5,25.77691,18.01241,8.06065,233070,104300,18.01241,8.06065,2021-04-17
4876,1089,5821,339359,237946,105389,86.0,26.22678,18.38925,8.14481,237946,105389,18.38925,8.14481,2021-04-18
3861,2446,6236,345595,241807,107835,85.7,26.70871,18.68764,8.33384,241807,107835,18.68764,8.33384,2021-04-19
4181,1530,5638,351233,245988,109365,87.1,27.14444,19.01076,8.45209,245988,109365,19.01076,8.45209,2021-04-20
4717,1754,6391,357624,250705,111119,80.1,27.63835,19.3753,8.58764,250705,111119,19.3753,8.58764,2021-04-21
5003,1902,6739,364363,255708,113021,80.9,28.15917,19.76195,8.73463,255708,113021,19.76195,8.73463,2021-04-22
5110,2460,7418,371781,260818,115481,82.6,28.73245,20.15687,8.92475,260818,115481,20.15687,8.92475,2021-04-23
7199,1786,8734,380515,268017,117267,84.5,29.40745,20.71323,9.06278,268017,117267,20.71323,9.06278,2021-04-24
8264,1012,9073,389588,276281,118279,86.5,30.10864,21.3519,9.14099,276281,118279,21.3519,9.14099,2021-04-25
7349,1403,8563,398151,283630,119682,86.9,30.77041,21.91986,9.24942,283630,119682,21.91986,9.24942,2021-04-26
6629,2575,9099,407250,290259,122257,88.9,31.47361,22.43217,9.44842,290259,122257,22.43217,9.44842,2021-04-27
7490,2499,9519,416769,297749,124756,82.5,32.20927,23.01102,9.64155,297749,124756,23.01102,9.64155,2021-04-28
9586,3827,12686,429455,307335,128583,85.1,33.18969,23.75186,9.93732,307335,128583,23.75186,9.93732,2021-04-29
6786,6450,12519,441974,314121,135033,87.5,34.1572,24.2763,10.43579,314121,135033,24.2763,10.43579,2021-04-30
5769,5118,10756,452730,319890,140151,81.8,34.98846,24.72215,10.83133,319890,140151,24.72215,10.83133,2021-05-01
5231,5386,10464,463194,325121,145537,83.7,35.79715,25.12642,11.24758,325121,145537,25.12642,11.24758,2021-05-02
7322,4586,11160,474354,332443,150123,85.7,36.65963,25.69228,11.602,332443,150123,25.69228,11.602,2021-05-03
7220,4291,10855,485209,339663,154414,87.6,37.49854,26.25027,11.93362,339663,154414,26.25027,11.93362,2021-05-04
6452,5804,11671,496880,346115,160218,82.9,38.40051,26.7489,12.38217,346115,160218,26.7489,12.38217,2021-05-05
7978,6237,13040,509920,354093,166455,85.1,39.40829,27.36547,12.86419,354093,166455,27.36547,12.86419,2021-05-06
7798,4623,12225,522145,361891,171078,86.0,40.35308,27.96812,13.22147,361891,171078,27.96812,13.22147,2021-05-07
6456,4319,10294,532439,368347,175397,87.7,41.14863,28.46706,13.55525,368347,175397,28.46706,13.55525,2021-05-08
4291,5449,9167,541606,372638,180846,89.2,41.85709,28.79869,13.97637,372638,180846,28.79869,13.97637,2021-05-09
5461,4817,10119,551725,378099,185663,90.9,42.63912,29.22073,14.34864,378099,185663,29.22073,14.34864,2021-05-10
5905,5081,10768,562493,384004,190744,92.7,43.4713,29.67709,14.74132,384004,190744,29.67709,14.74132,2021-05-11
6045,3827,9627,572120,390049,194571,87.8,44.21531,30.14426,15.03708,390049,194571,30.14426,15.03708,2021-05-12
7188,4359,11153,583273,397237,198930,89.5,45.07725,30.69978,15.37396,397237,198930,30.69978,15.37396,2021-05-13
5444,5362,10620,593893,402681,204292,86.0,45.898,31.12051,15.78836,402681,204292,31.12051,15.78836,2021-05-14
6115,5784,11444,605337,408796,210076,87.6,46.78243,31.59309,16.23536,408796,210076,31.59309,16.23536,2021-05-15
5770,3995,9584,614921,414566,214071,89.0,47.52311,32.03902,16.54411,414566,214071,32.03902,16.54411,2021-05-16
6181,5027,11042,625963,420747,219098,90.6,48.37647,32.51671,16.93261,420747,219098,32.51671,16.93261,2021-05-17
7730,5344,12123,638086,428477,224442,92.3,49.31338,33.11411,17.34561,428477,224442,33.11411,17.34561,2021-05-18
7697,3609,10735,648821,436174,228051,88.2,50.14301,33.70896,17.62453,436174,228051,33.70896,17.62453,2021-05-19
7556,5876,12824,661645,443730,233927,89.3,51.13409,34.29291,18.07865,443730,233927,34.29291,18.07865,2021-05-20
8043,5599,13023,674668,451773,239526,90.2,52.14055,34.9145,18.51135,451773,239526,34.9145,18.51135,2021-05-21
8242,6321,13161,687829,460015,245847,92.0,53.15768,35.55147,18.99986,460015,245847,35.55147,18.99986,2021-05-22
7186,2876,9878,697707,467201,248723,93.3,53.92108,36.10682,19.22213,467201,248723,36.10682,19.22213,2021-05-23
8886,3775,12227,709934,476087,252498,93.2,54.86603,36.79356,19.51387,476087,252498,36.79356,19.51387,2021-05-24
8275,4104,11419,721353,484362,256602,94.7,55.74852,37.43308,19.83104,484362,256602,37.43308,19.83104,2021-05-25
8555,5691,13561,734914,492917,262293,91.2,56.79656,38.09424,20.27086,492917,262293,38.09424,20.27086,2021-05-26
8497,5643,13333,748247,501414,267936,92.8,57.82698,38.75092,20.70697,501414,267936,38.75092,20.70697,2021-05-27
7659,6648,14027,762274,509073,274584,94.6,58.91103,39.34283,21.22075,509073,274584,39.34283,21.22075,2021-05-28
4545,5966,10319,772593,513618,280550,95.9,59.70852,39.69408,21.68182,513618,280550,39.69408,21.68182,2021-05-29
5400,3485,8662,781255,519018,284035,94.5,60.37795,40.11141,21.95116,519018,284035,40.11141,21.95116,2021-05-30
6896,6523,11341,792596,525914,290558,95.9,61.25442,40.64436,22.45527,525914,290558,40.64436,22.45527,2021-05-31
6631,5684,10995,803591,532545,296242,89.6,62.10415,41.15682,22.89455,532545,296242,41.15682,22.89455,2021-06-01
6954,3728,9772,813363,539499,299970,90.7,62.85936,41.69425,23.18266,539499,299970,41.69425,23.18266,2021-06-02
9421,4058,13206,826569,548920,304028,92.1,63.87996,42.42234,23.49628,548920,304028,42.42234,23.49628,2021-06-03
10944,5224,15647,842216,559864,309252,90.1,65.08921,43.26812,23.90001,559864,309252,43.26812,23.90001,2021-06-04
10567,4642,14618,856834,570431,313894,91.6,66.21894,44.08478,24.25876,570431,313894,44.08478,24.25876,2021-06-05
8909,2515,11150,867984,579340,316409,92.1,67.08065,44.77329,24.45312,579340,316409,44.77329,24.45312,2021-06-06
9256,2286,11105,879089,588596,318695,93.3,67.93888,45.48863,24.62979,588596,318695,45.48863,24.62979,2021-06-07
10675,3663,12870,891959,599271,322358,94.6,68.93351,46.31363,24.91288,599271,322358,46.31363,24.91288,2021-06-08
9913,3273,11603,903562,609184,325631,90.1,69.83023,47.07974,25.16583,609184,325631,47.07974,25.16583,2021-06-09
10553,3335,12732,916294,619737,328966,91.4,70.8142,47.89531,25.42357,619737,328966,47.89531,25.42357,2021-06-10
9021,3671,11794,928088,628758,332637,92.3,71.72568,48.59248,25.70728,628758,332637,48.59248,25.70728,2021-06-11
10071,2075,11422,939510,638829,334712,93.4,72.60841,49.3708,25.86764,638829,334712,49.3708,25.86764,2021-06-12
8013,2106,9848,949358,646842,336818,94.4,73.3695,49.99007,26.0304,646842,336818,49.99007,26.0304,2021-06-13
7603,3660,10998,960356,654445,340478,94.7,74.21946,50.57765,26.31326,654445,340478,50.57765,26.31326,2021-06-14
8890,2717,11333,971689,663335,343195,95.9,75.09531,51.2647,26.52323,663335,343195,51.2647,26.52323,2021-06-15
8203,2972,10896,982585,671538,346167,90.8,75.93739,51.89866,26.75292,671538,346167,51.89866,26.75292,2021-06-16
7459,3677,10914,993499,678997,349844,91.4,76.78086,52.47511,27.03709,678997,349844,52.47511,27.03709,2021-06-17
6698,3711,10199,1003698,685695,353555,92.3,77.56907,52.99276,27.32389,685695,353555,52.99276,27.32389,2021-06-18
6656,4088,10560,1014258,692351,357643,93.3,78.38518,53.50715,27.63982,692351,357643,53.50715,27.63982,2021-06-19
5513,3135,8445,1022703,697864,360778,92.7,79.03784,53.93322,27.88211,697864,360778,53.93322,27.88211,2021-06-20
5060,6184,11060,1033763,702924,366962,93.7,79.89259,54.32427,28.36003,702924,366962,54.32427,28.36003,2021-06-21
5563,5210,10410,1044173,708487,372172,94.7,80.69711,54.7542,28.76267,708487,372172,54.7542,28.76267,2021-06-22
5725,5477,11022,1055195,714212,377649,88.6,81.54893,55.19664,29.18595,714212,377649,55.19664,29.18595,2021-06-23
5894,5304,10877,1066072,720106,382953,89.5,82.38954,55.65215,29.59586,720106,382953,55.65215,29.59586,2021-06-24
5046,6203,11062,1077134,725152,389156,90.4,83.24444,56.04212,30.07525,725152,389156,56.04212,30.07525,2021-06-25
5851,4386,10055,1087189,731003,393542,90.4,84.02153,56.49431,30.41422,731003,393542,56.49431,30.41422,2021-06-26
5155,3358,8365,1095554,736158,396900,91.1,84.668,56.8927,30.67373,736158,396900,56.8927,30.67373,2021-06-27
5476,4779,10065,1105619,741634,401679,91.9,85.44586,57.31591,31.04307,741634,401679,57.31591,31.04307,2021-06-28
5431,6259,11428,1117047,747065,407938,92.8,86.32905,57.73563,31.52679,747065,407938,57.73563,31.52679,2021-06-29
4660,6687,11171,1128218,751725,414625,88.1,87.19238,58.09577,32.04358,751725,414625,58.09577,32.04358,2021-06-30
5990,7068,12766,1140984,757715,421693,89.1,88.17898,58.5587,32.58982,757715,421693,58.5587,32.58982,2021-07-01
5009,7032,11838,1152822,762724,428725,89.1,89.09386,58.94581,33.13327,762724,428725,58.94581,33.13327,2021-07-02
3642,6712,10195,1163017,766366,435437,89.9,89.88176,59.22728,33.652,766366,435437,59.22728,33.652,2021-07-03
3455,5056,8377,1171394,769821,440493,88.0,90.52917,59.49429,34.04274,769821,440493,59.49429,34.04274,2021-07-04
4235,6891,10913,1182307,774056,447384,88.8,91.37256,59.82158,34.5753,774056,447384,59.82158,34.5753,2021-07-05
4473,6174,10463,1192770,778529,453558,89.6,92.18117,60.16727,35.05245,778529,453558,60.16727,35.05245,2021-07-06
4266,8062,12077,1204847,782795,461620,87.4,93.11452,60.49696,35.67551,782795,461620,60.49696,35.67551,2021-07-07
3572,10140,13507,1218354,786367,471760,88.3,94.15839,60.77302,36.45916,786367,471760,60.77302,36.45916,2021-07-08
3019,10759,13614,1231968,789386,482519,89.3,95.21052,61.00634,37.29065,789386,482519,61.00634,37.29065,2021-07-09
3172,10129,13127,1245095,792558,492648,89.7,96.22502,61.25148,38.07345,792558,492648,61.25148,38.07345,2021-07-10
2497,7545,9892,1254987,795055,500193,90.4,96.98951,61.44446,38.65655,795055,500193,61.44446,38.65655,2021-07-11
2470,12755,15082,1270069,797525,512948,91.5,98.15509,61.63535,39.6423,797525,512948,61.63535,39.6423,2021-07-12
2997,12732,15530,1285599,800522,525680,92.6,99.3553,61.86696,40.62627,800522,525680,61.86696,40.62627,2021-07-13
2585,11320,13728,1299327,803107,537000,90.8,100.41625,62.06674,41.50112,803107,537000,62.06674,41.50112,2021-07-14
3305,12847,15950,1315277,806412,549847,91.9,101.64892,62.32216,42.49398,806412,549847,62.32216,42.49398,2021-07-15
2574,13717,16153,1331430,808986,563564,93.1,102.89727,62.52109,43.55407,808986,563564,62.52109,43.55407,2021-07-16
2820,11464,14095,1345525,811806,575028,94.0,103.98658,62.73903,44.44005,811806,575028,62.73903,44.44005,2021-07-17
2115,10223,12206,1357731,813921,585251,93.4,104.9299,62.90248,45.23011,813921,585251,62.90248,45.23011,2021-07-18
2833,9140,11780,1369511,816754,594391,94.3,105.8403,63.12143,45.93648,816754,594391,63.12143,45.93648,2021-07-19
3409,9397,12591,1382102,820163,603788,95.1,106.81337,63.38488,46.66271,820163,603788,63.38488,46.66271,2021-07-20
2559,8678,11081,1393183,822722,612466,93.2,107.66975,63.58265,47.33338,822722,612466,63.58265,47.33338,2021-07-21
3720,11024,14500,1407683,826442,623490,94.2,108.79035,63.87015,48.18535,826442,623490,63.87015,48.18535,2021-07-22
3005,9756,12578,1420261,829447,633246,95.0,109.76242,64.10238,48.93933,829447,633246,64.10238,48.93933,2021-07-23
4045,8844,12638,1432899,833492,642090,95.8,110.73913,64.41499,49.62282,833492,642090,64.41499,49.62282,2021-07-24
2292,7703,9864,1442763,835784,649793,96.3,111.50145,64.59213,50.21813,835784,649793,64.59213,50.21813,2021-07-25
4063,10443,14263,1457026,839847,660236,96.5,112.60374,64.90613,51.0252,839847,660236,64.90613,51.0252,2021-07-26
3510,11849,15142,1472168,843357,672085,96.2,113.77397,65.17739,51.94093,843357,672085,65.17739,51.94093,2021-07-27
3601,9891,13281,1485449,846958,681976,94.0,114.80037,65.45569,52.70534,846958,681976,65.45569,52.70534,2021-07-28
4127,11284,15179,1500628,851085,693260,94.9,115.97345,65.77464,53.5774,851085,693260,65.77464,53.5774,2021-07-29
4016,8346,12092,1512720,855101,701606,95.7,116.90796,66.08501,54.22241,855101,701606,66.08501,54.22241,2021-07-30
3671,8311,11741,1524461,858772,709917,96.4,117.81534,66.36871,54.86471,858772,709917,66.36871,54.86471,2021-07-31
2105,5586,7571,1532032,860877,715503,96.9,118.40045,66.5314,55.29642,860877,715503,66.5314,55.29642,2021-08-01
3799,10347,13860,1545892,864676,725850,97.8,119.4716,66.82499,56.09607,864676,725850,66.82499,56.09607,2021-08-02
3812,9123,12723,1558615,868488,734973,97.6,120.45487,67.1196,56.80112,868488,734973,67.1196,56.80112,2021-08-03
4540,6619,10884,1569499,873028,741592,95.4,121.29603,67.47046,57.31266,873028,741592,67.47046,57.31266,2021-08-04
4984,9249,13901,1583400,878012,750841,96.2,122.37034,67.85564,58.02745,878012,750841,67.85564,58.02745,2021-08-05
3918,7031,10672,1594072,881930,757872,96.9,123.19511,68.15844,58.57083,881930,757872,68.15844,58.57083,2021-08-06
1929,4688,6492,1600564,883859,762560,97.2,123.69683,68.30752,58.93314,883859,762560,68.30752,58.93314,2021-08-07
1978,2573,4457,1605021,885837,765133,96.6,124.04128,68.46039,59.13199,885837,765133,68.46039,59.13199,2021-08-08
3288,7641,10712,1615733,889125,772774,97.2,124.86914,68.71449,59.72251,889125,772774,68.71449,59.72251,2021-08-09
3605,5931,9269,1625002,892730,778705,97.8,125.58548,68.9931,60.18087,892730,778705,68.9931,60.18087,2021-08-10
2766,5691,8277,1633279,895496,784396,95.5,126.22515,69.20686,60.62069,895496,784396,69.20686,60.62069,2021-08-11
3357,5612,8771,1642050,898853,790008,95.7,126.903,69.4663,61.05441,898853,790008,69.4663,61.05441,2021-08-12
2117,5156,7123,1649173,900970,795164,94.7,127.45349,69.62991,61.45288,900970,795164,69.62991,61.45288,2021-08-13
101,35,128,1649301,901071,795199,94.7,127.46339,69.63772,61.45558,901071,795199,69.63772,61.45558,2021-08-14
0,0,0,1649301,901071,795199,94.7,127.46339,69.63772,61.45558,901071,795199,69.63772,61.45558,2021-08-15
2398,3860,6098,1655399,903469,799059,95.1,127.93466,69.82304,61.7539,903469,799059,69.82304,61.7539,2021-08-16
3039,3783,6581,1661980,906508,802842,95.5,128.44326,70.05791,62.04626,906508,802842,70.05791,62.04626,2021-08-17
3272,4321,7382,1669362,909780,807163,92.2,129.01376,70.31078,62.3802,909780,807163,70.31078,62.3802,2021-08-18
3445,3479,6720,1676082,913225,810642,92.6,129.53311,70.57702,62.64907,913225,810642,70.57702,62.64907,2021-08-19
2162,4061,6049,1682131,915387,814703,92.9,130.0006,70.74411,62.96292,915387,814703,70.74411,62.96292,2021-08-20
1849,2117,3840,1685971,917236,816820,93.1,130.29736,70.887,63.12653,917236,816820,70.887,63.12653,2021-08-21
587,1297,1830,1687801,917823,818117,93.2,130.43879,70.93237,63.22676,917823,818117,70.93237,63.22676,2021-08-22
1796,4285,5921,1693722,919619,822402,93.5,130.89639,71.07117,63.55792,919619,822402,71.07117,63.55792,2021-08-23
2026,4504,6364,1700086,921645,826906,92.2,131.38822,71.22775,63.906,921645,826906,71.22775,63.906,2021-08-24
2544,4781,7129,1707215,924189,831687,92.5,131.93917,71.42435,64.2755,924189,831687,71.42435,64.2755,2021-08-25
2163,3812,5803,1713018,926352,835499,87.6,132.38764,71.59152,64.5701,926352,835499,71.59152,64.5701,2021-08-26
2630,5528,7989,1721007,928982,841027,88.0,133.00506,71.79477,64.99732,928982,841027,71.79477,64.99732,2021-08-27
739,1615,2302,1723309,929721,842642,88.2,133.18297,71.85189,65.12213,929721,842642,71.85189,65.12213,2021-08-28
533,950,1466,1724775,930254,843592,88.2,133.29626,71.89308,65.19555,930254,843592,71.89308,65.19555,2021-08-29
2076,5491,7419,1732194,932330,849083,88.6,133.86963,72.05352,65.61992,932330,849083,72.05352,65.61992,2021-08-30
1789,4728,6384,1738578,934119,853811,88.9,134.363,72.19178,65.98531,934119,853811,72.19178,65.98531,2021-08-31
1663,5313,6845,1745423,935782,859124,88.6,134.89201,72.3203,66.39592,935782,859124,72.3203,66.39592,2021-09-01
1991,4263,6106,1751529,937773,863387,87.7,135.3639,72.47417,66.72538,937773,863387,72.47417,66.72538,2021-09-02
1957,4116,5937,1757466,939730,867503,88.0,135.82273,72.62541,67.04347,939730,867503,72.62541,67.04347,2021-09-03
800,1428,2141,1759607,940530,868931,88.1,135.98819,72.68724,67.15383,940530,868931,72.68724,67.15383,2021-09-04
465,994,1429,1761036,940995,869925,88.1,136.09863,72.72318,67.23065,940995,869925,72.72318,67.23065,2021-09-05
2348,4028,6219,1767255,943343,873953,88.4,136.57926,72.90464,67.54195,943343,873953,72.90464,67.54195,2021-09-06
1578,3904,5350,1772605,944921,877857,87.1,136.99272,73.02659,67.84367,944921,877857,73.02659,67.84367,2021-09-07
1693,2855,4425,1777030,946614,880712,85.5,137.3347,73.15743,68.06431,946614,880712,73.15743,68.06431,2021-09-08
1468,5679,6996,1784026,948082,886391,85.9,137.87537,73.27088,68.5032,948082,886391,73.27088,68.5032,2021-09-09
1614,3436,4936,1788962,949696,889827,86.1,138.25684,73.39562,68.76875,949696,889827,73.39562,68.76875,2021-09-10
1156,1340,2385,1791347,950852,891167,86.2,138.44117,73.48496,68.87231,950852,891167,73.48496,68.87231,2021-09-11
824,853,1610,1792957,951676,892020,86.3,138.56559,73.54864,68.93823,951676,892020,73.54864,68.93823,2021-09-12
1133,3548,4585,1797542,952809,895568,86.5,138.91994,73.6362,69.21243,952809,895568,73.6362,69.21243,2021-09-13
871,3119,3907,1801449,953680,898687,86.7,139.22188,73.70352,69.45348,953680,898687,73.70352,69.45348,2021-09-14
1595,4637,6101,1807550,955275,903324,86.4,139.69339,73.82678,69.81184,955275,903324,73.82678,69.81184,2021-09-15
1061,2215,3173,1810723,956336,905539,85.4,139.93861,73.90878,69.98302,956336,905539,73.90878,69.98302,2021-09-16
1633,3819,5335,1816058,957969,909358,85.9,140.35091,74.03498,70.27817,957969,909358,74.03498,70.27817,2021-09-17
1033,1477,2427,1818485,959002,910835,86.0,140.53848,74.11482,70.39231,959002,910835,74.11482,70.39231,2021-09-18
605,932,1493,1819978,959607,911767,86.1,140.65386,74.16157,70.46434,959607,911767,74.16157,70.46434,2021-09-19
1741,2824,4424,1824402,961348,914591,86.3,140.99576,74.29612,70.68259,961348,914591,74.29612,70.68259,2021-09-20
1758,2112,3773,1828175,963106,916703,86.4,141.28735,74.43199,70.84581,963106,916703,74.43199,70.84581,2021-09-21
2066,2744,4685,1832860,965172,919447,85.2,141.64943,74.59165,71.05788,965172,919447,74.59165,71.05788,2021-09-22
1491,1698,3054,1835914,966663,921145,85.3,141.88545,74.70688,71.1891,966663,921145,74.70688,71.1891,2021-09-23
1818,3061,4727,1840641,968481,924206,85.5,142.25077,74.84738,71.42567,968481,924206,74.84738,71.42567,2021-09-24
1267,1435,2625,1843266,969748,925641,85.6,142.45364,74.9453,71.53657,969748,925641,74.9453,71.53657,2021-09-25
615,898,1455,1844721,970363,926539,85.7,142.56608,74.99283,71.60597,970363,926539,74.99283,71.60597,2021-09-26
1900,2095,3871,1848592,972263,928634,85.9,142.86525,75.13967,71.76788,972263,928634,75.13967,71.76788,2021-09-27
1483,1684,3046,1851638,973746,930318,86.4,143.10065,75.25428,71.89802,973746,930318,75.25428,71.89802,2021-09-28
1809,1744,3435,1855073,975555,932062,82.7,143.36612,75.39409,72.03281,975555,932062,75.39409,72.03281,2021-09-29
2171,2433,4460,1859533,977726,934495,82.9,143.7108,75.56187,72.22084,977726,934495,75.56187,72.22084,2021-09-30
1141,1240,2297,1861830,978867,935735,83.0,143.88832,75.65005,72.31667,978867,935735,75.65005,72.31667,2021-10-01
914,849,1680,1863510,979781,936584,83.1,144.01816,75.72069,72.38228,979781,936584,75.72069,72.38228,2021-10-02
156,195,335,1863845,979937,936779,83.1,144.04405,75.73274,72.39735,979937,936779,75.73274,72.39735,2021-10-03
872,1154,1971,1865816,980809,937933,83.2,144.19637,75.80013,72.48654,980809,937933,75.80013,72.48654,2021-10-04
978,953,1860,1867676,981787,938886,83.3,144.34012,75.87572,72.56019,981787,938886,75.87572,72.56019,2021-10-05
1306,1337,2549,1870225,983093,940223,82.5,144.53712,75.97665,72.66351,983093,940223,75.97665,72.66351,2021-10-06
978,882,1780,1872005,984071,941105,82.6,144.67468,76.05223,72.73168,984071,941105,76.05223,72.73168,2021-10-07
1583,1662,3124,1875129,985654,942767,82.7,144.91611,76.17457,72.86012,985654,942767,76.17457,72.86012,2021-10-08
909,977,1789,1876918,986563,943744,82.8,145.05437,76.24482,72.93563,986563,943744,76.24482,72.93563,2021-10-09
139,191,313,1877231,986702,943935,82.8,145.07856,76.25556,72.95039,986702,943935,76.25556,72.95039,2021-10-10
1442,1277,2614,1879845,988144,945212,82.9,145.28058,76.36701,73.04908,988144,945212,76.36701,73.04908,2021-10-11
1247,1633,2792,1882637,989391,946845,83.0,145.49636,76.46338,73.17528,989391,946845,76.46338,73.17528,2021-10-12
1645,1409,2979,1885616,991036,948254,83.2,145.72658,76.59051,73.28418,991036,948254,76.59051,73.28418,2021-10-13
1457,1138,2520,1888136,992493,949392,83.3,145.92134,76.70311,73.37212,992493,949392,76.70311,73.37212,2021-10-14
1872,1559,3310,1891446,994365,950951,83.4,146.17714,76.84779,73.49261,994365,950951,76.84779,73.49261,2021-10-15
1142,1148,2184,1893630,995507,952099,83.5,146.34593,76.93604,73.58133,995507,952099,76.93604,73.58133,2021-10-16
173,308,462,1894092,995680,952407,83.5,146.38164,76.94941,73.60513,995680,952407,76.94941,73.60513,2021-10-17
1105,1309,2318,1896410,996785,953716,83.6,146.56078,77.03481,73.7063,996785,953716,77.03481,73.7063,2021-10-18
844,1232,2007,1898417,997629,954948,83.7,146.71589,77.10004,73.80151,997629,954948,77.10004,73.80151,2021-10-19
679,1810,2409,1900826,998308,956758,83.8,146.90206,77.15251,73.94139,998308,956758,77.15251,73.94139,2021-10-20
820,1377,2125,1902951,999128,958135,83.9,147.06629,77.21589,74.04781,999128,958135,77.21589,74.04781,2021-10-21
703,1477,2133,1905084,999831,959612,84.0,147.23113,77.27022,74.16196,999831,959612,77.27022,74.16196,2021-10-22
467,960,1370,1906454,1000298,960572,84.1,147.33701,77.30631,74.23615,1000298,960572,77.30631,74.23615,2021-10-23
76,204,274,1906728,1000374,960776,84.1,147.35819,77.31218,74.25192,1000374,960776,77.31218,74.25192,2021-10-24
602,1607,2166,1908894,1000976,962383,84.2,147.52558,77.3587,74.37611,1000976,962383,77.3587,74.37611,2021-10-25
472,1188,1618,1910512,1001448,963571,84.3,147.65063,77.39518,74.46792,1001448,963571,77.39518,74.46792,2021-10-26
594,1404,1953,1912465,1002042,964975,84.4,147.80156,77.44109,74.57643,1002042,964975,77.44109,74.57643,2021-10-27
548,1697,2193,1914658,1002590,966672,84.4,147.97104,77.48344,74.70758,1002590,966672,77.48344,74.70758,2021-10-28
483,1696,2132,1916790,1003073,968368,84.5,148.13581,77.52077,74.83865,1003073,968368,77.52077,74.83865,2021-10-29
383,1273,1622,1918412,1003456,969641,84.6,148.26116,77.55037,74.93703,1003456,969641,77.55037,74.93703,2021-10-30
45,104,145,1918557,1003501,969745,84.6,148.27237,77.55385,74.94507,1003501,969745,77.55385,74.94507,2021-10-31
27,133,159,1918716,1003528,969878,84.6,148.28466,77.55593,74.95535,1003528,969878,77.55593,74.95535,2021-11-01
445,1685,2098,1920814,1003973,971563,84.7,148.4468,77.59032,75.08557,1003973,971563,77.59032,75.08557,2021-11-02
518,1897,2346,1923160,1004491,973460,84.8,148.62811,77.63036,75.23218,1004491,973460,77.63036,75.23218,2021-11-03
396,1161,1521,1924681,1004887,974621,84.9,148.74565,77.66096,75.3219,1004887,974621,77.66096,75.3219,2021-11-04
489,1759,2221,1926902,1005376,976380,85.0,148.9173,77.69875,75.45785,1005376,976380,77.69875,75.45785,2021-11-05
302,914,1180,1928082,1005678,977294,85.0,149.00849,77.72209,75.52848,1005678,977294,77.72209,75.52848,2021-11-06
55,149,202,1928284,1005733,977443,85.0,149.02411,77.72634,75.54,1005733,977443,77.72634,75.54,2021-11-07
433,1302,1708,1929992,1006166,978745,85.1,149.15611,77.75981,75.64062,1006166,978745,77.75981,75.64062,2021-11-08
472,1127,1561,1931553,1006638,979872,85.2,149.27674,77.79628,75.72772,1006638,979872,77.79628,75.72772,2021-11-09
466,1207,1656,1933209,1007104,981079,85.3,149.40473,77.8323,75.821,1007104,981079,77.8323,75.821,2021-11-10
470,938,1384,1934593,1007574,982017,85.3,149.51169,77.86862,75.89349,1007574,982017,77.86862,75.89349,2021-11-11
481,1566,2028,1936621,1008055,983583,85.4,149.66842,77.90579,76.01452,1008055,983583,77.90579,76.01452,2021-11-12
340,861,1175,1937796,1008395,984444,85.5,149.75922,77.93207,76.08106,1008395,984444,77.93207,76.08106,2021-11-13
80,152,227,1938023,1008475,984596,85.5,149.77677,77.93825,76.0928,1008475,984596,77.93825,76.0928,2021-11-14
408,905,1296,1939319,1008883,985501,85.5,149.87693,77.96978,76.16275,1008883,985501,77.96978,76.16275,2021-11-15
395,648,1027,1940346,1009278,986149,85.6,149.9563,78.00031,76.21283,1009278,986149,78.00031,76.21283,2021-11-16
404,629,1023,1941369,1009682,986778,85.6,150.03536,78.03153,76.26144,1009682,986778,78.03153,76.26144,2021-11-17
456,703,1143,1942512,1010138,987481,85.7,150.12369,78.06677,76.31577,1010138,987481,78.06677,76.31577,2021-11-18
495,667,1144,1943656,1010633,988148,85.7,150.2121,78.10503,76.36732,1010633,988148,78.10503,76.36732,2021-11-19
305,406,698,1944354,1010938,988554,85.8,150.26605,78.1286,76.39869,1010938,988554,78.1286,76.39869,2021-11-20
67,85,150,1944504,1011005,988639,85.8,150.27764,78.13378,76.40526,1011005,988639,78.13378,76.40526,2021-11-21
481,468,943,1945447,1011486,989107,84.2,150.35052,78.17095,76.44143,1011486,989107,78.17095,76.44143,2021-11-22
495,497,981,1946428,1011981,989604,84.3,150.42633,78.20921,76.47984,1011981,989604,78.20921,76.47984,2021-11-23
565,865,1414,1947842,1012546,990469,84.3,150.53561,78.25287,76.54669,1012546,990469,78.25287,76.54669,2021-11-24
656,501,1141,1948983,1013202,990970,84.4,150.62379,78.30357,76.58541,1013202,990970,78.30357,76.58541,2021-11-25
726,591,1300,1950283,1013928,991561,84.4,150.72426,78.35968,76.63108,1013928,991561,78.35968,76.63108,2021-11-26
468,355,804,1951087,1014396,991916,84.5,150.7864,78.39585,76.65852,1014396,991916,78.39585,76.65852,2021-11-27
154,68,218,1951305,1014550,991984,84.5,150.80324,78.40775,76.66377,1014550,991984,78.40775,76.66377,2021-11-28
782,455,1232,1952537,1015332,992439,82.4,150.89846,78.46818,76.69894,1015332,992439,78.46818,76.69894,2021-11-29
797,512,1298,1953835,1016129,992951,82.4,150.99877,78.52978,76.73851,1016129,992951,78.52978,76.73851,2021-11-30
795,473,1265,1955100,1016924,993424,82.5,151.09653,78.59122,76.77506,1016924,993424,78.59122,76.77506,2021-12-01
832,574,1392,1956492,1017756,993998,82.0,151.20411,78.65552,76.81942,1017756,993998,78.65552,76.81942,2021-12-02
983,627,1593,1958085,1018739,994625,82.0,151.32722,78.73149,76.86788,1018739,994625,78.73149,76.86788,2021-12-03
704,370,1052,1959137,1019443,994995,82.1,151.40853,78.7859,76.89647,1019443,994995,78.7859,76.89647,2021-12-04
287,107,387,1959524,1019730,995102,82.1,151.43843,78.80808,76.90474,1019730,995102,78.80808,76.90474,2021-12-05
1127,572,1689,1961213,1020857,995674,82.2,151.56897,78.89517,76.94895,1020857,995674,78.89517,76.94895,2021-12-06
973,483,1447,1962660,1021830,996157,82.2,151.6808,78.97037,76.98628,1021830,996157,78.97037,76.98628,2021-12-07
340,120,455,1963115,1022170,996277,82.2,151.71596,78.99665,76.99555,1022170,996277,78.99665,76.99555,2021-12-08
917,622,1520,1964635,1023087,996899,82.3,151.83343,79.06752,77.04362,1023087,996899,79.06752,77.04362,2021-12-09
979,634,1594,1966229,1024066,997533,81.8,151.95662,79.14318,77.09262,1024066,997533,79.14318,77.09262,2021-12-10
578,320,889,1967118,1024644,997853,81.8,152.02532,79.18785,77.11735,1024644,997853,79.18785,77.11735,2021-12-11
227,122,342,1967460,1024871,997975,81.8,152.05176,79.20539,77.12678,1024871,997975,79.20539,77.12678,2021-12-12
784,619,1390,1968850,1025655,998594,81.9,152.15918,79.26598,77.17462,1025655,998594,79.26598,77.17462,2021-12-13
609,454,1049,1969899,1026264,999048,81.9,152.24025,79.31304,77.2097,1026264,999048,79.31304,77.2097,2021-12-14
723,531,1235,1971134,1026987,999579,79.8,152.33569,79.36892,77.25074,1026987,999579,79.36892,77.25074,2021-12-15
776,680,1435,1972569,1027763,1000259,78.9,152.4466,79.42889,77.30329,1027763,1000259,79.42889,77.30329,2021-12-16
927,791,1707,1974276,1028690,1001050,78.9,152.57852,79.50053,77.36442,1028690,1001050,79.50053,77.36442,2021-12-17
0,0,0,1974276,1028690,1001050,78.9,152.57852,79.50053,77.36442,1028690,1001050,79.50053,77.36442,2021-12-18
633,492,87480,2061756,1029323,1001542,92.9,159.33926,79.54945,77.40245,1029323,1001542,79.54945,77.40245,2021-12-19
633,492,87481,2149237,1029956,1002034,92.9,166.10008,79.59837,77.44047,1029956,1002034,79.59837,77.44047,2021-12-20
633,492,87480,2236717,1030589,1002526,92.9,172.86082,79.64729,77.47849,1030589,1002526,79.64729,77.47849,2021-12-21
634,492,87481,2324198,1031223,1003018,92.9,179.62164,79.69629,77.51652,1031223,1003018,79.69629,77.51652,2021-12-22
1333,866,15465,2339663,1032556,1003884,91.8,180.81682,79.79931,77.58344,1032556,1003884,79.79931,77.58344,2021-12-23
664,345,6393,2346056,1033220,1004229,92.0,181.31089,79.85063,77.61011,1033220,1004229,79.85063,77.61011,2021-12-24
13,-64,114,2346170,1033233,1004165,92.0,181.3197,79.85163,77.60516,1033233,1004165,79.85163,77.60516,2021-12-25
19,103,912,2347082,1033252,1004268,92.1,181.39019,79.8531,77.61312,1033252,1004268,79.8531,77.61312,2021-12-26
296,515,5924,2353006,1033548,1004783,92.3,181.84801,79.87598,77.65292,1033548,1004783,79.87598,77.65292,2021-12-27
816,807,13478,2366484,1034364,1005590,92.8,182.88964,79.93904,77.71529,1034364,1005590,79.93904,77.71529,2021-12-28
1208,812,13915,2380399,1035572,1006402,92.4,183.96503,80.0324,77.77804,1035572,1006402,80.0324,77.77804,2021-12-29
1726,625,14748,2395147,1037298,1007027,93.0,185.10481,80.16579,77.82635,1037298,1007027,80.16579,77.82635,2021-12-30
986,314,9141,2404288,1038284,1007341,93.4,185.81125,80.24199,77.85061,1038284,1007341,80.24199,77.85061,2021-12-31
-4,-76,425,2404713,1038280,1007265,93.4,185.8441,80.24168,77.84474,1038280,1007265,80.24168,77.84474,2022-01-01
151,283,4698,2409411,1038431,1007548,93.6,186.20718,80.25335,77.86661,1038431,1007548,80.25335,77.86661,2022-01-02
537,607,9375,2418786,1038968,1008155,93.9,186.93171,80.29485,77.91352,1038968,1008155,80.29485,77.91352,2022-01-03
1422,958,15673,2434459,1040390,1009113,94.5,188.14297,80.40475,77.98756,1040390,1009113,80.40475,77.98756,2022-01-04
1381,780,15335,2449794,1041771,1009893,93.3,189.32811,80.51148,78.04784,1041771,1009893,80.51148,78.04784,2022-01-05
1161,377,11374,2461168,1042932,1010270,93.7,190.20713,80.6012,78.07698,1042932,1010270,80.6012,78.07698,2022-01-06
696,713,10380,2471548,1043628,1010983,94.1,191.00933,80.65499,78.13208,1043628,1010983,80.65499,78.13208,2022-01-07
1792,910,17551,2489099,1045420,1011893,94.8,192.36573,80.79348,78.20241,1045420,1011893,80.79348,78.20241,2022-01-08
796,196,6222,2495321,1046216,1012089,95.0,192.84658,80.855,78.21755,1046216,1012089,80.855,78.21755,2022-01-09
1982,1131,10743,2506064,1048198,1013220,95.4,193.67684,81.00818,78.30496,1048198,1013220,81.00818,78.30496,2022-01-10
1911,1454,17622,2523686,1050109,1014674,96.1,195.03872,81.15586,78.41733,1050109,1014674,81.15586,78.41733,2022-01-11
0,0,0,2523686,1050109,1014674,96.1,195.03872,81.15586,78.41733,1050109,1014674,81.15586,78.41733,2022-01-12
