delta_1d,delta_2d,delta_all,sum_doses,sum_1d,sum_2d,perc_doses,perc_inh_tot,perc_inh_1d,perc_inh_2d,sum_monotone_1d,sum_monotone_2d,perc_inh_monotone_1d,perc_inh_monotone_2d,date
0,0,0,0,0,0,0,0,0,0,0,0,0,0,2020-12-26
107,0,107,107,107,0,101.9,0.01934,0.01934,0.0,107,0,0.01934,0.0,2020-12-27
0,0,0,107,107,0,101.9,0.01934,0.01934,0.0,107,0,0.01934,0.0,2020-12-28
0,0,0,107,107,0,101.9,0.01934,0.01934,0.0,107,0,0.01934,0.0,2020-12-29
0,0,0,107,107,0,2.1,0.01934,0.01934,0.0,107,0,0.01934,0.0,2020-12-30
0,0,0,107,107,0,2.1,0.01934,0.01934,0.0,107,0,0.01934,0.0,2020-12-31
0,0,0,107,107,0,2.1,0.01934,0.01934,0.0,107,0,0.01934,0.0,2021-01-01
959,2,959,1066,1066,2,21.4,0.19268,0.19268,0.00036,1066,2,0.19268,0.00036,2021-01-02
910,0,910,1976,1976,2,39.7,0.35716,0.35716,0.00036,1976,2,0.35716,0.00036,2021-01-03
614,0,614,2590,2590,2,52.0,0.46814,0.46814,0.00036,2590,2,0.46814,0.00036,2021-01-04
953,2,953,3543,3543,4,44.8,0.64039,0.64039,0.00072,3543,4,0.64039,0.00072,2021-01-05
296,0,296,3839,3839,4,48.6,0.69389,0.69389,0.00072,3839,4,0.69389,0.00072,2021-01-06
646,0,646,4485,4485,4,56.7,0.81066,0.81066,0.00072,4485,4,0.81066,0.00072,2021-01-07
556,0,556,5041,5041,4,63.8,0.91115,0.91115,0.00072,5041,4,0.91115,0.00072,2021-01-08
560,0,560,5601,5601,4,70.9,1.01237,1.01237,0.00072,5601,4,1.01237,0.00072,2021-01-09
77,0,77,5678,5678,4,71.8,1.02629,1.02629,0.00072,5678,4,1.02629,0.00072,2021-01-10
186,0,186,5864,5864,4,49.7,1.05991,1.05991,0.00072,5864,4,1.05991,0.00072,2021-01-11
217,0,217,6081,6081,4,44.2,1.09913,1.09913,0.00072,6081,4,1.09913,0.00072,2021-01-12
917,0,917,6998,6998,4,50.9,1.26488,1.26488,0.00072,6998,4,1.26488,0.00072,2021-01-13
973,0,973,7971,7971,4,57.9,1.44075,1.44075,0.00072,7971,4,1.44075,0.00072,2021-01-14
819,0,819,8790,8790,4,63.9,1.58878,1.58878,0.00072,8790,4,1.58878,0.00072,2021-01-15
728,0,728,9518,9518,4,69.2,1.72037,1.72037,0.00072,9518,4,1.72037,0.00072,2021-01-16
331,2,332,9850,9849,6,71.6,1.78038,1.78019,0.00108,9849,6,1.78019,0.00108,2021-01-17
366,99,465,10315,10215,105,64.1,1.86442,1.84635,0.01898,10215,105,1.84635,0.01898,2021-01-18
199,0,199,10514,10414,105,60.9,1.90039,1.88232,0.01898,10414,105,1.88232,0.01898,2021-01-19
84,2,86,10600,10498,107,61.4,1.91594,1.8975,0.01934,10498,107,1.8975,0.01934,2021-01-20
30,1,31,10631,10528,108,61.6,1.92154,1.90292,0.01952,10528,108,1.90292,0.01952,2021-01-21
67,0,67,10698,10595,108,62.0,1.93365,1.91503,0.01952,10595,108,1.91503,0.01952,2021-01-22
33,732,765,11463,10628,840,66.4,2.07192,1.921,0.15183,10628,840,1.921,0.15183,2021-01-23
59,813,871,12334,10687,1653,71.4,2.22936,1.93166,0.29878,10687,1653,1.93166,0.29878,2021-01-24
75,980,1054,13388,10762,2633,72.6,2.41987,1.94522,0.47591,10762,2633,1.94522,0.47591,2021-01-25
101,712,813,14201,10863,3345,77.0,2.56681,1.96347,0.6046,10863,3345,1.96347,0.6046,2021-01-26
115,309,424,14625,10978,3654,70.4,2.64345,1.98426,0.66046,10978,3654,1.98426,0.66046,2021-01-27
119,804,923,15548,11097,4458,74.8,2.81028,2.00577,0.80578,11097,4458,2.00577,0.80578,2021-01-28
63,556,619,16167,11160,5014,77.8,2.92217,2.01716,0.90627,11160,5014,2.01716,0.90627,2021-01-29
129,584,713,16880,11289,5598,81.3,3.05104,2.04047,1.01183,11289,5598,2.04047,1.01183,2021-01-30
0,78,78,16958,11289,5676,81.6,3.06514,2.04047,1.02593,11289,5676,2.04047,1.02593,2021-01-31
46,202,248,17206,11335,5878,72.6,3.10996,2.04879,1.06244,11335,5878,2.04879,1.06244,2021-02-01
176,195,370,17576,11511,6073,64.6,3.17684,2.0806,1.09769,11511,6073,2.0806,1.09769,2021-02-02
32,644,676,18252,11543,6717,67.0,3.29903,2.08638,1.21409,11543,6717,2.08638,1.21409,2021-02-03
65,1045,1110,19362,11608,7762,71.1,3.49966,2.09813,1.40297,11608,7762,2.09813,1.40297,2021-02-04
66,934,998,20360,11674,8696,74.8,3.68005,2.11006,1.57179,11674,8696,2.11006,1.57179,2021-02-05
146,784,930,21290,11820,9480,78.2,3.84814,2.13645,1.7135,11820,9480,2.13645,1.7135,2021-02-06
49,336,385,21675,11869,9816,79.6,3.91773,2.14531,1.77423,11869,9816,2.14531,1.77423,2021-02-07
156,412,568,22243,12025,10228,81.7,4.0204,2.1735,1.8487,12025,10228,2.1735,1.8487,2021-02-08
320,178,498,22741,12345,10406,66.5,4.11041,2.23134,1.88087,12345,10406,2.23134,1.88087,2021-02-09
499,56,552,23293,12844,10462,68.1,4.21018,2.32154,1.89099,12844,10462,2.32154,1.89099,2021-02-10
875,86,958,24251,13719,10548,70.9,4.38334,2.47969,1.90654,13719,10548,2.47969,1.90654,2021-02-11
750,33,782,25033,14469,10581,73.2,4.52468,2.61525,1.9125,14469,10581,2.61525,1.9125,2021-02-12
741,99,802,25835,15210,10680,67.6,4.66965,2.74919,1.9304,15210,10680,2.74919,1.9304,2021-02-13
151,46,151,25986,15361,10726,68.0,4.69694,2.77648,1.93871,15361,10726,2.77648,1.93871,2021-02-14
594,61,638,26624,15955,10787,60.4,4.81226,2.88385,1.94974,15955,10787,2.88385,1.94974,2021-02-15
811,117,909,27533,16766,10904,62.5,4.97656,3.03043,1.97088,16766,10904,3.03043,1.97088,2021-02-16
1061,83,1140,28673,17827,10987,65.1,5.18261,3.22221,1.98589,17827,10987,3.22221,1.98589,2021-02-17
861,222,1078,29751,18688,11209,65.8,5.37746,3.37783,2.02601,18688,11209,3.37783,2.02601,2021-02-18
1564,68,1627,31378,20252,11277,62.9,5.67154,3.66052,2.0383,20252,11277,3.66052,2.0383,2021-02-19
1053,120,1172,32550,21305,11397,65.2,5.88337,3.85085,2.05999,21305,11397,3.85085,2.05999,2021-02-20
284,0,284,32834,21589,11397,65.8,5.93471,3.90219,2.05999,21589,11397,3.90219,2.05999,2021-02-21
1749,62,1802,34636,23338,11459,64.8,6.26042,4.21832,2.0712,23338,11459,4.21832,2.0712,2021-02-22
1771,162,1912,36548,25109,11621,65.5,6.60601,4.53842,2.10048,25109,11621,4.53842,2.10048,2021-02-23
1741,89,1816,38364,26850,11710,68.8,6.93425,4.85311,2.11657,26850,11710,4.85311,2.11657,2021-02-24
1750,64,1799,40163,28600,11774,72.0,7.25941,5.16942,2.12814,28600,11774,5.16942,2.12814,2021-02-25
2086,93,2168,42331,30686,11867,75.9,7.65128,5.54646,2.14495,30686,11867,5.54646,2.14495,2021-02-26
1841,188,2008,44339,32527,12055,74.2,8.01422,5.87922,2.17893,32527,12055,5.87922,2.17893,2021-02-27
776,41,813,45152,33303,12096,75.5,8.16117,6.01948,2.18634,33303,12096,6.01948,2.18634,2021-02-28
384,171,553,45705,33687,12267,67.1,8.26112,6.08889,2.21725,33687,12267,6.08889,2.21725,2021-03-01
675,154,817,46522,34362,12421,67.1,8.4088,6.21089,2.24508,34362,12421,6.21089,2.24508,2021-03-02
1258,603,1823,48345,35620,13024,69.8,8.7383,6.43827,2.35407,35620,13024,6.43827,2.35407,2021-03-03
1112,844,1922,50267,36732,13868,72.5,9.0857,6.63927,2.50662,36732,13868,6.63927,2.50662,2021-03-04
1124,795,1890,52157,37856,14663,75.3,9.42732,6.84243,2.65032,37856,14663,6.84243,2.65032,2021-03-05
769,632,1383,53540,38625,15295,77.3,9.67729,6.98142,2.76455,38625,15295,6.98142,2.76455,2021-03-06
863,56,903,54443,39488,15351,78.6,9.84051,7.13741,2.77467,39488,15351,7.13741,2.77467,2021-03-07
862,661,1483,55926,40350,16012,74.4,10.10856,7.29321,2.89415,40350,16012,7.29321,2.89415,2021-03-08
807,645,1424,57350,41157,16657,75.1,10.36594,7.43908,3.01073,41157,16657,7.43908,3.01073,2021-03-09
853,859,1693,59043,42010,17516,71.7,10.67195,7.59326,3.166,42010,17516,7.59326,3.166,2021-03-10
841,995,1810,60853,42851,18511,73.9,10.99911,7.74527,3.34584,42851,18511,7.74527,3.34584,2021-03-11
816,1146,1925,62778,43667,19657,76.3,11.34705,7.89276,3.55298,43667,19657,7.89276,3.55298,2021-03-12
765,1079,1817,64595,44432,20736,76.3,11.67547,8.03103,3.74801,44432,20736,8.03103,3.74801,2021-03-13
545,491,1017,65612,44977,21227,77.5,11.85929,8.12954,3.83675,44977,21227,8.12954,3.83675,2021-03-14
541,1877,2396,68008,45518,23104,74.2,12.29236,8.22732,4.17602,45518,23104,8.22732,4.17602,2021-03-15
230,1706,1932,69940,45748,24810,76.3,12.64157,8.2689,4.48438,45748,24810,8.2689,4.48438,2021-03-16
28,1451,1475,71415,45776,26261,77.9,12.90818,8.27396,4.74664,45776,26261,8.27396,4.74664,2021-03-17
26,1351,1368,72783,45802,27612,79.4,13.15544,8.27866,4.99084,45802,27612,8.27866,4.99084,2021-03-18
268,2065,2322,75105,46070,29677,82.0,13.57514,8.3271,5.36408,46070,29677,8.3271,5.36408,2021-03-19
285,1035,1310,76415,46355,30712,83.4,13.81192,8.37861,5.55116,46355,30712,8.37861,5.55116,2021-03-20
482,706,1183,77598,46837,31418,81.7,14.02575,8.46573,5.67877,46837,31418,8.46573,5.67877,2021-03-21
653,583,1227,78825,47490,32001,76.4,14.24752,8.58376,5.78414,47490,32001,8.58376,5.78414,2021-03-22
1475,196,1647,80472,48965,32197,78.0,14.54522,8.85037,5.81957,48965,32197,8.85037,5.81957,2021-03-23
1507,618,2092,82564,50472,32815,80.0,14.92334,9.12275,5.93127,50472,32815,9.12275,5.93127,2021-03-24
1538,395,1893,84457,52010,33210,79.9,15.2655,9.40075,6.00267,52010,33210,9.40075,6.00267,2021-03-25
1695,295,1955,86412,53705,33505,81.7,15.61887,9.70711,6.05599,53705,33505,9.70711,6.05599,2021-03-26
1823,452,2258,88670,55528,33957,83.9,16.027,10.03662,6.13769,55528,33957,10.03662,6.13769,2021-03-27
2128,48,2149,90819,57656,34005,85.9,16.41543,10.42125,6.14636,57656,34005,10.42125,6.14636,2021-03-28
2194,350,2483,93302,59850,34355,81.1,16.86423,10.81782,6.20963,59850,34355,10.81782,6.20963,2021-03-29
2519,391,2887,96189,62369,34746,83.6,17.38605,11.27312,6.2803,62369,34746,11.27312,6.2803,2021-03-30
2330,849,3147,99336,64699,35595,86.3,17.95486,11.69427,6.43375,64699,35595,11.69427,6.43375,2021-03-31
2009,804,2773,102109,66708,36399,88.7,18.45608,12.05739,6.57908,66708,36399,12.05739,6.57908,2021-04-01
1740,631,2346,104455,68448,37030,87.0,18.88012,12.37189,6.69313,68448,37030,12.37189,6.69313,2021-04-02
1475,356,1815,106270,69923,37386,80.6,19.20818,12.6385,6.75747,69923,37386,12.6385,6.75747,2021-04-03
194,425,612,106882,70117,37811,81.1,19.31879,12.67356,6.83429,70117,37811,12.67356,6.83429,2021-04-04
421,318,727,107609,70538,38129,81.7,19.4502,12.74966,6.89177,70538,38129,12.74966,6.89177,2021-04-05
1090,208,1274,108883,71628,38337,74.1,19.68047,12.94668,6.92937,71628,38337,12.94668,6.92937,2021-04-06
1176,62,1212,110095,72804,38399,74.9,19.89954,13.15924,6.94057,72804,38399,13.15924,6.94057,2021-04-07
778,31,788,110883,73582,38430,75.4,20.04197,13.29986,6.94618,73582,38430,13.29986,6.94618,2021-04-08
1088,93,1151,112034,74670,38523,76.2,20.25001,13.49651,6.96299,74670,38523,13.49651,6.96299,2021-04-09
952,113,1036,113070,75622,38636,76.9,20.43727,13.66859,6.98341,75622,38636,13.66859,6.98341,2021-04-10
790,209,968,114038,76412,38845,77.6,20.61223,13.81138,7.02119,76412,38845,13.81138,7.02119,2021-04-11
1680,531,2176,116214,78092,39376,79.1,21.00554,14.11504,7.11716,78092,39376,14.11504,7.11716,2021-04-12
1296,848,2119,118333,79388,40224,80.5,21.38855,14.34929,7.27044,79388,40224,14.34929,7.27044,2021-04-13
1370,696,2048,120381,80758,40920,74.2,21.75872,14.59691,7.39624,80758,40920,14.59691,7.39624,2021-04-14
2632,847,3432,123813,83390,41767,75.6,22.37905,15.07264,7.54934,83390,41767,15.07264,7.54934,2021-04-15
2424,931,3326,127139,85814,42698,77.7,22.98022,15.51078,7.71761,85814,42698,15.51078,7.71761,2021-04-16
2200,1295,3463,130602,88014,43993,79.8,23.60616,15.90843,7.95168,88014,43993,15.90843,7.95168,2021-04-17
2350,1402,3723,134325,90364,45395,82.1,24.27908,16.33319,8.20509,90364,45395,16.33319,8.20509,2021-04-18
2528,1790,4181,138506,92892,47185,82.7,25.03479,16.79012,8.52863,92892,47185,16.79012,8.52863,2021-04-19
2207,1981,4158,142664,95099,49166,85.2,25.78635,17.18903,8.8867,95099,49166,17.18903,8.8867,2021-04-20
2272,1715,3952,146616,97371,50881,79.1,26.50067,17.59969,9.19668,97371,50881,17.59969,9.19668,2021-04-21
3438,1682,5063,151679,100809,52563,81.1,27.4158,18.22111,9.5007,100809,52563,18.22111,9.5007,2021-04-22
3535,1085,4553,156232,104344,53648,83.5,28.23875,18.86005,9.69681,104344,53648,18.86005,9.69681,2021-04-23
3532,1113,4583,160815,107876,54761,86.0,29.06712,19.49846,9.89799,107876,54761,19.49846,9.89799,2021-04-24
2938,89,2990,163805,110814,54850,87.6,29.60756,20.0295,9.91407,110814,54850,20.0295,9.91407,2021-04-25
4244,275,4465,168270,115058,55125,86.1,30.4146,20.7966,9.96378,115058,55125,20.7966,9.96378,2021-04-26
4402,386,4729,172999,119460,55511,88.6,31.26936,21.59225,10.03355,119460,55511,21.59225,10.03355,2021-04-27
4266,506,4707,177706,123726,56017,82.6,32.12015,22.36333,10.12501,123726,56017,22.36333,10.12501,2021-04-28
4418,526,4861,182567,128144,56543,84.8,32.99877,23.16188,10.22008,128144,56543,23.16188,10.22008,2021-04-29
4124,1225,5285,187852,132268,57768,87.3,33.95402,23.90728,10.4415,132268,57768,23.90728,10.4415,2021-04-30
3954,830,4709,192561,136222,58598,81.6,34.80517,24.62196,10.59152,136222,58598,24.62196,10.59152,2021-05-01
3551,697,4180,196741,139773,59295,83.4,35.5607,25.2638,10.7175,139773,59295,25.2638,10.7175,2021-05-02
3684,892,4511,201252,143457,60187,85.3,36.37606,25.92968,10.87873,143457,60187,25.92968,10.87873,2021-05-03
3618,576,4142,205394,147075,60763,85.8,37.12472,26.58363,10.98284,147075,60763,26.58363,10.98284,2021-05-04
3446,970,4338,209732,150521,61733,81.3,37.90881,27.20649,11.15817,150521,61733,27.20649,11.15817,2021-05-05
3482,1640,5069,214801,154003,63373,83.2,38.82502,27.83586,11.45459,154003,63373,27.83586,11.45459,2021-05-06
3298,1377,4640,219441,157301,64750,84.0,39.6637,28.43197,11.70349,157301,64750,28.43197,11.70349,2021-05-07
3431,1483,4846,224287,160732,66233,85.8,40.53961,29.05212,11.97154,160732,66233,29.05212,11.97154,2021-05-08
2995,1748,4689,228976,163727,67981,87.6,41.38714,29.59346,12.28748,163727,67981,29.59346,12.28748,2021-05-09
2762,2099,4804,233780,166489,70080,89.4,42.25546,30.09269,12.66688,166489,70080,30.09269,12.66688,2021-05-10
1621,1062,2654,236434,168110,71142,86.6,42.73516,30.38568,12.85883,168110,71142,30.38568,12.85883,2021-05-11
2850,1934,4731,241165,170960,73076,82.6,43.59029,30.90082,13.2084,170960,73076,30.90082,13.2084,2021-05-12
3389,2692,5987,247152,174349,75768,84.7,44.67243,31.51337,13.69498,174349,75768,31.51337,13.69498,2021-05-13
3377,2640,5908,253060,177726,78408,85.5,45.74029,32.12376,14.17215,177726,78408,32.12376,14.17215,2021-05-14
3958,3213,6534,259594,181684,81621,87.8,46.92131,32.83917,14.7529,181684,81621,32.83917,14.7529,2021-05-15
2860,2660,4973,264567,184544,84281,89.4,47.82017,33.35611,15.23369,184544,84281,33.35611,15.23369,2021-05-16
3411,2859,5547,270114,187955,87140,91.3,48.82278,33.97264,15.75045,187955,87140,33.97264,15.75045,2021-05-17
3407,3184,5899,276013,191362,90324,93.3,49.88902,34.58845,16.32596,191362,90324,34.58845,16.32596,2021-05-18
1196,1791,2873,278886,192558,92115,88.7,50.40831,34.80463,16.64968,192558,92115,34.80463,16.64968,2021-05-19
2914,3096,5888,284774,195472,95211,90.5,51.47256,35.33133,17.20927,195472,95211,35.33133,17.20927,2021-05-20
1492,3363,4578,289352,196964,98574,90.5,52.30003,35.60101,17.81713,196964,98574,35.60101,17.81713,2021-05-21
1939,4572,5493,294845,198903,103146,92.2,53.29288,35.95148,18.64352,198903,103146,35.95148,18.64352,2021-05-22
1534,3972,4518,299363,200437,107118,93.6,54.1095,36.22875,19.36145,200437,107118,36.22875,19.36145,2021-05-23
1100,4046,4840,304203,201537,111164,93.6,54.98433,36.42757,20.09276,201537,111164,36.42757,20.09276,2021-05-24
879,3619,4201,308404,202416,114783,94.9,55.74365,36.58645,20.74689,202416,114783,36.58645,20.74689,2021-05-25
1705,3047,4489,312893,204121,117830,92.0,56.55504,36.89463,21.29763,204121,117830,36.89463,21.29763,2021-05-26
1083,2552,3620,316513,205204,120382,93.0,57.20935,37.09038,21.7589,205204,120382,37.09038,21.7589,2021-05-27
951,2704,3617,320130,206155,123086,94.1,57.86312,37.26227,22.24765,206155,123086,37.26227,22.24765,2021-05-28
837,2238,3062,323192,206992,125324,95.0,58.41657,37.41356,22.65216,206992,125324,37.41356,22.65216,2021-05-29
925,1858,2778,325970,207917,127182,93.8,58.91869,37.58075,22.98799,207917,127182,37.58075,22.98799,2021-05-30
1720,3001,4230,330200,209637,130183,95.0,59.68326,37.89164,23.53042,209637,130183,37.89164,23.53042,2021-05-31
3060,3635,6137,336337,212697,133818,89.3,60.79251,38.44473,24.18744,212697,133818,38.44473,24.18744,2021-06-01
4418,2089,5962,342299,217115,135907,90.8,61.87014,39.24328,24.56503,217115,135907,39.24328,24.56503,2021-06-02
3741,1220,4922,347221,220856,137127,92.2,62.75978,39.91946,24.78554,220856,137127,39.91946,24.78554,2021-06-03
3787,1094,4833,352054,224643,138221,90.4,63.63334,40.60395,24.98328,224643,138221,40.60395,24.98328,2021-06-04
3859,982,4800,356854,228502,139203,91.7,64.50093,41.30146,25.16078,228502,139203,41.30146,25.16078,2021-06-05
3733,1033,4512,361366,232235,140236,92.1,65.31647,41.9762,25.34749,232235,140236,41.9762,25.34749,2021-06-06
3923,467,4239,365605,236158,140703,93.2,66.08267,42.68528,25.4319,236158,140703,42.68528,25.4319,2021-06-07
4230,952,4588,370193,240388,141655,94.3,66.91194,43.44984,25.60397,240388,141655,43.44984,25.60397,2021-06-08
3999,991,4422,374615,244387,142646,90.1,67.71121,44.17266,25.78309,244387,142646,44.17266,25.78309,2021-06-09
3905,995,4347,378962,248292,143641,91.1,68.49693,44.87848,25.96294,248292,143641,44.87848,25.96294,2021-06-10
3208,1263,4236,383198,251500,144904,91.8,69.26258,45.45832,26.19123,251500,144904,45.45832,26.19123,2021-06-11
2998,794,3687,386885,254498,145698,92.7,69.929,46.00021,26.33474,254498,145698,46.00021,26.33474,2021-06-12
2706,416,3014,389899,257204,146114,93.4,70.47378,46.48932,26.40993,257204,146114,46.48932,26.40993,2021-06-13
2114,2741,4825,394724,259318,148855,93.9,71.34589,46.87142,26.90536,259318,148855,46.87142,26.90536,2021-06-14
2246,1008,3223,397947,261564,149863,93.3,71.92845,47.27738,27.08756,261564,149863,47.27738,27.08756,2021-06-15
2146,2483,4607,402554,263710,152346,88.8,72.76115,47.66527,27.53636,263710,152346,47.66527,27.53636,2021-06-16
2112,2356,4441,406995,265822,154702,89.8,73.56386,48.04701,27.9622,265822,154702,48.04701,27.9622,2021-06-17
2206,2289,4465,411460,268028,156991,90.7,74.3709,48.44574,28.37594,268028,156991,48.44574,28.37594,2021-06-18
2392,2097,4466,415926,270420,159088,91.7,75.17813,48.87809,28.75497,270420,159088,48.87809,28.75497,2021-06-19
1974,2074,4010,419936,272394,161162,91.7,75.90293,49.23489,29.12984,272394,161162,49.23489,29.12984,2021-06-20
2163,2119,4258,424194,274557,163281,92.6,76.67256,49.62585,29.51285,274557,163281,49.62585,29.51285,2021-06-21
2255,2139,4355,428549,276812,165420,93.5,77.45972,50.03344,29.89947,276812,165420,50.03344,29.89947,2021-06-22
2364,916,3240,431789,279176,166336,88.9,78.04535,50.46073,30.06503,279176,166336,50.46073,30.06503,2021-06-23
2189,1942,4090,435879,281365,168278,89.7,78.78461,50.85639,30.41605,281365,168278,50.85639,30.41605,2021-06-24
2475,879,3315,439194,283840,169157,90.4,79.38379,51.30374,30.57493,283840,169157,51.30374,30.57493,2021-06-25
2778,592,3337,442531,286618,169749,90.2,79.98695,51.80586,30.68193,286618,169749,51.80586,30.68193,2021-06-26
2391,633,3007,445538,289009,170382,90.8,80.53046,52.23803,30.79634,289009,170382,52.23803,30.79634,2021-06-27
2132,1534,3641,449179,291141,171916,91.5,81.18857,52.62339,31.07361,291141,171916,52.62339,31.07361,2021-06-28
2813,1095,3856,453035,293954,173011,92.3,81.88554,53.13183,31.27153,293954,173011,53.13183,31.27153,2021-06-29
2341,1142,3452,456487,296295,174153,87.2,82.50948,53.55497,31.47795,296295,174153,53.55497,31.47795,2021-06-30
2597,1161,3711,460198,298892,175314,87.9,83.18024,54.02437,31.6878,298892,175314,54.02437,31.6878,2021-07-01
2513,1209,3691,463889,301405,176523,87.7,83.84738,54.47859,31.90632,301405,176523,54.47859,31.90632,2021-07-02
2803,1204,3948,467837,304208,177727,88.4,84.56098,54.98523,32.12394,304208,177727,54.98523,32.12394,2021-07-03
2190,949,3112,470949,306398,178676,86.6,85.12347,55.38107,32.29547,306398,178676,55.38107,32.29547,2021-07-04
2249,1060,3270,474219,308647,179736,87.2,85.71452,55.78758,32.48707,308647,179736,55.78758,32.48707,2021-07-05
2150,2102,4210,478429,310797,181838,87.9,86.47547,56.17619,32.867,310797,181838,56.17619,32.867,2021-07-06
2034,3192,5203,483632,312831,185030,85.9,87.41591,56.54383,33.44395,312831,185030,56.54383,33.44395,2021-07-07
1877,3296,5137,488769,314708,188326,86.9,88.34441,56.8831,34.0397,314708,188326,56.8831,34.0397,2021-07-08
1705,3655,5338,494107,316413,191981,87.8,89.30925,57.19127,34.70034,316413,191981,57.19127,34.70034,2021-07-09
1603,3944,5530,499637,318016,195925,88.2,90.30879,57.48101,35.41321,318016,195925,57.48101,35.41321,2021-07-10
1532,3566,5031,504668,319548,199491,89.0,91.21814,57.75792,36.05776,319548,199491,57.75792,36.05776,2021-07-11
1632,3838,5441,510109,321180,203329,90.0,92.20159,58.0529,36.75147,321180,203329,58.0529,36.75147,2021-07-12
1819,4087,5853,515962,322999,207416,91.0,93.25952,58.38168,37.49019,322999,207416,58.38168,37.49019,2021-07-13
1652,4025,5643,521605,324651,211441,89.3,94.27948,58.68028,38.21771,324651,211441,58.68028,38.21771,2021-07-14
1694,4816,6480,528085,326345,216257,90.4,95.45073,58.98647,39.08819,326345,216257,58.98647,39.08819,2021-07-15
1836,4142,5933,534018,328181,220399,91.4,96.52312,59.31832,39.83686,328181,220399,59.31832,39.83686,2021-07-16
1748,4161,5859,539877,329929,224560,92.4,97.58212,59.63427,40.58895,329929,224560,59.63427,40.58895,2021-07-17
1603,2815,4389,544266,331532,227375,92.3,98.37543,59.92401,41.09776,331532,227375,59.92401,41.09776,2021-07-18
2040,3933,5926,550192,333572,231308,91.0,99.44655,60.29274,41.80864,333572,231308,60.29274,41.80864,2021-07-19
1728,4017,5695,555887,335300,235325,91.9,100.47591,60.60507,42.53471,335300,235325,60.60507,42.53471,2021-07-20
1645,4239,5847,561734,336945,239564,90.3,101.53275,60.90241,43.30091,336945,239564,60.90241,43.30091,2021-07-21
1847,4015,5796,567530,338792,243579,91.2,102.58037,61.23625,44.02661,338792,243579,61.23625,44.02661,2021-07-22
1935,3670,5551,573081,340727,247249,92.1,103.58371,61.586,44.68996,340727,247249,61.586,44.68996,2021-07-23
1826,3982,5750,578831,342553,251231,93.0,104.62301,61.91605,45.4097,342553,251231,61.91605,45.4097,2021-07-24
1630,2883,4480,583311,344183,254114,93.8,105.43277,62.21067,45.9308,344183,254114,62.21067,45.9308,2021-07-25
2036,3429,5425,588736,346219,257543,94.6,106.41333,62.57867,46.55059,346219,257543,62.57867,46.55059,2021-07-26
1859,2905,4715,593451,348078,260448,94.7,107.26556,62.91468,47.07567,348078,260448,62.91468,47.07567,2021-07-27
1990,3114,5038,598489,350068,263562,92.9,108.17617,63.27437,47.63852,350068,263562,63.27437,47.63852,2021-07-28
1955,2952,4856,603345,352023,266514,93.7,109.05389,63.62774,48.17209,352023,266514,63.62774,48.17209,2021-07-29
1965,2860,4768,608113,353988,269374,94.4,109.9157,63.98291,48.68903,353988,269374,63.98291,48.68903,2021-07-30
1879,3665,5472,613585,355867,273039,95.2,110.90476,64.32254,49.35147,355867,273039,64.32254,49.35147,2021-07-31
1673,2582,4210,617795,357540,275621,95.9,111.66571,64.62493,49.81817,357540,275621,64.62493,49.81817,2021-08-01
1819,2834,4610,622405,359359,278455,96.6,112.49896,64.95371,50.33041,359359,278455,64.95371,50.33041,2021-08-02
1873,3244,5058,627463,361232,281699,94.6,113.41319,65.29225,50.91676,361232,281699,65.29225,50.91676,2021-08-03
1469,3080,4504,631967,362701,284779,92.5,114.22728,65.55777,51.47346,362701,284779,65.55777,51.47346,2021-08-04
1328,3278,4561,636528,364029,288057,93.2,115.05168,65.79781,52.06596,364029,288057,65.79781,52.06596,2021-08-05
1366,2905,4214,640742,365395,290962,93.8,115.81335,66.04471,52.59103,365395,290962,66.04471,52.59103,2021-08-06
1420,3209,4520,645262,366815,294171,94.4,116.63034,66.30137,53.17106,366815,294171,66.30137,53.17106,2021-08-07
1143,2560,3664,648926,367958,296731,94.2,117.2926,66.50797,53.63377,367958,296731,66.50797,53.63377,2021-08-08
1614,2461,4013,652939,369572,299192,94.8,118.01794,66.7997,54.0786,369572,299192,66.7997,54.0786,2021-08-09
1584,2964,4417,657356,371156,302156,95.4,118.81631,67.086,54.61434,371156,302156,67.086,54.61434,2021-08-10
1485,2315,3708,661064,372641,304471,93.4,119.48653,67.35442,55.03277,372641,304471,67.35442,55.03277,2021-08-11
1760,2268,3919,664983,374401,306739,93.9,120.19488,67.67253,55.44271,374401,306739,67.67253,55.44271,2021-08-12
1514,2275,3661,668644,375915,309014,93.7,120.8566,67.94619,55.85391,375915,309014,67.94619,55.85391,2021-08-13
1481,2106,3478,672122,377396,311120,94.2,121.48525,68.21388,56.23457,377396,311120,68.21388,56.23457,2021-08-14
1177,1568,2703,674825,378573,312688,94.6,121.97381,68.42662,56.51798,378573,312688,68.42662,56.51798,2021-08-15
1570,2096,3568,678393,380143,314784,95.1,122.61872,68.71039,56.89683,380143,314784,68.71039,56.89683,2021-08-16
1464,2157,3508,681901,381607,316941,94.9,123.25279,68.97501,57.28671,381607,316941,68.97501,57.28671,2021-08-17
1596,2169,3573,685474,383203,319110,91.6,123.89861,69.26348,57.67875,383203,319110,69.26348,57.67875,2021-08-18
1758,1948,3594,689068,384961,321058,92.1,124.54822,69.58124,58.03085,384961,321058,69.58124,58.03085,2021-08-19
1531,1709,3124,692192,386492,322767,92.5,125.11288,69.85797,58.33975,386492,322767,69.85797,58.33975,2021-08-20
1807,1600,3268,695460,388299,324367,93.0,125.70356,70.18458,58.62895,388299,324367,70.18458,58.62895,2021-08-21
1072,1418,2442,697902,389371,325785,93.3,126.14495,70.37834,58.88525,389371,325785,70.37834,58.88525,2021-08-22
1451,2092,3315,701217,390822,327877,93.7,126.74414,70.64061,59.26338,390822,327877,70.64061,59.26338,2021-08-23
1555,1955,3268,704485,392377,329832,92.0,127.33482,70.92167,59.61674,392377,329832,70.92167,59.61674,2021-08-24
1344,1507,2684,707169,393721,331339,92.3,127.81995,71.1646,59.88913,393721,331339,71.1646,59.88913,2021-08-25
1185,1405,2524,709693,394906,332744,89.0,128.27616,71.37879,60.14308,394906,332744,71.37879,60.14308,2021-08-26
1069,1496,2480,712173,395975,334240,89.3,128.72442,71.57201,60.41348,395975,334240,71.57201,60.41348,2021-08-27
1170,1246,2276,714449,397145,335486,89.6,129.1358,71.78348,60.63869,397145,335486,71.78348,60.63869,2021-08-28
1353,1085,2332,716781,398498,336571,89.9,129.55731,72.02804,60.83481,398498,336571,72.02804,60.83481,2021-08-29
1655,1678,3201,719982,400153,338249,90.3,130.13589,72.32718,61.1381,400153,338249,72.32718,61.1381,2021-08-30
1822,1431,3098,723080,401975,339680,90.7,130.69585,72.6565,61.39675,401975,339680,72.6565,61.39675,2021-08-31
1143,2215,3247,726327,403118,341895,91.1,131.28274,72.8631,61.79711,403118,341895,72.8631,61.79711,2021-09-01
959,2178,3032,729359,404077,344073,89.4,131.83077,73.03644,62.19078,404077,344073,73.03644,62.19078,2021-09-02
825,2121,2863,732222,404902,346194,89.7,132.34825,73.18555,62.57415,404902,346194,73.18555,62.57415,2021-09-03
841,1862,2605,734827,405743,348056,90.0,132.8191,73.33756,62.91071,405743,348056,73.33756,62.91071,2021-09-04
499,1816,2282,737109,406242,349872,90.3,133.23157,73.42776,63.23895,406242,349872,73.42776,63.23895,2021-09-05
824,2296,3021,740130,407066,352168,90.7,133.77761,73.57669,63.65395,407066,352168,73.57669,63.65395,2021-09-06
752,1990,2660,742790,407818,354158,89.4,134.25841,73.71262,64.01364,407818,354158,73.71262,64.01364,2021-09-07
815,2168,2854,745644,408633,356326,87.7,134.77426,73.85993,64.4055,408633,356326,73.85993,64.4055,2021-09-08
764,2545,3181,748825,409397,358871,88.1,135.34922,73.99802,64.8655,409397,358871,73.99802,64.8655,2021-09-09
598,2050,2565,751390,409995,360921,88.4,135.81285,74.10611,65.23604,409995,360921,74.10611,65.23604,2021-09-10
828,2117,2869,754259,410823,363038,88.7,136.33141,74.25577,65.61869,410823,363038,74.25577,65.61869,2021-09-11
331,1458,1754,756013,411154,364496,88.9,136.64845,74.31559,65.88222,411154,364496,74.31559,65.88222,2021-09-12
536,1893,2383,758396,411690,366389,89.2,137.07917,74.41248,66.22437,411690,366389,74.41248,66.22437,2021-09-13
507,1884,2329,760725,412197,368273,89.5,137.50014,74.50412,66.56491,412197,368273,74.50412,66.56491,2021-09-14
616,1823,2382,763107,412813,370096,89.1,137.93068,74.61546,66.89441,412813,370096,74.61546,66.89441,2021-09-15
460,2040,2442,765549,413273,372136,88.2,138.37207,74.6986,67.26314,413273,372136,74.6986,67.26314,2021-09-16
555,2005,2481,768030,413828,374141,88.5,138.82051,74.79892,67.62554,413828,374141,74.79892,67.62554,2021-09-17
854,2587,3329,771359,414682,376728,88.9,139.42222,74.95328,68.09314,414682,376728,74.95328,68.09314,2021-09-18
484,2092,2518,773877,415166,378820,89.2,139.87734,75.04076,68.47126,415166,378820,75.04076,68.47126,2021-09-19
743,2515,3169,777046,415909,381335,89.6,140.45014,75.17506,68.92585,415909,381335,75.17506,68.92585,2021-09-20
689,2437,3066,780112,416598,383772,89.9,141.00431,75.29959,69.36633,416598,383772,75.29959,69.36633,2021-09-21
633,2291,2850,782962,417231,386063,88.6,141.51945,75.41401,69.78043,417231,386063,75.41401,69.78043,2021-09-22
722,2099,2730,785692,417953,388162,88.9,142.01289,75.54451,70.15982,417953,388162,75.54451,70.15982,2021-09-23
633,1783,2344,788036,418586,389945,89.2,142.43657,75.65892,70.48209,418586,389945,75.65892,70.48209,2021-09-24
767,2132,2799,790835,419353,392077,89.5,142.94248,75.79755,70.86745,419353,392077,75.79755,70.86745,2021-09-25
374,1549,1868,792703,419727,393626,89.7,143.28012,75.86515,71.14743,419727,393626,75.86515,71.14743,2021-09-26
487,1576,2001,794704,420214,395202,90.0,143.6418,75.95318,71.43229,420214,395202,75.95318,71.43229,2021-09-27
491,1302,1723,796427,420705,396504,90.2,143.95323,76.04193,71.66762,420705,396504,76.04193,71.66762,2021-09-28
390,1104,1438,797865,421095,397608,86.1,144.21315,76.11242,71.86717,421095,397608,76.11242,71.86717,2021-09-29
439,1118,1498,799363,421534,398726,86.3,144.48391,76.19177,72.06925,421534,398726,76.19177,72.06925,2021-09-30
372,851,1156,800519,421906,399577,86.4,144.69285,76.25901,72.22307,421906,399577,76.25901,72.22307,2021-10-01
459,1056,1444,801963,422365,400633,86.6,144.95385,76.34197,72.41394,422365,400633,76.34197,72.41394,2021-10-02
323,710,988,802951,422688,401343,86.7,145.13243,76.40035,72.54227,422688,401343,76.40035,72.54227,2021-10-03
433,762,1114,804065,423121,402105,86.8,145.33379,76.47862,72.68,423121,402105,76.47862,72.68,2021-10-04
457,611,1016,805081,423578,402716,86.9,145.51743,76.56122,72.79044,423578,402716,76.56122,72.79044,2021-10-05
371,523,838,805919,423949,403239,86.0,145.6689,76.62828,72.88497,423949,403239,76.62828,72.88497,2021-10-06
371,577,904,806823,424320,403816,86.1,145.83229,76.69533,72.98926,424320,403816,76.69533,72.98926,2021-10-07
400,590,918,807741,424720,404406,86.2,145.99822,76.76763,73.0959,424720,404406,76.76763,73.0959,2021-10-08
563,733,1181,808922,425283,405139,86.4,146.21169,76.86939,73.22839,425283,405139,76.86939,73.22839,2021-10-09
308,478,754,809676,425591,405617,86.4,146.34797,76.92507,73.31479,425591,405617,76.92507,73.31479,2021-10-10
555,780,1278,810954,426146,406397,86.6,146.57897,77.02538,73.45577,426146,406397,77.02538,73.45577,2021-10-11
573,712,1220,812174,426719,407109,86.7,146.79948,77.12895,73.58447,426719,407109,77.12895,73.58447,2021-10-12
525,576,1062,813236,427244,407685,86.8,146.99144,77.22384,73.68858,427244,407685,77.22384,73.68858,2021-10-13
666,581,1210,814446,427910,408266,87.0,147.21014,77.34422,73.79359,427910,408266,77.34422,73.79359,2021-10-14
764,684,1382,815828,428674,408950,87.1,147.45994,77.48231,73.91722,428674,408950,77.48231,73.91722,2021-10-15
621,776,1307,817135,429295,409726,87.2,147.69618,77.59456,74.05749,429295,409726,77.59456,74.05749,2021-10-16
362,472,763,817898,429657,410198,87.3,147.83409,77.65999,74.1428,429657,410198,77.65999,74.1428,2021-10-17
470,582,987,818885,430127,410780,87.4,148.01249,77.74494,74.24799,430127,410780,77.74494,74.24799,2021-10-18
317,468,726,819611,430444,411248,87.5,148.14371,77.80224,74.33259,430444,411248,77.80224,74.33259,2021-10-19
0,0,0,819611,430444,411248,87.5,148.14371,77.80224,74.33259,430444,411248,77.80224,74.33259,2021-10-20
224,476,1407,821018,430668,411724,88.7,148.39802,77.84273,74.41862,430668,411724,77.84273,74.41862,2021-10-21
224,476,1407,822425,430892,412200,88.7,148.65234,77.88321,74.50466,430892,412200,77.88321,74.50466,2021-10-22
225,476,1407,823832,431117,412676,88.7,148.90665,77.92388,74.59069,431117,412676,77.92388,74.59069,2021-10-23
224,476,1407,825239,431341,413152,88.7,149.16096,77.96437,74.67673,431341,413152,77.96437,74.67673,2021-10-24
224,476,1407,826646,431565,413628,88.7,149.41528,78.00486,74.76277,431565,413628,78.00486,74.76277,2021-10-25
225,476,1407,828053,431790,414104,88.7,149.66959,78.04553,74.8488,431790,414104,78.04553,74.8488,2021-10-26
224,476,1407,829460,432014,414580,88.7,149.9239,78.08601,74.93484,432014,414580,78.08601,74.93484,2021-10-27
225,476,1408,830868,432239,415056,88.7,150.1784,78.12668,75.02088,432239,415056,78.12668,75.02088,2021-10-28
