delta_1d,delta_2d,delta_all,sum_doses,sum_1d,sum_2d,perc_doses,perc_inh_tot,perc_inh_1d,perc_inh_2d,sum_monotone_1d,sum_monotone_2d,perc_inh_monotone_1d,perc_inh_monotone_2d,date
0,0,0,0,0,0,0,0,0,0,0,0,0,0,2020-12-26
107,0,107,107,107,0,101.9,0.01934,0.01934,0.0,107,0,0.01934,0.0,2020-12-27
0,0,0,107,107,0,101.9,0.01934,0.01934,0.0,107,0,0.01934,0.0,2020-12-28
0,0,0,107,107,0,101.9,0.01934,0.01934,0.0,107,0,0.01934,0.0,2020-12-29
0,0,0,107,107,0,2.1,0.01934,0.01934,0.0,107,0,0.01934,0.0,2020-12-30
0,0,0,107,107,0,2.1,0.01934,0.01934,0.0,107,0,0.01934,0.0,2020-12-31
0,0,0,107,107,0,2.1,0.01934,0.01934,0.0,107,0,0.01934,0.0,2021-01-01
962,2,962,1069,1069,2,21.5,0.19322,0.19322,0.00036,1069,2,0.19322,0.00036,2021-01-02
917,0,917,1986,1986,2,39.9,0.35897,0.35897,0.00036,1986,2,0.35897,0.00036,2021-01-03
614,0,614,2600,2600,2,52.2,0.46995,0.46995,0.00036,2600,2,0.46995,0.00036,2021-01-04
955,2,955,3555,3555,4,45.0,0.64256,0.64256,0.00072,3555,4,0.64256,0.00072,2021-01-05
296,0,296,3851,3851,4,48.7,0.69606,0.69606,0.00072,3851,4,0.69606,0.00072,2021-01-06
647,0,647,4498,4498,4,56.9,0.81301,0.81301,0.00072,4498,4,0.81301,0.00072,2021-01-07
557,0,557,5055,5055,4,63.9,0.91369,0.91369,0.00072,5055,4,0.91369,0.00072,2021-01-08
560,0,560,5615,5615,4,71.0,1.0149,1.0149,0.00072,5615,4,1.0149,0.00072,2021-01-09
77,0,77,5692,5692,4,72.0,1.02882,1.02882,0.00072,5692,4,1.02882,0.00072,2021-01-10
186,0,186,5878,5878,4,49.8,1.06244,1.06244,0.00072,5878,4,1.06244,0.00072,2021-01-11
217,0,217,6095,6095,4,44.3,1.10166,1.10166,0.00072,6095,4,1.10166,0.00072,2021-01-12
918,0,918,7013,7013,4,51.0,1.26759,1.26759,0.00072,7013,4,1.26759,0.00072,2021-01-13
974,0,974,7987,7987,4,58.1,1.44364,1.44364,0.00072,7987,4,1.44364,0.00072,2021-01-14
820,0,820,8807,8807,4,64.0,1.59185,1.59185,0.00072,8807,4,1.59185,0.00072,2021-01-15
729,0,729,9536,9536,4,69.3,1.72362,1.72362,0.00072,9536,4,1.72362,0.00072,2021-01-16
331,2,332,9868,9867,6,71.7,1.78363,1.78345,0.00108,9867,6,1.78345,0.00108,2021-01-17
366,99,465,10333,10233,105,64.2,1.86768,1.8496,0.01898,10233,105,1.8496,0.01898,2021-01-18
200,0,200,10533,10433,105,61.0,1.90383,1.88575,0.01898,10433,105,1.88575,0.01898,2021-01-19
84,2,86,10619,10517,107,61.5,1.91937,1.90094,0.01934,10517,107,1.90094,0.01934,2021-01-20
30,1,31,10650,10547,108,61.7,1.92497,1.90636,0.01952,10547,108,1.90636,0.01952,2021-01-21
67,0,67,10717,10614,108,62.1,1.93708,1.91847,0.01952,10614,108,1.91847,0.01952,2021-01-22
33,738,771,11488,10647,846,66.5,2.07644,1.92443,0.15291,10647,846,1.92443,0.15291,2021-01-23
59,818,876,12364,10706,1664,71.6,2.23478,1.9351,0.30077,10706,1664,1.9351,0.30077,2021-01-24
75,983,1057,13421,10781,2647,72.8,2.42583,1.94865,0.47844,10781,2647,1.94865,0.47844,2021-01-25
101,716,817,14238,10882,3363,77.2,2.5735,1.96691,0.60786,10882,3363,1.96691,0.60786,2021-01-26
115,309,424,14662,10997,3672,70.6,2.65014,1.98769,0.66371,10997,3672,1.98769,0.66371,2021-01-27
119,807,926,15588,11116,4479,75.0,2.81751,2.0092,0.80957,11116,4479,2.0092,0.80957,2021-01-28
63,558,621,16209,11179,5037,78.0,2.92976,2.02059,0.91043,11179,5037,2.02059,0.91043,2021-01-29
129,586,715,16924,11308,5623,81.5,3.05899,2.04391,1.01635,11308,5623,2.04391,1.01635,2021-01-30
0,78,78,17002,11308,5701,81.8,3.07309,2.04391,1.03045,11308,5701,2.04391,1.03045,2021-01-31
46,203,249,17251,11354,5904,72.7,3.1181,2.05222,1.06714,11354,5904,2.05222,1.06714,2021-02-01
176,195,370,17621,11530,6099,64.7,3.18497,2.08403,1.10239,11530,6099,2.08403,1.10239,2021-02-02
32,644,676,18297,11562,6743,67.2,3.30716,2.08982,1.21879,11562,6743,2.08982,1.21879,2021-02-03
66,1051,1117,19414,11628,7794,71.3,3.50906,2.10175,1.40876,11628,7794,2.10175,1.40876,2021-02-04
66,937,1002,20416,11694,8731,75.0,3.69017,2.11368,1.57812,11694,8731,2.11368,1.57812,2021-02-05
146,784,930,21346,11840,9515,78.4,3.85826,2.14007,1.71982,11840,9515,2.14007,1.71982,2021-02-06
49,337,386,21732,11889,9852,79.8,3.92803,2.14892,1.78074,11889,9852,2.14892,1.78074,2021-02-07
156,412,568,22300,12045,10264,81.9,4.0307,2.17712,1.85521,12045,10264,2.17712,1.85521,2021-02-08
320,178,498,22798,12365,10442,66.7,4.12071,2.23496,1.88738,12365,10442,2.23496,1.88738,2021-02-09
499,55,552,23350,12864,10497,68.3,4.22048,2.32515,1.89732,12864,10497,2.32515,1.89732,2021-02-10
877,86,960,24310,13741,10583,71.1,4.394,2.48367,1.91286,13741,10583,2.48367,1.91286,2021-02-11
750,34,783,25093,14491,10617,73.4,4.53553,2.61923,1.91901,14491,10617,2.61923,1.91901,2021-02-12
758,99,819,25912,15249,10716,67.8,4.68356,2.75624,1.9369,15249,10716,2.75624,1.9369,2021-02-13
152,46,152,26064,15401,10762,68.2,4.71104,2.78371,1.94522,15401,10762,2.78371,1.94522,2021-02-14
595,61,640,26704,15996,10823,60.6,4.82672,2.89126,1.95624,15996,10823,2.89126,1.95624,2021-02-15
812,117,910,27614,16808,10940,62.7,4.9912,3.03803,1.97739,16808,10940,3.03803,1.97739,2021-02-16
1062,83,1141,28755,17870,11023,65.3,5.19743,3.22998,1.99239,17870,11023,3.22998,1.99239,2021-02-17
861,222,1078,29833,18731,11245,66.0,5.39228,3.38561,2.03252,18731,11245,3.38561,2.03252,2021-02-18
1564,68,1627,31460,20295,11313,63.0,5.68636,3.6683,2.04481,20295,11313,3.6683,2.04481,2021-02-19
1054,120,1173,32633,21349,11433,65.4,5.89838,3.85881,2.0665,21349,11433,3.85881,2.0665,2021-02-20
285,0,285,32918,21634,11433,65.9,5.94989,3.91032,2.0665,21634,11433,3.91032,2.0665,2021-02-21
1753,63,1806,34724,23387,11496,65.0,6.27632,4.22717,2.07789,23387,11496,4.22717,2.07789,2021-02-22
1772,162,1914,36638,25159,11658,65.7,6.62227,4.54746,2.10717,25159,11658,4.54746,2.10717,2021-02-23
1743,87,1818,38456,26902,11745,68.9,6.95088,4.8625,2.12289,26902,11745,4.8625,2.12289,2021-02-24
1752,65,1802,40258,28654,11810,72.2,7.27659,5.17918,2.13464,28654,11810,5.17918,2.13464,2021-02-25
2087,94,2170,42428,30741,11904,76.1,7.66881,5.5564,2.15163,30741,11904,5.5564,2.15163,2021-02-26
1843,183,2012,44440,32584,12087,74.3,8.03248,5.88952,2.18471,32584,12087,5.88952,2.18471,2021-02-27
778,41,815,45255,33362,12128,75.7,8.17979,6.03014,2.19212,33362,12128,6.03014,2.19212,2021-02-28
385,173,556,45811,33747,12301,67.2,8.28028,6.09973,2.22339,33747,12301,6.09973,2.22339,2021-03-01
675,152,817,46628,34422,12453,67.3,8.42796,6.22174,2.25086,34422,12453,6.22174,2.25086,2021-03-02
1261,600,1827,48455,35683,13053,69.9,8.75818,6.44966,2.35931,35683,13053,6.44966,2.35931,2021-03-03
1113,847,1928,50383,36796,13900,72.7,9.10667,6.65083,2.51241,36796,13900,6.65083,2.51241,2021-03-04
1124,795,1892,52275,37920,14695,75.4,9.44864,6.85399,2.6561,37920,14695,6.85399,2.6561,2021-03-05
771,629,1385,53660,38691,15324,77.4,9.69898,6.99335,2.76979,38691,15324,6.99335,2.76979,2021-03-06
865,56,906,54566,39556,15380,78.7,9.86274,7.1497,2.77992,39556,15380,7.1497,2.77992,2021-03-07
863,675,1501,56067,40419,16055,74.6,10.13404,7.30569,2.90192,40419,16055,7.30569,2.90192,2021-03-08
808,647,1426,57493,41227,16702,75.3,10.39179,7.45173,3.01887,41227,16702,7.45173,3.01887,2021-03-09
853,860,1696,59189,42080,17562,71.9,10.69834,7.60591,3.17431,42080,17562,7.60591,3.17431,2021-03-10
841,995,1812,61001,42921,18557,74.1,11.02586,7.75792,3.35416,42921,18557,7.75792,3.35416,2021-03-11
817,1144,1927,62928,43738,19701,76.4,11.37416,7.90559,3.56093,43738,19701,7.90559,3.56093,2021-03-12
765,1077,1817,64745,44503,20778,76.5,11.70258,8.04386,3.7556,44503,20778,8.04386,3.7556,2021-03-13
545,487,1017,65762,45048,21265,77.7,11.8864,8.14237,3.84362,45048,21265,8.14237,3.84362,2021-03-14
541,1881,2401,68163,45589,23146,74.4,12.32038,8.24016,4.18361,45589,23146,8.24016,4.18361,2021-03-15
230,1708,1934,70097,45819,24854,76.5,12.66995,8.28173,4.49233,45819,24854,8.28173,4.49233,2021-03-16
29,1462,1488,71585,45848,26316,78.1,12.9389,8.28697,4.75659,45848,26316,8.28697,4.75659,2021-03-17
26,1358,1376,72961,45874,27674,79.6,13.18761,8.29167,5.00204,45874,27674,8.29167,5.00204,2021-03-18
268,2076,2333,75294,46142,29750,82.2,13.6093,8.34011,5.37728,46142,29750,8.34011,5.37728,2021-03-19
288,1035,1315,76609,46430,30785,83.6,13.84699,8.39217,5.56435,46430,30785,8.39217,5.56435,2021-03-20
487,710,1192,77801,46917,31495,81.9,14.06244,8.48019,5.69268,46917,31495,8.48019,5.69268,2021-03-21
653,583,1230,79031,47570,32078,76.6,14.28476,8.59822,5.79806,47570,32078,8.59822,5.79806,2021-03-22
1474,188,1647,80678,49044,32266,78.2,14.58245,8.86464,5.83204,49044,32266,8.86464,5.83204,2021-03-23
1507,612,2092,82770,50551,32878,80.2,14.96058,9.13703,5.94266,50551,32878,9.13703,5.94266,2021-03-24
1538,394,1893,84663,52089,33272,80.1,15.30274,9.41502,6.01387,52089,33272,9.41502,6.01387,2021-03-25
1699,293,1960,86623,53788,33565,81.9,15.657,9.72212,6.06683,53788,33565,9.72212,6.06683,2021-03-26
1823,454,2262,88885,55611,34019,84.1,16.06586,10.05162,6.14889,55611,34019,10.05162,6.14889,2021-03-27
2133,44,2156,91041,57744,34063,86.1,16.45555,10.43716,6.15685,57744,34063,10.43716,6.15685,2021-03-28
2195,342,2485,93526,59939,34405,81.3,16.90471,10.8339,6.21866,59939,34405,10.8339,6.21866,2021-03-29
2525,391,2898,96424,62464,34796,83.8,17.42852,11.29029,6.28934,62464,34796,11.29029,6.28934,2021-03-30
2330,859,3159,99583,64794,35655,86.5,17.99951,11.71144,6.4446,64794,35655,11.71144,6.4446,2021-03-31
2006,811,2778,102361,66800,36466,88.9,18.50163,12.07402,6.59119,66800,36466,12.07402,6.59119,2021-04-01
1740,630,2346,104707,68540,37096,87.2,18.92567,12.38852,6.70506,68540,37096,12.38852,6.70506,2021-04-02
1475,354,1815,106522,70015,37450,80.8,19.25372,12.65513,6.76904,70015,37450,12.65513,6.76904,2021-04-03
193,425,611,107133,70208,37875,81.3,19.36416,12.69001,6.84586,70208,37875,12.69001,6.84586,2021-04-04
422,320,730,107863,70630,38195,81.8,19.49611,12.76629,6.9037,70630,38195,12.76629,6.9037,2021-04-05
1090,207,1274,109137,71720,38402,74.2,19.72638,12.9633,6.94112,71720,38402,12.9633,6.94112,2021-04-06
1175,62,1212,110349,72895,38464,75.1,19.94545,13.17568,6.95232,72895,38464,13.17568,6.95232,2021-04-07
779,20,789,111138,73674,38484,75.6,20.08806,13.31649,6.95594,73674,38484,13.31649,6.95594,2021-04-08
1088,88,1151,112289,74762,38572,76.4,20.2961,13.51314,6.97184,74762,38572,13.51314,6.97184,2021-04-09
952,111,1036,113325,75714,38683,77.1,20.48336,13.68522,6.99191,75714,38683,13.68522,6.99191,2021-04-10
791,214,975,114300,76505,38897,77.8,20.65959,13.82819,7.03059,76505,38897,13.82819,7.03059,2021-04-11
1680,519,2175,116475,78185,39416,79.2,21.05272,14.13185,7.12439,78185,39416,14.13185,7.12439,2021-04-12
1296,847,2119,118594,79481,40263,80.7,21.43572,14.3661,7.27749,79481,40263,14.3661,7.27749,2021-04-13
1370,695,2048,120642,80851,40958,74.4,21.8059,14.61372,7.40311,80851,40958,14.61372,7.40311,2021-04-14
2633,843,3435,124077,83484,41801,75.8,22.42677,15.08963,7.55548,83484,41801,15.08963,7.55548,2021-04-15
2424,926,3329,127406,85908,42727,77.8,23.02848,15.52777,7.72285,85908,42727,15.52777,7.72285,2021-04-16
2200,1290,3464,130870,88108,44017,79.9,23.6546,15.92542,7.95602,88108,44017,15.92542,7.95602,2021-04-17
2350,1407,3731,134601,90458,45424,82.2,24.32897,16.35018,8.21033,90458,45424,16.35018,8.21033,2021-04-18
2529,1787,4185,138786,92987,47211,82.9,25.0854,16.80729,8.53333,92987,47211,16.80729,8.53333,2021-04-19
2206,1986,4165,142951,95193,49197,85.4,25.83822,17.20602,8.8923,95193,49197,17.20602,8.8923,2021-04-20
2272,1710,3951,146902,97465,50907,79.2,26.55236,17.61668,9.20138,97465,50907,17.61668,9.20138,2021-04-21
3435,1675,5063,151965,100900,52582,81.2,27.46749,18.23755,9.50413,100900,52582,18.23755,9.50413,2021-04-22
3534,1076,4555,156520,104434,53658,83.7,28.2908,18.87632,9.69862,104434,53658,18.87632,9.69862,2021-04-23
3533,1101,4584,161104,107967,54759,86.1,29.11936,19.51491,9.89762,107967,54759,19.51491,9.89762,2021-04-24
2936,83,2988,164092,110903,54842,87.7,29.65943,20.04558,9.91263,110903,54842,20.04558,9.91263,2021-04-25
4244,271,4466,168558,115147,55113,86.3,30.46666,20.81268,9.96161,115147,55113,20.81268,9.96161,2021-04-26
4403,383,4730,173288,119550,55496,88.7,31.3216,21.60852,10.03084,119550,55496,21.60852,10.03084,2021-04-27
4266,499,4707,177995,123816,55995,82.7,32.17238,22.37959,10.12103,123816,55995,22.37959,10.12103,2021-04-28
4418,516,4861,182856,128234,56511,84.9,33.051,23.17814,10.2143,128234,56511,23.17814,10.2143,2021-04-29
4124,1218,5285,188141,132358,57729,87.4,34.00626,23.92355,10.43445,132358,57729,23.92355,10.43445,2021-04-30
3954,810,4707,192848,136312,58539,81.8,34.85705,24.63823,10.58085,136312,58539,24.63823,10.58085,2021-05-01
3552,687,4181,197029,139864,59226,83.5,35.61276,25.28025,10.70503,139864,59226,25.28025,10.70503,2021-05-02
3684,881,4511,201540,143548,60107,85.5,36.42811,25.94613,10.86427,143548,60107,25.94613,10.86427,2021-05-03
3618,562,4142,205682,147166,60669,85.9,37.17678,26.60008,10.96585,147166,60669,26.60008,10.96585,2021-05-04
3446,963,4340,210022,150612,61632,81.4,37.96123,27.22294,11.13991,150612,61632,27.22294,11.13991,2021-05-05
3483,1631,5071,215093,154095,63263,83.3,38.8778,27.85249,11.43471,154095,63263,27.85249,11.43471,2021-05-06
3298,1376,4641,219734,157393,64639,84.1,39.71666,28.4486,11.68342,157393,64639,28.4486,11.68342,2021-05-07
3431,1478,4847,224581,160824,66117,85.9,40.59275,29.06875,11.95057,160824,66117,29.06875,11.95057,2021-05-08
2996,1736,4690,229271,163820,67853,87.7,41.44046,29.61027,12.26435,163820,67853,29.61027,12.26435,2021-05-09
2762,2093,4804,234075,166582,69946,89.6,42.30878,30.1095,12.64266,166582,69946,30.1095,12.64266,2021-05-10
1621,1056,2655,236730,168203,71002,86.7,42.78866,30.40249,12.83353,168203,71002,30.40249,12.83353,2021-05-11
2849,1928,4731,241461,171052,72930,82.7,43.64379,30.91744,13.18201,171052,72930,30.91744,13.18201,2021-05-12
3388,2675,5986,247447,174440,75605,84.8,44.72575,31.52982,13.66551,174440,75605,31.52982,13.66551,2021-05-13
3376,2635,5908,253355,177816,78240,85.6,45.79361,32.14003,14.14179,177816,78240,32.14003,14.14179,2021-05-14
3959,3200,6535,259890,181775,81440,87.9,46.97481,32.85561,14.72018,181775,81440,32.85561,14.72018,2021-05-15
2860,2652,4973,264863,184635,84092,89.5,47.87367,33.37256,15.19953,184635,84092,33.37256,15.19953,2021-05-16
3412,2856,5548,270411,188047,86948,91.4,48.87647,33.98927,15.71575,188047,86948,33.98927,15.71575,2021-05-17
3407,3179,5899,276310,191454,90127,93.4,49.9427,34.60508,16.29035,191454,90127,34.60508,16.29035,2021-05-18
1196,1789,2873,279183,192650,91916,88.8,50.46199,34.82126,16.61371,192650,91916,34.82126,16.61371,2021-05-19
2913,3094,5887,285070,195563,95010,90.6,51.52606,35.34778,17.17294,195563,95010,35.34778,17.17294,2021-05-20
1492,3362,4578,289648,197055,98372,90.6,52.35353,35.61746,17.78062,197055,98372,35.61746,17.78062,2021-05-21
1939,4569,5493,295141,198994,102941,92.3,53.34638,35.96793,18.60646,198994,102941,35.96793,18.60646,2021-05-22
1534,3971,4518,299659,200528,106912,93.7,54.16301,36.2452,19.32422,200528,106912,36.2452,19.32422,2021-05-23
1100,4046,4840,304499,201628,110958,93.7,55.03783,36.44402,20.05553,201628,110958,36.44402,20.05553,2021-05-24
879,3616,4201,308700,202507,114574,95.0,55.79716,36.6029,20.70911,202507,114574,36.6029,20.70911,2021-05-25
1706,3044,4491,313191,204213,117618,92.1,56.6089,36.91126,21.25931,204213,117618,36.91126,21.25931,2021-05-26
1084,2550,3621,316812,205297,120168,93.1,57.26339,37.10719,21.72022,205297,120168,37.10719,21.72022,2021-05-27
951,2703,3617,320429,206248,122871,94.2,57.91716,37.27908,22.20879,206248,122871,37.27908,22.20879,2021-05-28
837,2238,3062,323491,207085,125109,95.1,58.47061,37.43037,22.6133,207085,125109,37.43037,22.6133,2021-05-29
925,1857,2778,326269,208010,126966,93.9,58.97273,37.59756,22.94895,208010,126966,37.59756,22.94895,2021-05-30
1720,3000,4230,330499,209730,129966,95.1,59.7373,37.90845,23.4912,209730,129966,37.90845,23.4912,2021-05-31
3061,3634,6138,336637,212791,133600,89.3,60.84674,38.46172,24.14804,212791,133600,38.46172,24.14804,2021-06-01
4418,2088,5962,342599,217209,135688,90.9,61.92436,39.26027,24.52544,217209,135688,39.26027,24.52544,2021-06-02
3742,1218,4924,347523,220951,136906,92.2,62.81437,39.93663,24.7456,220951,136906,39.93663,24.7456,2021-06-03
3787,1093,4833,352356,224738,137999,90.5,63.68793,40.62113,24.94315,224738,137999,40.62113,24.94315,2021-06-04
3858,980,4800,357156,228596,138979,91.8,64.55552,41.31845,25.12029,228596,138979,41.31845,25.12029,2021-06-05
3733,1030,4512,361668,232329,140009,92.2,65.37106,41.99319,25.30646,232329,140009,41.99319,25.30646,2021-06-06
3924,461,4240,365908,236253,140470,93.2,66.13743,42.70245,25.38978,236253,140470,42.70245,25.38978,2021-06-07
4231,951,4589,370497,240484,141421,94.4,66.96689,43.4672,25.56168,240484,141421,43.4672,25.56168,2021-06-08
3999,991,4422,374919,244483,142412,90.2,67.76616,44.19001,25.7408,244483,142412,44.19001,25.7408,2021-06-09
3904,993,4347,379266,248387,143405,91.2,68.55188,44.89565,25.92028,248387,143405,44.89565,25.92028,2021-06-10
3207,1261,4235,383501,251594,144666,91.9,69.31735,45.47532,26.14821,251594,144666,45.47532,26.14821,2021-06-11
2999,792,3688,387189,254593,145458,92.8,69.98395,46.01738,26.29136,254593,145458,46.01738,26.29136,2021-06-12
2707,415,3015,390204,257300,145873,93.5,70.52891,46.50667,26.36637,257300,145873,46.50667,26.36637,2021-06-13
2114,2740,4825,395029,259414,148613,93.9,71.40102,46.88877,26.86162,259414,148613,46.88877,26.86162,2021-06-14
2246,1007,3223,398252,261660,149620,93.4,71.98357,47.29473,27.04364,261660,149620,47.29473,27.04364,2021-06-15
2146,2483,4607,402859,263806,152103,88.8,72.81628,47.68262,27.49244,263806,152103,47.68262,27.49244,2021-06-16
2112,2352,4441,407300,265918,154455,89.8,73.61899,48.06436,27.91756,265918,154455,48.06436,27.91756,2021-06-17
2206,2287,4465,411765,268124,156742,90.8,74.42603,48.46309,28.33093,268124,156742,48.46309,28.33093,2021-06-18
2392,2098,4467,416232,270516,158840,91.8,75.23344,48.89544,28.71014,270516,158840,48.89544,28.71014,2021-06-19
1974,2071,4010,420242,272490,160911,91.7,75.95824,49.25224,29.08447,272490,160911,49.25224,29.08447,2021-06-20
2163,2118,4258,424500,274653,163029,92.7,76.72787,49.6432,29.4673,274653,163029,49.6432,29.4673,2021-06-21
2255,2136,4355,428855,276908,165165,93.6,77.51503,50.05079,29.85338,276908,165165,50.05079,29.85338,2021-06-22
2364,916,3240,432095,279272,166081,88.9,78.10066,50.47808,30.01894,279272,166081,50.47808,30.01894,2021-06-23
2189,1940,4091,436186,281461,168021,89.8,78.8401,50.87374,30.3696,281461,168021,50.87374,30.3696,2021-06-24
2468,878,3308,439494,283929,168899,90.5,79.43802,51.31983,30.52829,283929,168899,51.31983,30.52829,2021-06-25
2778,590,3337,442831,286707,169489,90.2,80.04117,51.82195,30.63493,286707,169489,51.82195,30.63493,2021-06-26
2391,632,3007,445838,289098,170121,90.9,80.58469,52.25412,30.74917,289098,170121,52.25412,30.74917,2021-06-27
2132,1532,3641,449479,291230,171653,91.6,81.24279,52.63947,31.02607,291230,171653,52.63947,31.02607,2021-06-28
2814,1092,3857,453336,294044,172745,92.4,81.93994,53.1481,31.22345,294044,172745,53.1481,31.22345,2021-06-29
2346,1141,3457,456793,296390,173886,87.3,82.56479,53.57214,31.42969,296390,173886,53.57214,31.42969,2021-06-30
2596,1163,3712,460505,298986,175049,88.0,83.23573,54.04136,31.6399,298986,175049,54.04136,31.6399,2021-07-01
2513,1210,3691,464196,301499,176259,87.8,83.90287,54.49558,31.8586,301499,176259,54.49558,31.8586,2021-07-02
2803,1202,3948,468144,304302,177461,88.5,84.61647,55.00222,32.07586,304302,177461,55.00222,32.07586,2021-07-03
2190,947,3112,471256,306492,178408,86.6,85.17896,55.39806,32.24703,306492,178408,55.39806,32.24703,2021-07-04
2249,1058,3270,474526,308741,179466,87.2,85.77001,55.80457,32.43827,308741,179466,55.80457,32.43827,2021-07-05
2150,2101,4210,478736,310891,181567,88.0,86.53096,56.19318,32.81802,310891,181567,56.19318,32.81802,2021-07-06
2034,3193,5204,483940,312925,184760,86.0,87.47158,56.56082,33.39515,312925,184760,56.56082,33.39515,2021-07-07
1877,3298,5139,489079,314802,188058,86.9,88.40045,56.90009,33.99126,314802,188058,56.90009,33.99126,2021-07-08
1705,3656,5339,494418,316507,191714,87.9,89.36546,57.20826,34.65208,316507,191714,57.20826,34.65208,2021-07-09
1603,3944,5530,499948,318110,195658,88.2,90.365,57.498,35.36495,318110,195658,57.498,35.36495,2021-07-10
1532,3564,5031,504979,319642,199222,89.1,91.27435,57.77491,36.00914,319642,199222,57.77491,36.00914,2021-07-11
1630,3840,5441,510420,321272,203062,90.1,92.25781,58.06953,36.70321,321272,203062,58.06953,36.70321,2021-07-12
1819,4088,5853,516273,323091,207150,91.1,93.31573,58.39831,37.44212,323091,207150,58.39831,37.44212,2021-07-13
1651,4023,5641,521914,324742,211173,89.3,94.33533,58.69673,38.16927,324742,211173,58.69673,38.16927,2021-07-14
1694,4817,6481,528395,326436,215990,90.4,95.50677,59.00292,39.03993,326436,215990,59.00292,39.03993,2021-07-15
1835,4141,5935,534330,328271,220131,91.4,96.57951,59.33459,39.78842,328271,220131,59.33459,39.78842,2021-07-16
1747,4162,5860,540190,330018,224293,92.5,97.6387,59.65036,40.54069,330018,224293,59.65036,40.54069,2021-07-17
1603,2814,4389,544579,331621,227107,92.4,98.432,59.9401,41.04932,331621,227107,59.9401,41.04932,2021-07-18
2038,3936,5927,550506,333659,231043,91.1,99.5033,60.30847,41.76075,333659,231043,60.30847,41.76075,2021-07-19
1727,4013,5694,556200,335386,235056,92.0,100.53249,60.62062,42.48609,335386,235056,60.62062,42.48609,2021-07-20
1642,4237,5842,562042,337028,239293,90.3,101.58842,60.91741,43.25192,337028,239293,60.91741,43.25192,2021-07-21
1847,4014,5795,567837,338875,243307,91.3,102.63586,61.25125,43.97745,338875,243307,61.25125,43.97745,2021-07-22
1933,3671,5552,573389,340808,246978,92.2,103.63938,61.60064,44.64098,340808,246978,61.60064,44.64098,2021-07-23
1826,3982,5750,579139,342634,250960,93.1,104.67868,61.93069,45.36072,342634,250960,61.93069,45.36072,2021-07-24
1630,2883,4480,583619,344264,253843,93.8,105.48844,62.22531,45.88182,344264,253843,62.22531,45.88182,2021-07-25
2036,3428,5425,589044,346300,257271,94.7,106.469,62.59331,46.50143,346300,257271,62.59331,46.50143,2021-07-26
1859,2902,4715,593759,348159,260173,94.7,107.32123,62.92932,47.02596,348159,260173,62.92932,47.02596,2021-07-27
1990,3112,5040,598799,350149,263285,93.0,108.2322,63.28901,47.58845,350149,263285,63.28901,47.58845,2021-07-28
1955,2951,4856,603655,352104,266236,93.7,109.10992,63.64238,48.12184,352104,266236,63.64238,48.12184,2021-07-29
1965,2862,4770,608425,354069,269098,94.4,109.97209,63.99755,48.63914,354069,269098,63.99755,48.63914,2021-07-30
1878,3667,5473,613898,355947,272765,95.3,110.96133,64.337,49.30195,355947,272765,64.337,49.30195,2021-07-31
1673,2581,4210,618108,357620,275346,95.9,111.72228,64.63939,49.76846,357620,275346,64.63939,49.76846,2021-08-01
1820,2834,4611,622719,359440,278180,96.7,112.55572,64.96835,50.2807,359440,278180,64.96835,50.2807,2021-08-02
1871,3245,5057,627776,361311,281425,94.6,113.46976,65.30653,50.86723,361311,281425,65.30653,50.86723,2021-08-03
1470,3084,4509,632285,362781,284509,92.5,114.28476,65.57223,51.42466,362781,284509,65.57223,51.42466,2021-08-04
1328,3278,4561,636846,364109,287787,93.2,115.10915,65.81227,52.01716,364109,287787,65.81227,52.01716,2021-08-05
1366,2906,4215,641061,365475,290693,93.8,115.87101,66.05917,52.54241,365475,290693,66.05917,52.54241,2021-08-06
1421,3208,4521,645582,366896,293901,94.5,116.68818,66.31601,53.12225,366896,293901,66.31601,53.12225,2021-08-07
1143,2561,3665,649247,368039,296462,94.2,117.35062,66.52261,53.58515,368039,296462,66.52261,53.58515,2021-08-08
1614,2462,4014,653261,369653,298924,94.8,118.07615,66.81434,54.03016,369653,298924,66.81434,54.03016,2021-08-09
1584,2965,4418,657679,371237,301889,95.4,118.87469,67.10064,54.56608,371237,301889,67.10064,54.56608,2021-08-10
1485,2319,3712,661391,372722,304208,93.4,119.54563,67.36906,54.98523,372722,304208,67.36906,54.98523,2021-08-11
1759,2265,3915,665306,374481,306473,94.0,120.25327,67.68699,55.39463,374481,306473,67.68699,55.39463,2021-08-12
1515,2276,3662,668968,375996,308749,93.8,120.91517,67.96083,55.80601,375996,308749,67.96083,55.80601,2021-08-13
1481,2106,3478,672446,377477,310855,94.3,121.54381,68.22852,56.18667,377477,310855,68.22852,56.18667,2021-08-14
1177,1568,2703,675149,378654,312423,94.7,122.03238,68.44126,56.47008,378654,312423,68.44126,56.47008,2021-08-15
1570,2098,3568,678717,380224,314521,95.2,122.67729,68.72503,56.8493,380224,314521,68.72503,56.8493,2021-08-16
1464,2161,3508,682225,381688,316682,94.9,123.31135,68.98965,57.23989,381688,316682,68.98965,57.23989,2021-08-17
1595,2169,3572,685797,383283,318851,91.7,123.95699,69.27794,57.63194,383283,318851,69.27794,57.63194,2021-08-18
1758,1948,3594,689391,385041,320799,92.2,124.6066,69.5957,57.98404,385041,320799,69.5957,57.98404,2021-08-19
1531,1712,3127,692518,386572,322511,92.6,125.1718,69.87243,58.29348,386572,322511,69.87243,58.29348,2021-08-20
1808,1601,3269,695787,388380,324112,93.0,125.76267,70.19922,58.58286,388380,324112,70.19922,58.58286,2021-08-21
1072,1418,2442,698229,389452,325530,93.3,126.20406,70.39298,58.83916,389452,325530,70.39298,58.83916,2021-08-22
1451,2092,3315,701544,390903,327622,93.8,126.80324,70.65525,59.21729,390903,327622,70.65525,59.21729,2021-08-23
1555,1955,3268,704812,392458,329577,92.0,127.39393,70.93631,59.57065,392458,329577,70.93631,59.57065,2021-08-24
1344,1509,2684,707496,393802,331086,92.4,127.87906,71.17924,59.8434,393802,331086,71.17924,59.8434,2021-08-25
1185,1408,2525,710021,394987,332494,89.0,128.33545,71.39343,60.09789,394987,332494,71.39343,60.09789,2021-08-26
1068,1496,2479,712500,396055,333990,89.4,128.78352,71.58647,60.36829,396055,333990,71.58647,60.36829,2021-08-27
1171,1247,2277,714777,397226,335237,89.6,129.19509,71.79813,60.59369,397226,335237,71.79813,60.59369,2021-08-28
1354,1085,2333,717110,398580,336322,89.9,129.61678,72.04286,60.7898,398580,336322,72.04286,60.7898,2021-08-29
1655,1678,3201,720311,400235,338000,90.3,130.19535,72.342,61.0931,400235,338000,72.342,61.0931,2021-08-30
1823,1432,3099,723410,402058,339432,90.7,130.75549,72.6715,61.35193,402058,339432,72.6715,61.35193,2021-08-31
1143,2218,3248,726658,403201,341650,91.1,131.34257,72.8781,61.75283,403201,341650,72.8781,61.75283,2021-09-01
959,2179,3033,729691,404160,343829,89.4,131.89078,73.05144,62.14668,404160,343829,73.05144,62.14668,2021-09-02
825,2122,2864,732555,404985,345951,89.8,132.40844,73.20056,62.53023,404985,345951,73.20056,62.53023,2021-09-03
841,1862,2605,735160,405826,347813,90.1,132.87929,73.35257,62.86678,405826,347813,73.35257,62.86678,2021-09-04
499,1816,2283,737443,406325,349629,90.4,133.29194,73.44276,63.19502,406325,349629,73.44276,63.19502,2021-09-05
824,2296,3021,740464,407149,351925,90.7,133.83798,73.5917,63.61002,407149,351925,73.5917,63.61002,2021-09-06
751,1991,2660,743124,407900,353916,89.4,134.31878,73.72744,63.96989,407900,353916,73.72744,63.96989,2021-09-07
824,2182,2867,745991,408724,356098,87.8,134.83698,73.87638,64.36429,408724,356098,73.87638,64.36429,2021-09-08
773,2552,3190,749181,409497,358650,88.1,135.41357,74.01609,64.82556,409497,358650,74.01609,64.82556,2021-09-09
598,2050,2565,751746,410095,360700,88.4,135.87719,74.12418,65.19609,410095,360700,74.12418,65.19609,2021-09-10
829,2116,2869,754615,410924,362816,88.8,136.39576,74.27402,65.57856,410924,362816,74.27402,65.57856,2021-09-11
331,1458,1754,756369,411255,364274,89.0,136.71279,74.33385,65.84209,411255,364274,74.33385,65.84209,2021-09-12
536,1893,2383,758752,411791,366167,89.3,137.14352,74.43073,66.18425,411791,366167,74.43073,66.18425,2021-09-13
507,1884,2329,761081,412298,368051,89.5,137.56448,74.52237,66.52478,412298,368051,74.52237,66.52478,2021-09-14
616,1821,2380,763461,412914,369872,89.2,137.99466,74.63371,66.85392,412914,369872,74.63371,66.85392,2021-09-15
462,2042,2445,765906,413376,371914,88.3,138.4366,74.71722,67.22301,413376,371914,74.71722,67.22301,2021-09-16
563,2019,2494,768400,413939,373933,88.6,138.88738,74.81898,67.58794,413939,373933,74.81898,67.58794,2021-09-17
854,2587,3328,771728,414793,376520,88.9,139.48891,74.97334,68.05554,414793,376520,74.97334,68.05554,2021-09-18
485,2081,2506,774234,415278,378601,89.2,139.94187,75.061,68.43168,415278,378601,75.061,68.43168,2021-09-19
743,2515,3168,777402,416021,381116,89.6,140.51448,75.1953,68.88626,416021,381116,75.1953,68.88626,2021-09-20
690,2434,3064,780466,416711,383550,89.9,141.0683,75.32002,69.3262,416711,383550,75.32002,69.3262,2021-09-21
633,2288,2847,783313,417344,385838,88.7,141.58289,75.43443,69.73976,417344,385838,75.43443,69.73976,2021-09-22
722,2102,2729,786042,418066,387940,89.0,142.07615,75.56493,70.11969,418066,387940,75.56493,70.11969,2021-09-23
631,1779,2340,788382,418697,389719,89.2,142.49911,75.67898,70.44124,418697,389719,75.67898,70.44124,2021-09-24
768,2134,2802,791184,419465,391853,89.6,143.00556,75.8178,70.82696,419465,391853,75.8178,70.82696,2021-09-25
374,1549,1868,793052,419839,393402,89.8,143.3432,75.8854,71.10694,419839,393402,75.8854,71.10694,2021-09-26
489,1574,2001,795053,420328,394976,90.0,143.70488,75.97378,71.39144,420328,394976,75.97378,71.39144,2021-09-27
500,1301,1731,796784,420828,396277,90.2,144.01776,76.06416,71.62659,420828,396277,76.06416,71.62659,2021-09-28
388,1104,1436,798220,421216,397381,86.2,144.27731,76.13429,71.82614,421216,397381,76.13429,71.82614,2021-09-29
439,1117,1497,799717,421655,398498,86.3,144.54789,76.21364,72.02804,421655,398498,76.21364,72.02804,2021-09-30
373,849,1155,800872,422028,399347,86.5,144.75666,76.28106,72.18149,422028,399347,76.28106,72.18149,2021-10-01
459,1056,1444,802316,422487,400403,86.6,145.01766,76.36402,72.37236,422487,400403,76.36402,72.37236,2021-10-02
323,710,988,803304,422810,401113,86.7,145.19624,76.4224,72.5007,422810,401113,76.4224,72.5007,2021-10-03
432,760,1111,804415,423242,401873,86.9,145.39705,76.50049,72.63806,423242,401873,76.50049,72.63806,2021-10-04
457,610,1015,805430,423699,402483,87.0,145.58051,76.58309,72.74832,423699,402483,76.58309,72.74832,2021-10-05
372,521,837,806267,424071,403004,86.1,145.7318,76.65033,72.84249,424071,403004,76.65033,72.84249,2021-10-06
372,577,904,807171,424443,403581,86.2,145.89519,76.71757,72.94678,424443,403581,76.71757,72.94678,2021-10-07
400,588,916,808087,424843,404169,86.3,146.06076,76.78987,73.05306,424843,404169,76.78987,73.05306,2021-10-08
563,734,1182,809269,425406,404903,86.4,146.27441,76.89163,73.18573,425406,404903,76.89163,73.18573,2021-10-09
308,478,753,810022,425714,405381,86.5,146.41051,76.9473,73.27213,425714,405381,76.9473,73.27213,2021-10-10
555,772,1270,811292,426269,406153,86.6,146.64006,77.04761,73.41167,426269,406153,77.04761,73.41167,2021-10-11
572,713,1220,812512,426841,406866,86.7,146.86057,77.151,73.54054,426841,406866,77.151,73.54054,2021-10-12
523,575,1058,813570,427364,407441,86.9,147.05181,77.24553,73.64447,427364,407441,77.24553,73.64447,2021-10-13
667,579,1208,814778,428031,408020,87.0,147.27015,77.36609,73.74913,428031,408020,77.36609,73.74913,2021-10-14
765,685,1383,816161,428796,408705,87.1,147.52013,77.50437,73.87294,428796,408705,77.50437,73.87294,2021-10-15
621,778,1308,817469,429417,409483,87.3,147.75655,77.61661,74.01356,429417,409483,77.61661,74.01356,2021-10-16
359,473,759,818228,429776,409956,87.4,147.89373,77.6815,74.09906,429776,409956,77.6815,74.09906,2021-10-17
471,583,988,819216,430247,410539,87.5,148.07231,77.76663,74.20443,430247,410539,77.76663,74.20443,2021-10-18
320,481,741,819957,430567,411020,87.5,148.20625,77.82447,74.29137,430567,411020,77.82447,74.29137,2021-10-19
218,526,710,820667,430785,411546,87.6,148.33458,77.86387,74.38645,430785,411546,77.86387,74.38645,2021-10-20
235,450,659,821326,431020,411996,87.7,148.45369,77.90635,74.46779,431020,411996,77.90635,74.46779,2021-10-21
210,444,622,821948,431230,412440,87.8,148.56612,77.94431,74.54804,431230,412440,77.94431,74.54804,2021-10-22
272,538,751,822699,431502,412978,87.8,148.70186,77.99347,74.64528,431502,412978,77.99347,74.64528,2021-10-23
137,372,496,823195,431639,413350,87.9,148.79151,78.01823,74.71252,431639,413350,78.01823,74.71252,2021-10-24
251,423,627,823822,431890,413773,88.0,148.90484,78.0636,74.78898,431890,413773,78.0636,74.78898,2021-10-25
190,390,543,824365,432080,414163,88.0,149.00299,78.09794,74.85947,432080,414163,78.09794,74.85947,2021-10-26
167,309,452,824817,432247,414472,88.1,149.08469,78.12813,74.91532,432247,414472,78.12813,74.91532,2021-10-27
178,376,515,825332,432425,414848,88.1,149.17777,78.1603,74.98328,432425,414848,78.1603,74.98328,2021-10-28
136,317,432,825764,432561,415165,88.2,149.25586,78.18488,75.04058,432561,415165,78.18488,75.04058,2021-10-29
209,466,628,826392,432770,415631,88.2,149.36937,78.22266,75.12481,432770,415631,78.22266,75.12481,2021-10-30
103,335,408,826800,432873,415966,88.3,149.44311,78.24128,75.18536,432873,415966,78.24128,75.18536,2021-10-31
84,314,385,827185,432957,416280,88.3,149.5127,78.25646,75.24211,432957,416280,78.25646,75.24211,2021-11-01
187,417,573,827758,433144,416697,88.4,149.61627,78.29026,75.31749,433144,416697,78.29026,75.31749,2021-11-02
163,377,492,828250,433307,417074,88.4,149.7052,78.31972,75.38563,433307,417074,78.31972,75.38563,2021-11-03
146,519,641,828891,433453,417593,88.5,149.82106,78.34611,75.47944,433453,417593,78.34611,75.47944,2021-11-04
177,559,717,829608,433630,418152,88.6,149.95066,78.3781,75.58047,433630,418152,78.3781,75.58047,2021-11-05
237,639,832,830440,433867,418791,88.7,150.10104,78.42094,75.69597,433867,418791,78.42094,75.69597,2021-11-06
58,191,240,830680,433925,418982,88.7,150.14442,78.43143,75.7305,433925,418982,78.43143,75.7305,2021-11-07
183,499,663,831343,434108,419481,88.8,150.26425,78.4645,75.82069,434108,419481,78.4645,75.82069,2021-11-08
206,480,664,832007,434314,419961,88.8,150.38427,78.50174,75.90745,434314,419961,78.50174,75.90745,2021-11-09
136,337,449,832456,434450,420298,88.9,150.46543,78.52632,75.96836,434450,420298,78.52632,75.96836,2021-11-10
143,223,350,832806,434593,420521,88.9,150.52869,78.55217,76.00867,434593,420521,78.55217,76.00867,2021-11-11
146,249,384,833190,434739,420770,89.0,150.5981,78.57856,76.05368,434739,420770,78.57856,76.05368,2021-11-12
207,397,557,833747,434946,421167,89.0,150.69877,78.61597,76.12543,434946,421167,78.61597,76.12543,2021-11-13
32,73,103,833850,434978,421240,89.0,150.71739,78.62175,76.13863,434978,421240,78.62175,76.13863,2021-11-14
166,270,420,834270,435144,421510,89.1,150.79331,78.65176,76.18743,435144,421510,78.65176,76.18743,2021-11-15
147,202,337,834607,435291,421712,89.1,150.85422,78.67833,76.22394,435291,421712,78.67833,76.22394,2021-11-16
174,148,307,834914,435465,421860,89.1,150.90971,78.70978,76.25069,435465,421860,78.70978,76.25069,2021-11-17
159,160,312,835226,435624,422020,89.2,150.9661,78.73852,76.27961,435624,422020,78.73852,76.27961,2021-11-18
174,145,305,835531,435798,422165,89.2,151.02123,78.76997,76.30582,435798,422165,78.76997,76.30582,2021-11-19
220,194,390,835921,436018,422359,89.2,151.09172,78.80973,76.34089,436018,422359,78.80973,76.34089,2021-11-20
21,21,41,835962,436039,422380,89.2,151.09913,78.81353,76.34468,436039,422380,78.81353,76.34468,2021-11-21
172,195,357,836319,436211,422575,87.6,151.16366,78.84462,76.37993,436211,422575,78.84462,76.37993,2021-11-22
180,156,325,836644,436391,422731,87.6,151.2224,78.87715,76.40812,436391,422731,78.87715,76.40812,2021-11-23
167,322,475,837119,436558,423053,87.7,151.30826,78.90734,76.46632,436558,423053,78.90734,76.46632,2021-11-24
235,141,366,837485,436793,423194,87.7,151.37441,78.94981,76.49181,436793,423194,78.94981,76.49181,2021-11-25
225,171,389,837874,437018,423365,87.8,151.44473,78.99048,76.52272,437018,423365,78.99048,76.52272,2021-11-26
335,264,583,838457,437353,423629,87.8,151.5501,79.05103,76.57044,437353,423629,79.05103,76.57044,2021-11-27
21,20,41,838498,437374,423649,87.8,151.55751,79.05483,76.57405,437374,423649,79.05483,76.57405,2021-11-28
259,205,451,838949,437633,423854,87.9,151.63903,79.10164,76.6111,437633,423854,79.10164,76.6111,2021-11-29
263,185,435,839384,437896,424039,87.9,151.71766,79.14918,76.64454,437896,424039,79.14918,76.64454,2021-11-30
194,150,339,839723,438090,424189,85.7,151.77893,79.18424,76.67166,438090,424189,79.18424,76.67166,2021-12-01
255,137,386,840109,438345,424326,85.1,151.8487,79.23034,76.69642,438345,424326,79.23034,76.69642,2021-12-02
346,183,515,840624,438691,424509,85.1,151.94178,79.29287,76.72949,438691,424509,79.29287,76.72949,2021-12-03
346,247,579,841203,439037,424756,85.2,152.04644,79.35541,76.77414,439037,424756,79.35541,76.77414,2021-12-04
2,4,6,841209,439039,424760,85.2,152.04752,79.35578,76.77486,439039,424760,79.35578,76.77486,2021-12-05
389,229,607,841816,439428,424989,85.3,152.15724,79.42609,76.81625,439428,424989,79.42609,76.81625,2021-12-06
431,212,631,842447,439859,425201,85.3,152.27129,79.50399,76.85457,439859,425201,79.50399,76.85457,2021-12-07
2,1,3,842450,439861,425202,85.3,152.27183,79.50435,76.85475,439861,425202,79.50435,76.85475,2021-12-08
357,259,605,843055,440218,425461,85.4,152.38118,79.56888,76.90157,440218,425461,79.56888,76.90157,2021-12-09
316,211,518,843573,440534,425672,84.8,152.47481,79.62599,76.93971,440534,425672,79.62599,76.93971,2021-12-10
194,138,327,843900,440728,425810,84.9,152.53392,79.66106,76.96465,440728,425810,79.66106,76.96465,2021-12-11
90,24,106,844006,440818,425834,84.9,152.55308,79.67733,76.96899,440818,425834,79.67733,76.96899,2021-12-12
224,134,352,844358,441042,425968,84.5,152.6167,79.71781,76.99321,441042,425968,79.71781,76.99321,2021-12-13
210,144,349,844707,441252,426112,84.6,152.67978,79.75577,77.01924,441252,426112,79.75577,77.01924,2021-12-14
198,139,328,845035,441450,426251,82.3,152.73907,79.79156,77.04436,441450,426251,79.79156,77.04436,2021-12-15
251,181,427,845462,441701,426432,81.3,152.81625,79.83693,77.07707,441701,426432,79.83693,77.07707,2021-12-16
175,234,405,845867,441876,426666,81.3,152.88945,79.86856,77.11937,441876,426666,79.86856,77.11937,2021-12-17
0,0,0,845867,441876,426666,81.3,152.88945,79.86856,77.11937,441876,426666,79.86856,77.11937,2021-12-18
412,186,34688,880555,442288,426852,94.7,159.15927,79.94303,77.15299,442288,426852,79.94303,77.15299,2021-12-19
413,187,34688,915243,442701,427039,94.7,165.42908,80.01768,77.18679,442701,427039,80.01768,77.18679,2021-12-20
413,187,34688,949931,443114,427226,94.7,171.69889,80.09233,77.22059,443114,427226,80.09233,77.22059,2021-12-21
413,187,34689,984620,443527,427413,94.7,177.96889,80.16698,77.25439,443527,427413,80.16698,77.25439,2021-12-22
243,332,6615,991235,443770,427745,93.4,179.16454,80.2109,77.3144,443770,427745,80.2109,77.3144,2021-12-23
117,189,2968,994203,443887,427934,93.7,179.70101,80.23205,77.34856,443887,427934,80.23205,77.34856,2021-12-24
16,2,509,994712,443903,427936,93.8,179.79301,80.23494,77.34892,443903,427936,80.23494,77.34892,2021-12-25
0,0,45,994757,443903,427936,93.8,179.80114,80.23494,77.34892,443903,427936,80.23494,77.34892,2021-12-26
170,363,3568,998325,444073,428299,94.1,180.44605,80.26566,77.41453,444073,428299,80.26566,77.41453,2021-12-27
275,231,5850,1004175,444348,428530,94.7,181.50343,80.31537,77.45629,444348,428530,80.31537,77.45629,2021-12-28
174,137,5408,1009583,444522,428667,94.3,182.48092,80.34682,77.48105,444522,428667,80.34682,77.48105,2021-12-29
224,223,5296,1014879,444746,428890,94.8,183.43817,80.38731,77.52136,444746,428890,80.38731,77.52136,2021-12-30
168,123,4568,1019447,444914,429013,95.3,184.26383,80.41767,77.54359,444914,429013,80.41767,77.54359,2021-12-31
22,-5,876,1020323,444936,429008,95.3,184.42216,80.42165,77.54268,444936,429008,80.42165,77.54268,2022-01-01
941,48,2028,1022351,445877,429056,95.5,184.78872,80.59174,77.55136,445877,429056,80.59174,77.55136,2022-01-02
552,234,4763,1027114,446429,429290,96.0,185.64963,80.69151,77.59365,446429,429290,80.69151,77.59365,2022-01-03
385,233,7230,1034344,446814,429523,96.7,186.95644,80.7611,77.63577,446814,429523,80.7611,77.63577,2022-01-04
433,231,8188,1042532,447247,429754,95.1,188.43641,80.83936,77.67752,447247,429754,80.83936,77.67752,2022-01-05
255,37,3020,1045552,447502,429791,95.4,188.98228,80.88545,77.68421,447502,429791,80.88545,77.68421,2022-01-06
520,245,5644,1051196,448022,430036,95.9,190.00242,80.97944,77.72849,448022,430036,80.97944,77.72849,2022-01-07
441,267,7390,1058586,448463,430303,96.6,191.33816,81.05915,77.77675,448463,430303,81.05915,77.77675,2022-01-08
1139,167,4917,1063503,449602,430470,97.0,192.2269,81.26502,77.80694,449602,430470,81.26502,77.80694,2022-01-09
1468,1066,7187,1070690,451070,431536,97.7,193.52594,81.53036,77.99962,451070,431536,81.53036,77.99962,2022-01-10
404,185,5426,1076116,451474,431721,98.2,194.50668,81.60339,78.03306,451474,431721,81.60339,78.03306,2022-01-11
590,260,7092,1083208,452064,431981,96.6,195.78855,81.71003,78.08005,452064,431981,81.71003,78.08005,2022-01-12
623,243,6742,1089950,452687,432224,96.4,197.00716,81.82263,78.12397,452687,432224,81.82263,78.12397,2022-01-13
477,183,6229,1096179,453164,432407,97.0,198.13305,81.90885,78.15705,453164,432407,81.90885,78.15705,2022-01-14
1018,315,7990,1104169,454182,432722,97.7,199.57723,82.09285,78.21398,454182,432722,82.09285,78.21398,2022-01-15
1758,140,5420,1109589,455940,432862,98.2,200.55689,82.41061,78.23929,455940,432862,82.41061,78.23929,2022-01-16
500,146,3989,1113578,456440,433008,98.5,201.27789,82.50099,78.26568,456440,433008,82.50099,78.26568,2022-01-17
377,233,5538,1119116,456817,433241,99.0,202.27888,82.56913,78.30779,456817,433241,82.56913,78.30779,2022-01-18
480,312,6857,1125973,457297,433553,98.0,203.51828,82.65589,78.36419,457297,433553,82.65589,78.36419,2022-01-19
309,189,5032,1131005,457606,433742,97.8,204.4278,82.71174,78.39835,457606,433742,82.71174,78.39835,2022-01-20
293,256,5754,1136759,457899,433998,98.3,205.46783,82.7647,78.44462,457899,433998,82.7647,78.44462,2022-01-21
104,70,5454,1142213,458003,434068,98.7,206.45364,82.7835,78.45727,458003,434068,82.7835,78.45727,2022-01-22
1651,1244,4422,1146635,459654,435312,99.1,207.25291,83.08191,78.68212,459654,435312,83.08191,78.68212,2022-01-23
158,424,3562,1150197,459812,435736,99.4,207.89673,83.11047,78.75876,459812,435736,83.11047,78.75876,2022-01-24
210,262,4811,1155008,460022,435998,99.2,208.76632,83.14843,78.80612,460022,435998,83.14843,78.80612,2022-01-25
259,328,5142,1160150,460281,436326,99.0,209.69573,83.19524,78.8654,460281,436326,83.19524,78.8654,2022-01-26
186,209,4584,1164734,460467,436535,98.6,210.52428,83.22886,78.90318,460467,436535,83.22886,78.90318,2022-01-27
198,256,4778,1169512,460665,436791,99.0,211.3879,83.26465,78.94945,460665,436791,83.26465,78.94945,2022-01-28
562,492,6001,1175513,461227,437283,99.5,212.47257,83.36623,79.03838,461227,437283,83.36623,79.03838,2022-01-29
1249,1158,4285,1179798,462476,438441,99.9,213.24708,83.59198,79.24769,462476,438441,83.59198,79.24769,2022-01-30
397,392,3770,1183568,462873,438833,100.2,213.9285,83.66374,79.31854,462873,438833,83.66374,79.31854,2022-01-31
231,216,4279,1187847,463104,439049,100.5,214.70193,83.7055,79.35758,463104,439049,83.7055,79.35758,2022-02-01
218,315,4127,1191974,463322,439364,99.1,215.44788,83.7449,79.41452,463322,439364,83.7449,79.41452,2022-02-02
161,267,3358,1195332,463483,439631,98.7,216.05483,83.774,79.46278,463483,439631,83.774,79.46278,2022-02-03
73,104,1045,1196377,463556,439735,98.7,216.24371,83.78719,79.48158,463556,439735,83.78719,79.48158,2022-02-04
583,803,6476,1202853,464139,440538,99.3,217.41424,83.89257,79.62672,464139,440538,83.89257,79.62672,2022-02-05
746,1402,3216,1206069,464885,441940,99.5,217.99553,84.02741,79.88013,464885,441940,84.02741,79.88013,2022-02-06
215,456,2665,1208734,465100,442396,99.8,218.47723,84.06627,79.96255,465100,442396,84.06627,79.96255,2022-02-07
160,312,2661,1211395,465260,442708,100.0,218.9582,84.09519,80.01894,465260,442708,84.09519,80.01894,2022-02-08
133,480,2647,1214042,465393,443188,98.1,219.43664,84.11923,80.1057,465393,443188,84.11923,80.1057,2022-02-09
73,539,2248,1216290,465466,443727,98.3,219.84297,84.13242,80.20313,465466,443727,84.13242,80.20313,2022-02-10
79,332,1807,1218097,465545,444059,98.4,220.16958,84.1467,80.26313,465545,444059,84.1467,80.26313,2022-02-11
342,781,3088,1221185,465887,444840,98.7,220.72773,84.20852,80.4043,465887,444840,84.20852,80.4043,2022-02-12
441,1191,2156,1223341,466328,446031,98.9,221.11743,84.28823,80.61957,466328,446031,84.28823,80.61957,2022-02-13
118,283,1499,1224840,466446,446314,99.0,221.38837,84.30956,80.67072,466446,446314,84.30956,80.67072,2022-02-14
91,281,1554,1226394,466537,446595,99.1,221.66925,84.32601,80.72151,466537,446595,84.32601,80.72151,2022-02-15
68,303,1548,1227942,466605,446898,83.6,221.94905,84.3383,80.77628,466605,446898,84.3383,80.77628,2022-02-16
74,382,1252,1229194,466679,447280,97.9,222.17535,84.35167,80.84533,466679,447280,84.35167,80.84533,2022-02-17
53,275,1310,1230504,466732,447555,98.0,222.41213,84.36125,80.89503,466732,447555,84.36125,80.89503,2022-02-18
147,719,2237,1232741,466879,448274,98.2,222.81646,84.38782,81.02499,466879,448274,84.38782,81.02499,2022-02-19
289,1321,2130,1234871,467168,449595,98.4,223.20146,84.44006,81.26376,467168,449595,84.44006,81.26376,2022-02-20
72,304,1208,1236079,467240,449899,98.5,223.4198,84.45307,81.31871,467240,449899,84.45307,81.31871,2022-02-21
59,265,1141,1237220,467299,450164,98.6,223.62604,84.46374,81.36661,467299,450164,84.46374,81.36661,2022-02-22
60,345,1241,1238461,467359,450509,97.3,223.85035,84.47458,81.42896,467359,450509,84.47458,81.42896,2022-02-23
24,215,835,1239296,467383,450724,97.4,224.00127,84.47892,81.46782,467383,450724,84.47892,81.46782,2022-02-24
33,241,891,1240187,467416,450965,97.5,224.16232,84.48488,81.51139,467416,450965,84.48488,81.51139,2022-02-25
109,611,2086,1242273,467525,451576,97.6,224.53936,84.50459,81.62182,467525,451576,84.50459,81.62182,2022-02-26
78,731,893,1243166,467603,452307,97.7,224.70077,84.51868,81.75395,467603,452307,84.51868,81.75395,2022-02-27
41,237,978,1244144,467644,452544,97.8,224.87754,84.52609,81.79679,467644,452544,84.52609,81.79679,2022-02-28
27,161,711,1244855,467671,452705,97.1,225.00606,84.53097,81.82589,467671,452705,84.53097,81.82589,2022-03-01
24,186,986,1245841,467695,452891,95.7,225.18427,84.53531,81.85951,467695,452891,84.53531,81.85951,2022-03-02
21,161,557,1246398,467716,453052,95.8,225.28495,84.53911,81.88861,467716,453052,84.53911,81.88861,2022-03-03
30,140,691,1247089,467746,453192,95.8,225.40985,84.54453,81.91391,467746,453192,84.54453,81.91391,2022-03-04
39,338,1092,1248181,467785,453530,95.9,225.60723,84.55158,81.97501,467785,453530,84.55158,81.97501,2022-03-05
33,436,567,1248748,467818,453966,95.9,225.70971,84.55754,82.05381,467818,453966,84.55754,82.05381,2022-03-06
31,115,540,1249288,467849,454081,96.0,225.80731,84.56315,82.0746,467849,454081,84.56315,82.0746,2022-03-07
11,99,572,1249860,467860,454180,96.0,225.9107,84.56514,82.09249,467860,454180,84.56514,82.09249,2022-03-08
12,90,677,1250537,467872,454270,94.6,226.03307,84.56731,82.10876,467872,454270,84.56731,82.10876,2022-03-09
15,129,598,1251135,467887,454399,94.7,226.14116,84.57002,82.13208,467887,454399,84.57002,82.13208,2022-03-10
15,80,480,1251615,467902,454479,94.7,226.22792,84.57273,82.14654,467902,454479,84.57273,82.14654,2022-03-11
4,63,209,1251824,467906,454542,94.7,226.26569,84.57345,82.15792,467906,454542,84.57345,82.15792,2022-03-12
65,680,1598,1253422,467971,455222,94.8,226.55453,84.5852,82.28083,467971,455222,84.5852,82.28083,2022-03-13
11,117,633,1254055,467982,455339,94.9,226.66894,84.58719,82.30198,467982,455339,84.58719,82.30198,2022-03-14
24,99,673,1254728,468006,455438,94.9,226.79059,84.59153,82.31987,468006,455438,84.59153,82.31987,2022-03-15
21,94,734,1255462,468027,455532,95.0,226.92326,84.59532,82.33687,468027,455532,84.59532,82.33687,2022-03-16
15,66,470,1255932,468042,455598,95.0,227.00821,84.59803,82.34879,468042,455598,84.59803,82.34879,2022-03-17
28,94,630,1256562,468070,455692,95.1,227.12208,84.60309,82.36578,468070,455692,84.60309,82.36578,2022-03-18
26,174,840,1257402,468096,455866,95.1,227.27391,84.60779,82.39724,468096,455866,84.60779,82.39724,2022-03-19
18,102,139,1257541,468114,455968,95.2,227.29903,84.61105,82.41567,468114,455968,84.61105,82.41567,2022-03-20
20,60,492,1258033,468134,456028,95.2,227.38796,84.61466,82.42652,468134,456028,84.61466,82.42652,2022-03-21
30,51,505,1258538,468164,456079,95.2,227.47924,84.62008,82.43573,468164,456079,84.62008,82.43573,2022-03-22
13,31,429,1258967,468177,456110,95.3,227.55678,84.62243,82.44134,468177,456110,84.62243,82.44134,2022-03-23
16,41,364,1259331,468193,456151,95.3,227.62257,84.62533,82.44875,468193,456151,84.62533,82.44875,2022-03-24
45,75,463,1259794,468238,456226,95.3,227.70626,84.63346,82.4623,468238,456226,84.63346,82.4623,2022-03-25
32,90,702,1260496,468270,456316,95.4,227.83315,84.63924,82.47857,468270,456316,84.63924,82.47857,2022-03-26
2,5,85,1260581,468272,456321,95.4,227.84851,84.6396,82.47948,468272,456321,84.6396,82.47948,2022-03-27
11,43,378,1260959,468283,456364,95.4,227.91683,84.64159,82.48725,468283,456364,84.64159,82.48725,2022-03-28
12,27,396,1261355,468295,456391,95.4,227.98841,84.64376,82.49213,468295,456391,84.64376,82.49213,2022-03-29
13,50,448,1261803,468308,456441,95.5,228.06939,84.64611,82.50117,468308,456441,84.64611,82.50117,2022-03-30
3,13,328,1262131,468311,456454,95.5,228.12867,84.64665,82.50352,468311,456454,84.64665,82.50352,2022-03-31
21,54,281,1262412,468332,456508,95.5,228.17946,84.65045,82.51328,468332,456508,84.65045,82.51328,2022-04-01
9,70,265,1262677,468341,456578,95.5,228.22736,84.65208,82.52593,468341,456578,84.65208,82.52593,2022-04-02
1,-6,11,1262688,468342,456572,95.5,228.22935,84.65226,82.52484,468342,456572,84.65226,82.52484,2022-04-03
8,33,174,1262862,468350,456605,95.6,228.2608,84.6537,82.53081,468350,456605,84.6537,82.53081,2022-04-04
2,20,221,1263083,468352,456625,95.6,228.30074,84.65406,82.53442,468352,456625,84.65406,82.53442,2022-04-05
1,21,236,1263319,468353,456646,96.0,228.3434,84.65425,82.53822,468353,456646,84.65425,82.53822,2022-04-06
10,36,214,1263533,468363,456682,96.0,228.38208,84.65605,82.54473,468363,456682,84.65605,82.54473,2022-04-07
18,47,233,1263766,468381,456729,96.0,228.4242,84.65931,82.55322,468381,456729,84.65931,82.55322,2022-04-08
0,8,30,1263796,468381,456737,96.0,228.42962,84.65931,82.55467,468381,456737,84.65931,82.55467,2022-04-09
