delta_1d,delta_2d,delta_all,sum_doses,sum_1d,sum_2d,perc_doses,perc_inh_tot,perc_inh_1d,perc_inh_2d,sum_monotone_1d,sum_monotone_2d,perc_inh_monotone_1d,perc_inh_monotone_2d,date
0,0,0,0,0,0,0,0,0,0,0,0,0,0,2020-12-26
316,0,316,316,316,0,112.9,0.01668,0.01668,0.0,316,0,0.01668,0.0,2020-12-27
6,0,6,322,322,0,115.0,0.017,0.017,0.0,322,0,0.017,0.0,2020-12-28
0,0,0,322,322,0,115.0,0.017,0.017,0.0,322,0,0.017,0.0,2020-12-29
0,0,0,322,322,0,115.0,0.017,0.017,0.0,322,0,0.017,0.0,2020-12-30
0,0,0,322,322,0,2.5,0.017,0.017,0.0,322,0,0.017,0.0,2020-12-31
0,0,0,322,322,0,2.5,0.017,0.017,0.0,322,0,0.017,0.0,2021-01-01
166,0,166,488,488,0,3.8,0.02576,0.02576,0.0,488,0,0.02576,0.0,2021-01-02
6,0,6,494,494,0,3.8,0.02608,0.02608,0.0,494,0,0.02608,0.0,2021-01-03
1074,3,1074,1568,1568,3,6.6,0.08278,0.08278,0.00016,1568,3,0.08278,0.00016,2021-01-04
1546,2,1546,3114,3114,5,13.2,0.1644,0.1644,0.00026,3114,5,0.1644,0.00026,2021-01-05
953,0,953,4067,4067,5,17.2,0.21472,0.21472,0.00026,4067,5,0.21472,0.00026,2021-01-06
2218,4,2218,6285,6285,9,26.5,0.33182,0.33182,0.00048,6285,9,0.33182,0.00048,2021-01-07
2200,7,2200,8485,8485,16,35.8,0.44797,0.44797,0.00084,8485,16,0.44797,0.00084,2021-01-08
2088,8,2088,10573,10573,24,44.6,0.5582,0.5582,0.00127,10573,24,0.5582,0.00127,2021-01-09
953,0,953,11526,11526,24,48.7,0.60852,0.60852,0.00127,11526,24,0.60852,0.00127,2021-01-10
2187,2,2187,13713,13713,26,53.5,0.72398,0.72398,0.00137,13713,26,0.72398,0.00137,2021-01-11
2091,9,2091,15804,15804,35,40.2,0.83438,0.83438,0.00185,15804,35,0.83438,0.00185,2021-01-12
2097,12,2097,17901,17901,47,45.6,0.94509,0.94509,0.00248,17901,47,0.94509,0.00248,2021-01-13
2664,6,2664,20565,20565,53,52.4,1.08573,1.08573,0.0028,20565,53,1.08573,0.0028,2021-01-14
2817,6,2817,23382,23382,59,59.5,1.23446,1.23446,0.00311,23382,59,1.23446,0.00311,2021-01-15
2418,3,2418,25800,25800,62,65.7,1.36212,1.36212,0.00327,25800,62,1.36212,0.00327,2021-01-16
809,106,909,26709,26609,168,68.0,1.41011,1.40483,0.00887,26609,168,1.40483,0.00887,2021-01-17
1058,252,1306,28015,27667,420,71.3,1.47906,1.46069,0.02217,27667,420,1.46069,0.02217,2021-01-18
1119,15,1132,29147,28786,435,61.4,1.53882,1.51976,0.02297,28786,435,1.51976,0.02297,2021-01-19
1408,4,1409,30556,30194,439,62.8,1.61321,1.5941,0.02318,30194,439,1.5941,0.02318,2021-01-20
948,36,981,31537,31142,475,64.8,1.665,1.64415,0.02508,31142,475,1.64415,0.02508,2021-01-21
659,2,661,32198,31801,477,66.2,1.6999,1.67894,0.02518,31801,477,1.67894,0.02518,2021-01-22
360,43,403,32601,32161,520,67.0,1.72118,1.69795,0.02745,32161,520,1.69795,0.02745,2021-01-23
41,6,47,32648,32202,526,67.1,1.72366,1.70011,0.02777,32202,526,1.70011,0.02777,2021-01-24
150,937,1087,33735,32352,1463,69.4,1.78105,1.70803,0.07724,32352,1463,1.70803,0.07724,2021-01-25
270,1619,1888,35623,32622,3082,71.5,1.88072,1.72229,0.16271,32622,3082,1.72229,0.16271,2021-01-26
386,1104,1489,37112,33008,4186,59.2,1.95934,1.74267,0.221,33008,4186,1.74267,0.221,2021-01-27
79,2218,2297,39409,33087,6404,62.9,2.08061,1.74684,0.3381,33087,6404,1.74684,0.3381,2021-01-28
227,1851,2077,41486,33314,8255,66.2,2.19026,1.75882,0.43582,33314,8255,1.75882,0.43582,2021-01-29
307,1908,2212,43698,33621,10163,69.7,2.30705,1.77503,0.53656,33621,10163,1.77503,0.53656,2021-01-30
150,978,1128,44826,33771,11141,71.5,2.3666,1.78295,0.58819,33771,11141,1.78295,0.58819,2021-01-31
241,2316,2554,47380,34012,13457,73.1,2.50144,1.79567,0.71047,34012,13457,1.79567,0.71047,2021-02-01
176,2198,2374,49754,34188,15655,62.2,2.62677,1.80496,0.82651,34188,15655,1.80496,0.82651,2021-02-02
528,2344,2867,52621,34716,17999,65.8,2.77814,1.83284,0.95026,34716,17999,1.83284,0.95026,2021-02-03
654,3023,3671,56292,35370,21022,70.4,2.97195,1.86737,1.10986,35370,21022,1.86737,1.10986,2021-02-04
488,3388,3861,60153,35858,24410,75.2,3.17579,1.89313,1.28873,35858,24410,1.89313,1.28873,2021-02-05
440,2487,2926,63079,36298,26897,78.9,3.33027,1.91636,1.42003,36298,26897,1.91636,1.42003,2021-02-06
145,726,869,63948,36443,27623,79.9,3.37615,1.92402,1.45836,36443,27623,1.92402,1.45836,2021-02-07
670,1211,1878,65826,37113,28834,82.3,3.4753,1.95939,1.5223,37113,28834,1.95939,1.5223,2021-02-08
959,1221,2171,67997,38072,30055,65.1,3.58992,2.01002,1.58676,38072,30055,2.01002,1.58676,2021-02-09
889,1649,2523,70520,38961,31704,67.6,3.72312,2.05696,1.67382,38961,31704,2.05696,1.67382,2021-02-10
1085,1288,2351,72871,40046,32992,69.8,3.84724,2.11424,1.74182,40046,32992,2.11424,1.74182,2021-02-11
948,779,1721,74592,40994,33771,71.5,3.9381,2.16429,1.78295,40994,33771,2.16429,1.78295,2021-02-12
1044,372,1413,76005,42038,34143,64.6,4.0127,2.21941,1.80259,42038,34143,2.21941,1.80259,2021-02-13
452,38,489,76494,42490,34181,65.1,4.03852,2.24327,1.80459,42490,34181,2.24327,1.80459,2021-02-14
1017,168,1180,77674,43507,34349,66.1,4.10082,2.29696,1.81346,43507,34349,2.29696,1.81346,2021-02-15
1469,287,1751,79425,44976,34636,67.6,4.19326,2.37452,1.82862,44976,34636,2.37452,1.82862,2021-02-16
1663,230,1876,81301,46639,34866,69.2,4.29231,2.46232,1.84076,46639,34866,2.46232,1.84076,2021-02-17
1648,251,1880,83181,48287,35117,61.0,4.39156,2.54932,1.85401,48287,35117,2.54932,1.85401,2021-02-18
1252,273,1516,84697,49539,35390,62.1,4.4716,2.61542,1.86842,49539,35390,2.61542,1.86842,2021-02-19
1165,340,1491,86188,50704,35730,56.6,4.55032,2.67693,1.88637,50704,35730,2.67693,1.88637,2021-02-20
577,79,655,86843,51281,35809,57.0,4.5849,2.70739,1.89054,51281,35809,2.70739,1.89054,2021-02-21
1523,570,2084,88927,52804,36379,58.4,4.69492,2.7878,1.92064,52804,36379,2.7878,1.92064,2021-02-22
1491,124,1610,90537,54295,36503,52.6,4.77992,2.86652,1.92718,54295,36503,2.86652,1.92718,2021-02-23
1461,486,1941,92478,55756,36989,53.7,4.8824,2.94365,1.95284,55756,36989,2.94365,1.95284,2021-02-24
2314,639,2913,95391,58070,37628,55.4,5.03619,3.06582,1.98658,58070,37628,3.06582,1.98658,2021-02-25
2680,477,3142,98533,60750,38105,57.2,5.20207,3.20731,2.01176,60750,38105,3.20731,2.01176,2021-02-26
3660,390,4043,102576,64410,38495,55.2,5.41552,3.40054,2.03235,64410,38495,3.40054,2.03235,2021-02-27
2212,158,2367,104943,66622,38653,56.5,5.54049,3.51732,2.04069,66622,38653,3.51732,2.04069,2021-02-28
2286,465,2747,107690,68908,39118,55.6,5.68552,3.63801,2.06524,68908,39118,3.63801,2.06524,2021-03-01
3624,804,4419,112109,72532,39922,52.5,5.91882,3.82934,2.10769,72532,39922,3.82934,2.10769,2021-03-02
4011,1101,5099,117208,76543,41023,54.9,6.18802,4.04111,2.16582,76543,41023,4.04111,2.16582,2021-03-03
4690,819,5489,122697,81233,41842,57.5,6.47782,4.28872,2.20906,81233,41842,4.28872,2.20906,2021-03-04
5665,594,6243,128940,86898,42436,60.4,6.80742,4.5878,2.24042,86898,42436,4.5878,2.24042,2021-03-05
7716,834,8527,137467,94614,43270,64.4,7.2576,4.99517,2.28445,94614,43270,4.99517,2.28445,2021-03-06
3314,107,3407,140874,97928,43377,66.0,7.43748,5.17013,2.2901,97928,43377,5.17013,2.2901,2021-03-07
4433,1112,5514,146388,102361,44489,68.6,7.72859,5.40417,2.34881,102361,44489,5.40417,2.34881,2021-03-08
5568,1058,6559,152947,107929,45547,64.8,8.07487,5.69814,2.40466,107929,45547,5.69814,2.40466,2021-03-09
5500,1407,6871,159818,113429,46954,62.2,8.43763,5.98851,2.47895,113429,46954,5.98851,2.47895,2021-03-10
6002,1346,7300,167118,119431,48300,65.1,8.82304,6.30539,2.55001,119431,48300,6.30539,2.55001,2021-03-11
4094,1083,5157,172275,123525,49383,67.1,9.0953,6.52153,2.60719,123525,49383,6.52153,2.60719,2021-03-12
5974,1062,7000,179275,129499,50445,67.7,9.46487,6.83693,2.66326,129499,50445,6.83693,2.66326,2021-03-13
2290,477,2760,182035,131789,50922,68.8,9.61058,6.95783,2.68844,131789,50922,6.95783,2.68844,2021-03-14
2178,1480,3648,185683,133967,52402,65.0,9.80318,7.07282,2.76658,133967,52402,7.07282,2.76658,2021-03-15
2197,1683,3867,189550,136164,54085,66.3,10.00734,7.18881,2.85543,136164,54085,7.18881,2.85543,2021-03-16
2197,1987,4174,193724,138361,56072,67.8,10.22771,7.3048,2.96033,138361,56072,7.3048,2.96033,2021-03-17
2360,2139,4475,198199,140721,58211,69.3,10.46396,7.4294,3.07326,140721,58211,7.4294,3.07326,2021-03-18
1894,2355,4242,202441,142615,60566,70.8,10.68792,7.52939,3.1976,142615,60566,7.52939,3.1976,2021-03-19
4196,2580,6760,209201,146811,63146,73.2,11.04482,7.75092,3.33381,146811,63146,7.75092,3.33381,2021-03-20
2740,1738,4467,213668,149551,64884,72.8,11.28065,7.89558,3.42557,149551,64884,7.89558,3.42557,2021-03-21
3205,1807,4987,218655,152756,66691,69.2,11.54394,8.06479,3.52097,152756,66691,8.06479,3.52097,2021-03-22
3445,1844,5267,223922,156201,68535,70.9,11.82202,8.24667,3.61832,156201,68535,8.24667,3.61832,2021-03-23
4548,3391,7915,231837,160749,71926,73.4,12.23989,8.48678,3.79735,160749,71926,8.48678,3.79735,2021-03-24
4613,2947,7526,239363,165362,74873,73.8,12.63723,8.73033,3.95294,165362,74873,8.73033,3.95294,2021-03-25
4973,3162,8105,247468,170335,78035,76.3,13.06513,8.99288,4.11988,170335,78035,8.99288,4.11988,2021-03-26
4706,4173,8834,256302,175041,82208,79.0,13.53153,9.24133,4.34019,175041,82208,9.24133,4.34019,2021-03-27
1570,1132,2697,258999,176611,83340,79.8,13.67392,9.32422,4.39996,176611,83340,9.32422,4.39996,2021-03-28
4006,1793,5775,264774,180617,85133,74.1,13.97881,9.53572,4.49462,180617,85133,9.53572,4.49462,2021-03-29
3674,2844,6497,271271,184291,87977,75.9,14.32182,9.72969,4.64477,184291,87977,9.72969,4.64477,2021-03-30
5105,4087,9158,280429,189396,92064,78.5,14.80532,9.99921,4.86054,189396,92064,9.99921,4.86054,2021-03-31
4189,4535,8687,289116,193585,96599,80.9,15.26395,10.22037,5.09997,193585,96599,10.22037,5.09997,2021-04-01
4612,3962,8540,297656,198197,100561,79.9,15.71482,10.46386,5.30914,198197,100561,10.46386,5.30914,2021-04-02
4584,4920,9441,307097,202781,105481,74.3,16.21326,10.70587,5.5689,202781,105481,10.70587,5.5689,2021-04-03
1151,433,1573,308670,203932,105914,74.7,16.29631,10.76664,5.59176,203932,105914,10.76664,5.59176,2021-04-04
2684,971,3643,312313,206616,106885,75.6,16.48864,10.90834,5.64302,206616,106885,10.90834,5.64302,2021-04-05
4499,3705,8171,320484,211115,110590,69.3,16.92003,11.14587,5.83863,211115,110590,11.14587,5.83863,2021-04-06
5101,4114,9164,329648,216216,114704,71.3,17.40385,11.41518,6.05583,216216,114704,11.41518,6.05583,2021-04-07
5870,3523,9345,338993,222086,118227,73.3,17.89722,11.72508,6.24182,222086,118227,11.72508,6.24182,2021-04-08
5120,2976,8014,347007,227206,121203,75.1,18.32032,11.9954,6.39894,227206,121203,11.9954,6.39894,2021-04-09
6857,4908,11719,358726,234063,126111,77.6,18.93903,12.35741,6.65806,234063,126111,12.35741,6.65806,2021-04-10
2259,1966,4208,362934,236322,128077,78.5,19.16119,12.47668,6.76186,236322,128077,12.47668,6.76186,2021-04-11
5378,1682,7034,369968,241700,129759,80.0,19.53255,12.76061,6.85066,241700,129759,12.76061,6.85066,2021-04-12
5626,1353,6956,376924,247326,131112,81.5,19.89979,13.05764,6.92209,247326,131112,13.05764,6.92209,2021-04-13
6639,1500,8090,385014,253965,132612,75.3,20.32691,13.40814,7.00128,253965,132612,13.40814,7.00128,2021-04-14
6030,1794,7778,392792,259995,134406,76.0,20.73755,13.7265,7.096,259995,134406,13.7265,7.096,2021-04-15
8686,1677,10310,403102,268681,136083,78.0,21.28187,14.18508,7.18454,268681,136083,14.18508,7.18454,2021-04-16
9066,1839,10854,413956,277747,137922,80.1,21.85491,14.66372,7.28163,277747,137922,14.66372,7.28163,2021-04-17
4955,939,5871,419827,282702,138861,81.3,22.16487,14.92532,7.3312,282702,138861,14.92532,7.3312,2021-04-18
6215,1727,7895,427722,288917,140588,80.8,22.58169,15.25344,7.42238,288917,140588,15.25344,7.42238,2021-04-19
6142,1816,7884,435606,295059,142404,82.3,22.99793,15.57771,7.51825,295059,142404,15.57771,7.51825,2021-04-20
8684,2976,11603,447209,303743,145380,76.1,23.61051,16.03619,7.67537,303743,145380,16.03619,7.67537,2021-04-21
6901,2977,9827,457036,310644,148357,77.0,24.12933,16.40053,7.83254,310644,148357,16.40053,7.83254,2021-04-22
9538,3703,13144,470180,320182,152060,79.2,24.82327,16.90409,8.02804,320182,152060,16.90409,8.02804,2021-04-23
15843,3533,19291,489471,336025,155593,82.5,25.84174,17.74052,8.21457,336025,155593,17.74052,8.21457,2021-04-24
14869,1096,15897,505368,350894,156689,85.2,26.68103,18.52553,8.27243,350894,156689,18.52553,8.27243,2021-04-25
7762,2477,10191,515559,358656,159166,85.4,27.21906,18.93533,8.40321,358656,159166,18.93533,8.40321,2021-04-26
8011,2012,9975,525534,366667,161178,86.9,27.7457,19.35827,8.50943,366667,161178,19.35827,8.50943,2021-04-27
9696,2966,12572,538106,376363,164144,80.0,28.40944,19.87018,8.66602,376363,164144,19.87018,8.66602,2021-04-28
8712,3853,12509,550615,385075,167997,81.8,29.06985,20.33013,8.86944,385075,167997,20.33013,8.86944,2021-04-29
10619,4552,15094,565709,395694,172549,84.1,29.86674,20.89076,9.10977,395694,172549,20.89076,9.10977,2021-04-30
12495,4413,16744,582453,408189,176962,78.4,30.75075,21.55044,9.34275,408189,176962,21.55044,9.34275,2021-05-01
10649,2127,12550,595003,418838,179089,80.1,31.41333,22.11265,9.45505,418838,179089,22.11265,9.45505,2021-05-02
10555,4678,14840,609843,429393,183767,82.1,32.19681,22.66991,9.70202,429393,183767,22.66991,9.70202,2021-05-03
11730,5109,16503,626346,441123,188876,84.3,33.06809,23.2892,9.97175,441123,188876,23.2892,9.97175,2021-05-04
8484,5317,13586,639932,449607,194193,79.1,33.78537,23.73711,10.25247,449607,194193,23.73711,10.25247,2021-05-05
8997,4397,13323,653255,458604,198590,80.8,34.48876,24.21211,10.48461,458604,198590,24.21211,10.48461,2021-05-06
9738,6649,16242,669497,468342,205239,81.7,35.34626,24.72623,10.83564,468342,205239,24.72623,10.83564,2021-05-07
10587,8045,18532,688029,478929,213284,83.9,36.32466,25.28517,11.26038,478929,213284,25.28517,11.26038,2021-05-08
6092,3627,9675,697704,485021,216911,85.1,36.83545,25.6068,11.45187,485021,216911,25.6068,11.45187,2021-05-09
7758,5502,13172,710876,492779,222413,86.7,37.53087,26.01639,11.74235,492779,222413,26.01639,11.74235,2021-05-10
10313,4891,15119,725995,503092,227304,88.5,38.32908,26.56086,12.00057,503092,227304,26.56086,12.00057,2021-05-11
10927,5703,16481,742476,514019,233007,83.8,39.1992,27.13776,12.30166,514019,233007,27.13776,12.30166,2021-05-12
11251,4927,15973,758449,525270,237934,84.6,40.0425,27.73176,12.56178,525270,237934,27.73176,12.56178,2021-05-13
13055,7052,19937,778386,538325,244986,85.5,41.09508,28.421,12.9341,538325,244986,28.421,12.9341,2021-05-14
20399,10993,27264,805650,558724,255979,88.5,42.53449,29.49797,13.51447,558724,255979,29.49797,13.51447,2021-05-15
9975,6262,13815,819465,568699,262241,90.1,43.26385,30.0246,13.84508,568699,262241,30.0246,13.84508,2021-05-16
10196,5807,14912,834377,578895,268048,91.7,44.05114,30.5629,14.15166,578895,268048,30.5629,14.15166,2021-05-17
11915,4949,15340,849717,590810,272997,93.4,44.86102,31.19196,14.41294,590810,272997,31.19196,14.41294,2021-05-18
11335,7394,18322,868039,602145,280391,89.1,45.82833,31.79039,14.80331,602145,280391,31.79039,14.80331,2021-05-19
11338,5936,16991,885030,613483,286327,89.8,46.72537,32.38898,15.1167,613483,286327,32.38898,15.1167,2021-05-20
13966,7880,21355,906385,627449,294207,90.3,47.85282,33.12632,15.53273,627449,294207,33.12632,15.53273,2021-05-21
14304,9123,22199,928584,641753,303330,92.5,49.02482,33.88151,16.01438,641753,303330,33.88151,16.01438,2021-05-22
7040,5588,11392,939976,648793,308918,93.6,49.62626,34.25318,16.3094,648793,308918,34.25318,16.3094,2021-05-23
10019,9505,17781,957757,658812,318423,93.4,50.56501,34.78214,16.81122,658812,318423,34.78214,16.81122,2021-05-24
10302,8040,16420,974177,669114,326463,95.0,51.43191,35.32604,17.23569,669114,326463,35.32604,17.23569,2021-05-25
10416,9548,18731,992908,679530,336011,91.1,52.42082,35.87595,17.73978,679530,336011,35.87595,17.73978,2021-05-26
9855,9424,17666,1010574,689385,345435,92.7,53.3535,36.39625,18.23733,689385,345435,36.39625,18.23733,2021-05-27
11534,10345,20995,1031569,700919,355780,94.7,54.46194,37.00519,18.78349,700919,355780,37.00519,18.78349,2021-05-28
9426,10339,19290,1050859,710345,366119,96.4,55.48036,37.50284,19.32934,710345,366119,37.50284,19.32934,2021-05-29
6841,4595,10994,1061853,717186,370714,94.4,56.06079,37.86401,19.57194,717186,370714,37.86401,19.57194,2021-05-30
7390,9349,15297,1077150,724576,380063,95.8,56.8684,38.25417,20.06552,724576,380063,38.25417,20.06552,2021-05-31
7944,7213,12877,1090027,732520,387276,88.9,57.54824,38.67357,20.44633,732520,387276,38.67357,20.44633,2021-06-01
8833,5952,12099,1102126,741353,393228,89.8,58.18701,39.13991,20.76057,741353,393228,39.13991,20.76057,2021-06-02
9645,6658,14248,1116374,750998,399886,90.2,58.93924,39.64912,21.11208,750998,399886,39.64912,21.11208,2021-06-03
13025,6983,17540,1133914,764023,406869,87.4,59.86527,40.33678,21.48075,764023,406869,40.33678,21.48075,2021-06-04
17705,6575,20750,1154664,781728,413444,89.0,60.96077,41.27152,21.82788,781728,413444,41.27152,21.82788,2021-06-05
12084,4482,13798,1168462,793812,417926,89.3,61.68924,41.9095,22.06451,793812,417926,41.9095,22.06451,2021-06-06
14792,6328,18006,1186468,808604,424254,90.7,62.63987,42.69045,22.39859,808604,424254,42.69045,22.39859,2021-06-07
14642,5067,16683,1203151,823246,429321,92.0,63.52065,43.46347,22.66611,823246,429321,43.46347,22.66611,2021-06-08
15990,4254,18254,1221405,839236,433575,86.9,64.48438,44.30767,22.8907,839236,433575,44.30767,22.8907,2021-06-09
13088,3837,15895,1237300,852324,437412,87.8,65.32356,44.99865,23.09327,852324,437412,44.99865,23.09327,2021-06-10
15251,3715,17827,1255127,867575,441127,88.0,66.26474,45.80383,23.28941,867575,441127,45.80383,23.28941,2021-06-11
10848,2787,13247,1268374,878423,443914,89.0,66.96412,46.37656,23.43655,878423,443914,46.37656,23.43655,2021-06-12
5785,1264,6844,1275218,884208,445178,89.5,67.32545,46.68198,23.50328,884208,445178,46.68198,23.50328,2021-06-13
9708,4838,14360,1289578,893916,450016,89.8,68.08359,47.19451,23.7587,893916,450016,47.19451,23.7587,2021-06-14
10332,5022,15160,1304738,904248,455038,90.8,68.88396,47.73999,24.02384,904248,455038,47.73999,24.02384,2021-06-15
12215,6333,18338,1323076,916463,461371,85.6,69.85212,48.38489,24.35819,916463,461371,48.38489,24.35819,2021-06-16
9651,6291,15819,1338895,926114,467662,86.6,70.68729,48.89441,24.69033,926114,467662,48.89441,24.69033,2021-06-17
11401,7672,18909,1357804,937515,475334,87.9,71.68559,49.49633,25.09537,937515,475334,49.49633,25.09537,2021-06-18
8569,7454,15852,1373656,946084,482788,88.9,72.5225,49.94874,25.48891,946084,482788,49.94874,25.48891,2021-06-19
3843,2874,6651,1380307,949927,485662,87.8,72.87365,50.15163,25.64064,949927,485662,50.15163,25.64064,2021-06-20
8032,7493,15402,1395709,957959,493155,88.8,73.6868,50.57568,26.03624,957959,493155,50.57568,26.03624,2021-06-21
7476,7301,14623,1410332,965435,500456,89.7,74.45882,50.97038,26.4217,965435,500456,50.97038,26.4217,2021-06-22
8231,9215,17232,1427564,973666,509671,83.8,75.36859,51.40493,26.9082,973666,509671,51.40493,26.9082,2021-06-23
7063,8498,15411,1442975,980729,518169,84.7,76.18222,51.77783,27.35686,980729,518169,51.77783,27.35686,2021-06-24
8156,10849,18830,1461805,988885,529018,85.8,77.17635,52.20843,27.92963,988885,529018,52.20843,27.92963,2021-06-25
7644,8081,15575,1477380,996529,537099,85.6,77.99864,52.61199,28.35627,996529,537099,52.61199,28.35627,2021-06-26
5028,3517,8423,1485803,1001557,540616,86.1,78.44333,52.87745,28.54195,1001557,540616,52.87745,28.54195,2021-06-27
5442,8004,13301,1499104,1006999,548620,86.9,79.14556,53.16476,28.96453,1006999,548620,53.16476,28.96453,2021-06-28
5410,7780,13069,1512173,1012409,556400,87.6,79.83554,53.45038,29.37527,1012409,556400,53.45038,29.37527,2021-06-29
7120,9438,16386,1528559,1019529,565838,83.2,80.70065,53.82628,29.87356,1019529,565838,53.82628,29.87356,2021-06-30
5557,6973,12388,1540947,1025086,572811,83.9,81.35467,54.11967,30.2417,1025086,572811,54.11967,30.2417,2021-07-01
6328,10077,16270,1557217,1031414,582888,83.8,82.21365,54.45375,30.77371,1031414,582888,54.45375,30.77371,2021-07-02
5360,9960,15179,1572396,1036774,592848,84.7,83.01503,54.73674,31.29955,1036774,592848,54.73674,31.29955,2021-07-03
2029,3981,5952,1578348,1038803,596829,84.9,83.32927,54.84386,31.50973,1038803,596829,54.84386,31.50973,2021-07-04
4331,9156,13383,1591731,1043134,605985,85.6,84.03583,55.07251,31.99313,1043134,605985,55.07251,31.99313,2021-07-05
3903,8703,12496,1604227,1047037,614688,86.3,84.69556,55.27857,32.4526,1047037,614688,55.27857,32.4526,2021-07-06
3979,10091,13968,1618195,1051016,624779,84.0,85.433,55.48865,32.98536,1051016,624779,55.48865,32.98536,2021-07-07
2742,9383,12051,1630246,1053758,634162,84.6,86.06924,55.63341,33.48074,1053758,634162,55.63341,33.48074,2021-07-08
3706,12074,15673,1645919,1057464,646236,85.4,86.8967,55.82907,34.11819,1057464,646236,55.82907,34.11819,2021-07-09
3293,12709,15943,1661862,1060757,658945,85.6,87.73841,56.00292,34.78916,1060757,658945,56.00292,34.78916,2021-07-10
856,5592,6432,1668294,1061613,664537,85.9,88.07799,56.04812,35.08439,1061613,664537,56.04812,35.08439,2021-07-11
2732,15309,17976,1686270,1064345,679846,86.8,89.02704,56.19235,35.89264,1064345,679846,56.19235,35.89264,2021-07-12
2390,15130,17441,1703711,1066735,694976,87.7,89.94784,56.31853,36.69143,1066735,694976,56.31853,36.69143,2021-07-13
4230,18501,22622,1726333,1070965,713477,85.9,91.14217,56.54186,37.66819,1070965,713477,56.54186,37.66819,2021-07-14
2576,15773,18299,1744632,1073541,729250,86.9,92.10827,56.67786,38.50093,1073541,729250,56.67786,38.50093,2021-07-15
3453,17693,21047,1765679,1076994,746943,87.9,93.21945,56.86016,39.43504,1076994,746943,56.86016,39.43504,2021-07-16
2779,15636,18337,1784016,1079773,762579,88.8,94.18756,57.00688,40.26054,1079773,762579,57.00688,40.26054,2021-07-17
1308,7529,8785,1792801,1081081,770108,88.2,94.65137,57.07594,40.65804,1081081,770108,57.07594,40.65804,2021-07-18
3070,15994,18998,1811799,1084151,786102,89.1,95.65437,57.23802,41.50245,1084151,786102,57.23802,41.50245,2021-07-19
3272,14309,17490,1829289,1087423,800411,90.0,96.57776,57.41076,42.25789,1087423,800411,57.41076,42.25789,2021-07-20
4608,17603,22069,1851358,1092031,818014,88.1,97.7429,57.65404,43.18725,1092031,818014,57.65404,43.18725,2021-07-21
3565,14859,18305,1869663,1095596,832873,89.0,98.70931,57.84226,43.97173,1095596,832873,57.84226,43.97173,2021-07-22
5648,17245,22731,1892394,1101244,850118,90.1,99.9094,58.14045,44.88219,1101244,850118,58.14045,44.88219,2021-07-23
4673,13463,18014,1910408,1105917,863581,89.5,100.86046,58.38716,45.59297,1105917,863581,58.38716,45.59297,2021-07-24
1502,5491,6950,1917358,1107419,869072,89.9,101.22738,58.46646,45.88287,1107419,869072,58.46646,45.88287,2021-07-25
5268,13591,18734,1936092,1112687,882663,90.8,102.21645,58.74458,46.60041,1112687,882663,58.74458,46.60041,2021-07-26
5100,12638,17580,1953672,1117787,895301,90.3,103.14459,59.01384,47.26763,1117787,895301,59.01384,47.26763,2021-07-27
6003,15525,21375,1975047,1123790,910826,88.7,104.27309,59.33077,48.08728,1123790,910826,59.33077,48.08728,2021-07-28
4814,12928,17583,1992630,1128604,923754,89.4,105.20139,59.58492,48.76982,1128604,923754,59.58492,48.76982,2021-07-29
5635,14273,19721,2012351,1134239,938027,90.3,106.24256,59.88242,49.52336,1134239,938027,59.88242,49.52336,2021-07-30
3709,10199,13796,2026147,1137948,948226,91.0,106.97093,60.07824,50.06182,1137948,948226,60.07824,50.06182,2021-07-31
1197,3749,4897,2031044,1139145,951975,91.2,107.22946,60.14144,50.25975,1139145,951975,60.14144,50.25975,2021-08-01
3779,11374,15067,2046111,1142924,963349,91.8,108.02493,60.34095,50.86025,1142924,963349,60.34095,50.86025,2021-08-02
3983,10213,14096,2060207,1146907,973562,91.6,108.76913,60.55124,51.39944,1146907,973562,60.55124,51.39944,2021-08-03
4352,11780,16007,2076214,1151259,985342,89.6,109.61423,60.781,52.02137,1151259,985342,60.781,52.02137,2021-08-04
3971,8624,12459,2088673,1155230,993966,90.1,110.272,60.99065,52.47668,1155230,993966,60.99065,52.47668,2021-08-05
5208,10581,15608,2104281,1160438,1004547,90.8,111.09603,61.26561,53.0353,1160438,1004547,61.26561,53.0353,2021-08-06
3084,6571,9527,2113808,1163522,1011118,91.2,111.59901,61.42843,53.38222,1163522,1011118,61.42843,53.38222,2021-08-07
1519,2756,4216,2118024,1165041,1013874,91.4,111.82159,61.50862,53.52773,1165041,1013874,61.50862,53.52773,2021-08-08
4799,8551,13163,2131187,1169840,1022425,91.7,112.51654,61.76199,53.97918,1169840,1022425,61.76199,53.97918,2021-08-09
3697,6218,9776,2140963,1173537,1028643,92.1,113.03266,61.95717,54.30746,1173537,1028643,61.95717,54.30746,2021-08-10
3635,7566,11044,2152007,1177172,1036209,89.8,113.61574,62.14908,54.70691,1177172,1036209,62.14908,54.70691,2021-08-11
2974,4896,7632,2159639,1180146,1041105,90.1,114.01867,62.3061,54.96539,1180146,1041105,62.3061,54.96539,2021-08-12
2509,5168,7588,2167227,1182655,1046273,90.4,114.41928,62.43856,55.23824,1182655,1046273,62.43856,55.23824,2021-08-13
740,1513,2229,2169456,1183395,1047786,90.5,114.53696,62.47763,55.31812,1183395,1047786,62.47763,55.31812,2021-08-14
18,34,51,2169507,1183413,1047820,90.5,114.53965,62.47858,55.31991,1183413,1047820,62.47858,55.31991,2021-08-15
2411,4588,6935,2176442,1185824,1052408,90.8,114.90579,62.60587,55.56214,1185824,1052408,62.60587,55.56214,2021-08-16
2842,4955,7667,2184109,1188666,1057363,89.5,115.31057,62.75591,55.82374,1188666,1057363,62.75591,55.82374,2021-08-17
2298,4410,6603,2190712,1190964,1061773,85.8,115.65918,62.87724,56.05656,1190964,1061773,62.87724,56.05656,2021-08-18
0,0,0,2190712,1190964,1061773,85.8,115.65918,62.87724,56.05656,1190964,1061773,62.87724,56.05656,2021-08-19
