delta_1d,delta_2d,delta_all,sum_doses,sum_1d,sum_2d,perc_doses,perc_inh_tot,perc_inh_1d,perc_inh_2d,sum_monotone_1d,sum_monotone_2d,perc_inh_monotone_1d,perc_inh_monotone_2d,date
0,0,0,0,0,0,0,0,0,0,0,0,0,0,2020-12-26
318,0,318,318,318,0,113.6,0.01679,0.01679,0.0,318,0,0.01679,0.0,2020-12-27
6,0,6,324,324,0,115.7,0.01711,0.01711,0.0,324,0,0.01711,0.0,2020-12-28
0,0,0,324,324,0,115.7,0.01711,0.01711,0.0,324,0,0.01711,0.0,2020-12-29
0,0,0,324,324,0,115.7,0.01711,0.01711,0.0,324,0,0.01711,0.0,2020-12-30
0,0,0,324,324,0,2.5,0.01711,0.01711,0.0,324,0,0.01711,0.0,2020-12-31
0,0,0,324,324,0,2.5,0.01711,0.01711,0.0,324,0,0.01711,0.0,2021-01-01
166,0,166,490,490,0,3.8,0.02587,0.02587,0.0,490,0,0.02587,0.0,2021-01-02
6,1,6,496,496,1,3.8,0.02619,0.02619,5e-05,496,1,0.02619,5e-05,2021-01-03
1077,0,1077,1573,1573,1,6.6,0.08305,0.08305,5e-05,1573,1,0.08305,5e-05,2021-01-04
1560,2,1560,3133,3133,3,13.2,0.16541,0.16541,0.00016,3133,3,0.16541,0.00016,2021-01-05
958,1,958,4091,4091,4,17.3,0.21599,0.21599,0.00021,4091,4,0.21599,0.00021,2021-01-06
2227,0,2227,6318,6318,4,26.7,0.33356,0.33356,0.00021,6318,4,0.33356,0.00021,2021-01-07
2202,4,2202,8520,8520,8,36.0,0.44982,0.44982,0.00042,8520,8,0.44982,0.00042,2021-01-08
2117,1,2117,10637,10637,9,44.9,0.56158,0.56158,0.00048,10637,9,0.56158,0.00048,2021-01-09
963,3,963,11600,11600,12,49.0,0.61242,0.61242,0.00063,11600,12,0.61242,0.00063,2021-01-10
2202,1,2202,13802,13802,13,53.9,0.72868,0.72868,0.00069,13802,13,0.72868,0.00069,2021-01-11
2098,0,2098,15900,15900,13,40.5,0.83944,0.83944,0.00069,15900,13,0.83944,0.00069,2021-01-12
2118,5,2118,18018,18018,18,45.9,0.95126,0.95126,0.00095,18018,18,0.95126,0.00095,2021-01-13
2692,2,2692,20710,20710,20,52.7,1.09339,1.09339,0.00106,20710,20,1.09339,0.00106,2021-01-14
2828,1,2828,23538,23538,21,59.9,1.24269,1.24269,0.00111,23538,21,1.24269,0.00111,2021-01-15
2443,1,2443,25981,25981,22,66.1,1.37167,1.37167,0.00116,25981,22,1.37167,0.00116,2021-01-16
816,105,917,26898,26797,127,68.5,1.42009,1.41475,0.0067,26797,127,1.41475,0.0067,2021-01-17
1063,251,1314,28212,27860,378,71.8,1.48946,1.47088,0.01996,27860,378,1.47088,0.01996,2021-01-18
1122,13,1135,29347,28982,391,61.8,1.54938,1.53011,0.02064,28982,391,1.53011,0.02064,2021-01-19
1413,3,1414,30761,30395,394,63.2,1.62403,1.60471,0.0208,30395,394,1.60471,0.0208,2021-01-20
956,36,991,31752,31351,430,65.3,1.67635,1.65518,0.0227,31351,430,1.65518,0.0227,2021-01-21
660,2,662,32414,32011,432,66.6,1.71131,1.69003,0.02281,32011,432,1.69003,0.02281,2021-01-22
362,43,405,32819,32373,475,67.5,1.73269,1.70914,0.02508,32373,475,1.70914,0.02508,2021-01-23
41,6,47,32866,32414,481,67.6,1.73517,1.71131,0.02539,32414,481,1.71131,0.02539,2021-01-24
149,941,1090,33956,32563,1422,69.8,1.79272,1.71917,0.07507,32563,1422,1.71917,0.07507,2021-01-25
272,1634,1906,35862,32835,3056,72.0,1.89334,1.73353,0.16134,32835,3056,1.73353,0.16134,2021-01-26
384,1108,1492,37354,33219,4164,59.6,1.97211,1.75381,0.21984,33219,4164,1.75381,0.21984,2021-01-27
78,2227,2305,39659,33297,6391,63.3,2.09381,1.75792,0.33741,33297,6391,1.75792,0.33741,2021-01-28
226,1858,2084,41743,33523,8249,66.6,2.20383,1.76985,0.43551,33523,8249,1.76985,0.43551,2021-01-29
289,1924,2213,43956,33812,10173,70.1,2.32067,1.78511,0.53709,33812,10173,1.78511,0.53709,2021-01-30
149,988,1137,45093,33961,11161,71.9,2.3807,1.79298,0.58925,33961,11161,1.79298,0.58925,2021-01-31
241,2334,2575,47668,34202,13495,73.6,2.51664,1.8057,0.71247,34202,13495,1.8057,0.71247,2021-02-01
176,2204,2380,50048,34378,15699,62.6,2.6423,1.81499,0.82883,34378,15699,1.81499,0.82883,2021-02-02
518,2361,2879,52927,34896,18060,66.2,2.79429,1.84234,0.95348,34896,18060,1.84234,0.95348,2021-02-03
653,3039,3690,56617,35549,21099,70.8,2.98911,1.87682,1.11393,35549,21099,1.87682,1.11393,2021-02-04
484,3391,3873,60490,36033,24490,75.6,3.19358,1.90237,1.29296,36033,24490,1.90237,1.29296,2021-02-05
432,2523,2954,63444,36465,27013,79.3,3.34954,1.92518,1.42616,36465,27013,1.92518,1.42616,2021-02-06
145,733,877,64321,36610,27746,80.4,3.39584,1.93283,1.46486,36610,27746,1.93283,1.46486,2021-02-07
670,1214,1883,66204,37280,28960,82.8,3.49526,1.96821,1.52895,37280,28960,1.96821,1.52895,2021-02-08
966,1223,2186,68390,38246,30183,65.5,3.61067,2.01921,1.59352,38246,30183,2.01921,1.59352,2021-02-09
893,1642,2531,70921,39139,31825,68.0,3.74429,2.06635,1.68021,39139,31825,2.06635,1.68021,2021-02-10
1089,1277,2360,73281,40228,33102,70.2,3.86889,2.12385,1.74763,40228,33102,2.12385,1.74763,2021-02-11
949,772,1718,74999,41177,33874,71.9,3.95959,2.17395,1.78839,41177,33874,2.17395,1.78839,2021-02-12
1052,375,1425,76424,42229,34249,65.0,4.03482,2.22949,1.80818,42229,34249,2.22949,1.80818,2021-02-13
455,41,493,76917,42684,34290,65.4,4.06085,2.25351,1.81035,42684,34290,2.25351,1.81035,2021-02-14
1024,174,1193,78110,43708,34464,66.4,4.12384,2.30757,1.81954,43708,34464,2.30757,1.81954,2021-02-15
1479,289,1761,79871,45187,34753,67.9,4.21681,2.38566,1.83479,45187,34753,2.38566,1.83479,2021-02-16
1684,225,1898,81769,46871,34978,69.5,4.31701,2.47457,1.84667,46871,34978,2.47457,1.84667,2021-02-17
1674,245,1909,83678,48545,35223,61.4,4.4178,2.56295,1.85961,48545,35223,2.56295,1.85961,2021-02-18
1261,267,1526,85204,49806,35490,62.5,4.49837,2.62952,1.8737,49806,35490,2.62952,1.8737,2021-02-19
1214,331,1544,86748,51020,35821,56.9,4.57988,2.69361,1.89118,51020,35821,2.69361,1.89118,2021-02-20
608,81,689,87437,51628,35902,57.4,4.61626,2.72571,1.89545,51628,35902,2.72571,1.89545,2021-02-21
1565,569,2128,89565,53193,36471,58.8,4.72861,2.80834,1.9255,53193,36471,2.80834,1.9255,2021-02-22
1509,124,1628,91193,54702,36595,52.9,4.81456,2.88801,1.93204,54702,36595,2.88801,1.93204,2021-02-23
1488,484,1968,93161,56190,37079,54.1,4.91846,2.96656,1.95759,56190,37079,2.96656,1.95759,2021-02-24
2359,624,2966,96127,58549,37703,55.8,5.07505,3.09111,1.99054,58549,37703,3.09111,1.99054,2021-02-25
2745,482,3211,99338,61294,38185,57.7,5.24457,3.23603,2.01599,61294,38185,3.23603,2.01599,2021-02-26
3710,402,4097,103435,65004,38587,55.6,5.46088,3.4319,2.03721,65004,38587,3.4319,2.03721,2021-02-27
2253,167,2414,105849,67257,38754,56.9,5.58832,3.55085,2.04603,67257,38754,3.55085,2.04603,2021-02-28
2320,467,2781,108630,69577,39221,56.1,5.73515,3.67333,2.07068,69577,39221,3.67333,2.07068,2021-03-01
3644,813,4441,113071,73221,40034,53.0,5.96961,3.86572,2.1136,73221,40034,3.86572,2.1136,2021-03-02
4049,1117,5142,118213,77270,41151,55.4,6.24108,4.07949,2.17258,77270,41151,4.07949,2.17258,2021-03-03
4700,828,5504,123717,81970,41979,58.0,6.53167,4.32763,2.21629,81970,41979,4.32763,2.21629,2021-03-04
5676,605,6254,129971,87646,42584,60.9,6.86185,4.62729,2.24823,87646,42584,4.62729,2.24823,2021-03-05
7755,857,8579,138550,95401,43441,64.9,7.31478,5.03672,2.29348,95401,43441,5.03672,2.29348,2021-03-06
3329,113,3422,141972,98730,43554,66.5,7.49545,5.21247,2.29944,98730,43554,5.21247,2.29944,2021-03-07
4435,1134,5525,147497,103165,44688,69.1,7.78714,5.44662,2.35931,103165,44688,5.44662,2.35931,2021-03-08
5667,1060,6659,154156,108832,45748,65.4,8.1387,5.74581,2.41528,108832,45748,5.74581,2.41528,2021-03-09
5522,1448,6917,161073,114354,47196,62.7,8.50389,6.03735,2.49172,114354,47196,6.03735,2.49172,2021-03-10
6010,1395,7353,168426,120364,48591,65.6,8.89209,6.35465,2.56537,120364,48591,6.35465,2.56537,2021-03-11
4098,1104,5173,173599,124462,49695,67.6,9.1652,6.571,2.62366,124462,49695,6.571,2.62366,2021-03-12
5995,1127,7075,180674,130457,50822,68.3,9.53873,6.88751,2.68316,130457,50822,6.88751,2.68316,2021-03-13
2290,516,2794,183468,132747,51338,69.3,9.68624,7.00841,2.7104,132747,51338,7.00841,2.7104,2021-03-14
2179,1529,3690,187158,134926,52867,65.5,9.88105,7.12345,2.79113,134926,52867,7.12345,2.79113,2021-03-15
2196,1705,3887,191045,137122,54572,66.8,10.08627,7.23939,2.88114,137122,54572,7.23939,2.88114,2021-03-16
2201,2057,4247,195292,139323,56629,68.3,10.31049,7.35559,2.98974,139323,56629,7.35559,2.98974,2021-03-17
2375,2210,4564,199856,141698,58839,69.9,10.55145,7.48098,3.10642,141698,58839,7.48098,3.10642,2021-03-18
1895,2434,4322,204178,143593,61273,71.4,10.77963,7.58103,3.23492,143593,61273,7.58103,3.23492,2021-03-19
4202,2671,6850,211028,147795,63944,73.8,11.14127,7.80287,3.37594,147795,63944,7.80287,3.37594,2021-03-20
2736,1774,4491,215519,150531,65718,73.4,11.37838,7.94732,3.4696,150531,65718,7.94732,3.4696,2021-03-21
3208,1856,5040,220559,153739,67574,69.8,11.64447,8.11669,3.56759,153739,67574,8.11669,3.56759,2021-03-22
3458,1868,5298,225857,157197,69442,71.5,11.92418,8.29925,3.66621,157197,69442,8.29925,3.66621,2021-03-23
4618,3498,8082,233939,161815,72940,74.0,12.35087,8.54306,3.85089,161815,72940,8.54306,3.85089,2021-03-24
4592,3017,7558,241497,166407,75957,74.4,12.74989,8.7855,4.01017,166407,75957,8.7855,4.01017,2021-03-25
4982,3200,8142,249639,171389,79157,76.9,13.17975,9.04852,4.17911,171389,79157,9.04852,4.17911,2021-03-26
4716,4235,8899,258538,176105,83392,79.7,13.64958,9.29751,4.4027,176105,83392,9.29751,4.4027,2021-03-27
1568,1141,2697,261235,177673,84533,80.5,13.79197,9.38029,4.46294,177673,84533,9.38029,4.46294,2021-03-28
4011,1819,5791,267026,181684,86352,74.7,14.0977,9.59205,4.55897,181684,86352,9.59205,4.55897,2021-03-29
3728,2916,6617,273643,185412,89268,76.6,14.44705,9.78887,4.71293,185412,89268,9.78887,4.71293,2021-03-30
5106,4125,9181,282824,190518,93393,79.2,14.93176,10.05844,4.93071,190518,93393,10.05844,4.93071,2021-03-31
4194,4577,8734,291558,194712,97970,81.6,15.39288,10.27987,5.17235,194712,97970,10.27987,5.17235,2021-04-01
4623,4000,8580,300138,199335,101970,80.6,15.84586,10.52394,5.38353,199335,101970,10.52394,5.38353,2021-04-02
4609,4952,9486,309624,203944,106922,75.0,16.34667,10.76727,5.64497,203944,106922,10.76727,5.64497,2021-04-03
1154,439,1580,311204,205098,107361,75.3,16.43009,10.8282,5.66815,205098,107361,10.8282,5.66815,2021-04-04
2691,971,3651,314855,207789,108332,76.2,16.62285,10.97027,5.71941,207789,108332,10.97027,5.71941,2021-04-05
4501,3755,8225,323080,212290,112087,69.9,17.05709,11.2079,5.91766,212290,112087,11.2079,5.91766,2021-04-06
5146,4147,9229,332309,217436,116234,71.9,17.54433,11.47959,6.1366,217436,116234,11.47959,6.1366,2021-04-07
5894,3567,9408,341717,223330,119801,73.9,18.04103,11.79076,6.32492,223330,119801,11.79076,6.32492,2021-04-08
5180,2999,8089,349806,228510,122800,75.7,18.46809,12.06424,6.48326,228510,122800,12.06424,6.48326,2021-04-09
6894,4931,11780,361586,235404,127731,78.2,19.09002,12.42821,6.74359,235404,127731,12.42821,6.74359,2021-04-10
2264,1984,4227,365813,237668,129715,79.1,19.31319,12.54774,6.84834,237668,129715,12.54774,6.84834,2021-04-11
5391,1707,7069,372882,243059,131422,80.7,19.6864,12.83236,6.93846,243059,131422,12.83236,6.93846,2021-04-12
5652,1372,6999,379881,248711,132794,82.2,20.05591,13.13076,7.01089,248711,132794,13.13076,7.01089,2021-04-13
6624,1533,8110,387991,255335,134327,75.9,20.48408,13.48047,7.09183,255335,134327,13.48047,7.09183,2021-04-14
6067,1812,7832,395823,261402,136139,76.6,20.89757,13.80078,7.18749,261402,136139,13.80078,7.18749,2021-04-15
8730,1716,10386,406209,270132,137855,78.6,21.4459,14.26168,7.27809,270132,137855,14.26168,7.27809,2021-04-16
9095,1841,10886,417095,279227,139696,80.7,22.02063,14.74186,7.37528,279227,139696,14.74186,7.37528,2021-04-17
4975,946,5900,422995,284202,140642,81.9,22.33212,15.00451,7.42523,284202,140642,15.00451,7.42523,2021-04-18
6229,1739,7921,430916,290431,142381,81.4,22.75032,15.33338,7.51704,290431,142381,15.33338,7.51704,2021-04-19
6170,1845,7943,438859,296601,144226,82.9,23.16967,15.65912,7.61445,296601,144226,15.65912,7.61445,2021-04-20
8715,3058,11711,450570,305316,147284,76.6,23.78795,16.11923,7.77589,305316,147284,16.11923,7.77589,2021-04-21
6913,3012,9878,460448,312229,150296,77.6,24.30946,16.48421,7.93491,312229,150296,16.48421,7.93491,2021-04-22
9548,3708,13179,473627,321777,154004,79.8,25.00525,16.9883,8.13068,321777,154004,16.9883,8.13068,2021-04-23
15856,3555,19332,492959,337633,157559,83.1,26.02589,17.82542,8.31837,337633,157559,17.82542,8.31837,2021-04-24
14872,1094,15907,508866,352505,158653,85.7,26.8657,18.61059,8.37612,352505,158653,18.61059,8.37612,2021-04-25
7763,2490,10205,519071,360268,161143,86.0,27.40448,19.02044,8.50758,360268,161143,19.02044,8.50758,2021-04-26
8012,2033,9996,529067,368280,163176,87.5,27.93222,19.44343,8.61492,368280,163176,19.44343,8.61492,2021-04-27
9697,2970,12591,541658,377977,166146,80.5,28.59697,19.95539,8.77172,377977,166146,19.95539,8.77172,2021-04-28
8720,3907,12573,554231,386697,170053,82.4,29.26076,20.41576,8.97799,386697,170053,20.41576,8.97799,2021-04-29
10592,4630,15143,569374,397289,174683,84.6,30.06024,20.97497,9.22243,397289,174683,20.97497,9.22243,2021-04-30
12494,4439,16771,586145,409783,179122,78.9,30.94567,21.63459,9.45679,409783,179122,21.63459,9.45679,2021-05-01
10647,2151,12575,598720,420430,181273,80.6,31.60957,22.1967,9.57035,420430,181273,22.1967,9.57035,2021-05-02
10563,4716,14883,613603,430993,185989,82.6,32.39532,22.75438,9.81933,430993,185989,22.75438,9.81933,2021-05-03
11729,5181,16580,630183,442722,191170,84.8,33.27067,23.37362,10.09287,442722,191170,23.37362,10.09287,2021-05-04
8497,5396,13675,643858,451219,196566,79.6,33.99264,23.82222,10.37775,451219,196566,23.82222,10.37775,2021-05-05
8992,4486,13408,657266,460211,201052,81.3,34.70052,24.29695,10.61459,460211,201052,24.29695,10.61459,2021-05-06
9747,6754,16330,673596,469958,207806,82.2,35.56267,24.81155,10.97117,469958,207806,24.81155,10.97117,2021-05-07
10575,8183,18632,692228,480533,215989,84.4,36.54635,25.36986,11.40319,480533,215989,25.36986,11.40319,2021-05-08
6072,3713,9740,701968,486605,219702,85.6,37.06057,25.69043,11.59922,486605,219702,25.69043,11.59922,2021-05-09
7743,5534,13175,715143,494348,225236,87.2,37.75615,26.09922,11.89139,494348,225236,26.09922,11.89139,2021-05-10
10317,4956,15176,730319,504665,230192,89.1,38.55737,26.64391,12.15304,504665,230192,26.64391,12.15304,2021-05-11
10917,5752,16528,746847,515582,235944,84.3,39.42997,27.22028,12.45672,515582,235944,27.22028,12.45672,2021-05-12
11246,4980,16005,762852,526828,240924,85.1,40.27496,27.81401,12.71964,526828,240924,27.81401,12.71964,2021-05-13
13066,7082,19977,782829,539894,248006,86.0,41.32965,28.50384,13.09354,539894,248006,28.50384,13.09354,2021-05-14
20399,11024,27299,810128,560293,259030,89.0,42.77091,29.58081,13.67555,560293,259030,29.58081,13.67555,2021-05-15
9976,6286,13836,823964,570269,265316,90.6,43.50138,30.10749,14.00742,570269,265316,30.10749,14.00742,2021-05-16
10182,5840,14914,838878,580451,271156,92.2,44.28877,30.64505,14.31575,580451,271156,30.64505,14.31575,2021-05-17
11916,4958,15354,854232,592367,276114,93.9,45.09939,31.27416,14.57751,592367,276114,31.27416,14.57751,2021-05-18
11331,7429,18336,872568,603698,283543,89.6,46.06744,31.87238,14.96972,603698,283543,31.87238,14.96972,2021-05-19
11342,5958,17014,889582,615040,289501,90.2,46.9657,32.47119,15.28428,615040,289501,32.47119,15.28428,2021-05-20
13962,7921,21391,910973,629002,297422,90.8,48.09504,33.20831,15.70247,629002,297422,33.20831,15.70247,2021-05-21
14306,9136,22217,933190,643308,306558,93.0,49.26799,33.9636,16.1848,643308,306558,33.9636,16.1848,2021-05-22
7034,5602,11395,944585,650342,312160,94.1,49.8696,34.33496,16.48056,650342,312160,34.33496,16.48056,2021-05-23
10016,9518,17792,962377,660358,321678,93.9,50.80893,34.86376,16.98307,660358,321678,34.86376,16.98307,2021-05-24
10301,8051,16432,978809,670659,329729,95.5,51.67646,35.40761,17.40812,670659,329729,35.40761,17.40812,2021-05-25
10431,9572,18765,997574,681090,339301,91.5,52.66716,35.95831,17.91348,681090,339301,35.95831,17.91348,2021-05-26
9856,9445,17687,1015261,690946,348746,93.2,53.60095,36.47866,18.41213,690946,348746,36.47866,18.41213,2021-05-27
11536,10398,21044,1036305,702482,359144,95.1,54.71198,37.08771,18.9611,702482,359144,37.08771,18.9611,2021-05-28
9427,10360,19314,1055619,711909,369504,96.9,55.73166,37.58541,19.50805,711909,369504,37.58541,19.50805,2021-05-29
6857,4601,11012,1066631,718766,374105,94.8,56.31304,37.94743,19.75096,718766,374105,37.94743,19.75096,2021-05-30
7391,9357,15308,1081939,726157,383462,96.2,57.12123,38.33764,20.24497,726157,383462,38.33764,20.24497,2021-05-31
7947,7235,12899,1094838,734104,390697,89.2,57.80224,38.7572,20.62694,734104,390697,38.7572,20.62694,2021-06-01
8837,5971,12119,1106957,742941,396668,90.2,58.44207,39.22375,20.94218,742941,396668,39.22375,20.94218,2021-06-02
9638,6683,14263,1121220,752579,403351,90.6,59.19508,39.73259,21.29501,752579,403351,39.73259,21.29501,2021-06-03
13020,7007,17547,1138767,765599,410358,87.8,60.12148,40.41999,21.66495,765599,410358,40.41999,21.66495,2021-06-04
17723,6642,20819,1159586,783322,417000,89.4,61.22063,41.35568,22.01562,783322,417000,41.35568,22.01562,2021-06-05
12098,4516,13831,1173417,795420,421516,89.7,61.95084,41.99439,22.25404,795420,421516,41.99439,22.25404,2021-06-06
14791,6343,18014,1191431,810211,427859,91.1,62.90189,42.77529,22.58892,810211,427859,42.77529,22.58892,2021-06-07
14639,5094,16702,1208133,824850,432953,92.4,63.78368,43.54816,22.85786,824850,432953,43.54816,22.85786,2021-06-08
15981,4282,18272,1226405,840831,437235,87.3,64.74835,44.39188,23.08393,840831,437235,44.39188,23.08393,2021-06-09
13085,3867,15910,1242315,853916,441102,88.1,65.58832,45.0827,23.28809,853916,441102,45.0827,23.28809,2021-06-10
15246,3740,17836,1260151,869162,444842,88.4,66.52998,45.88762,23.48554,869162,444842,45.88762,23.48554,2021-06-11
10845,2800,13251,1273402,880007,447642,89.3,67.22957,46.46018,23.63337,880007,447642,46.46018,23.63337,2021-06-12
5786,1289,6868,1280270,885793,448931,89.8,67.59217,46.76566,23.70142,885793,448931,46.76566,23.70142,2021-06-13
9704,4857,14365,1294635,895497,453788,90.1,68.35057,47.27798,23.95785,895497,453788,47.27798,23.95785,2021-06-14
10334,5039,15174,1309809,905831,458827,91.2,69.15169,47.82357,24.22388,905831,458827,47.82357,24.22388,2021-06-15
12218,6365,18356,1328165,918049,465192,85.9,70.1208,48.46862,24.55993,918049,465192,48.46862,24.55993,2021-06-16
9651,6309,15827,1343992,927700,471501,87.0,70.95639,48.97815,24.89301,927700,471501,48.97815,24.89301,2021-06-17
11384,7713,18933,1362925,939084,479214,88.2,71.95596,49.57917,25.30022,939084,479214,49.57917,25.30022,2021-06-18
8566,7477,15864,1378789,947650,486691,89.2,72.7935,50.03141,25.69497,947650,486691,50.03141,25.69497,2021-06-19
3843,2885,6655,1385444,951493,489576,88.2,73.14485,50.23431,25.84728,951493,489576,50.23431,25.84728,2021-06-20
8039,7524,15430,1400874,959532,497100,89.1,73.95948,50.65873,26.24452,959532,497100,50.65873,26.24452,2021-06-21
7473,7320,14628,1415502,967005,504420,90.1,74.73177,51.05327,26.63098,967005,504420,51.05327,26.63098,2021-06-22
8226,9269,17271,1432773,975231,513689,84.1,75.6436,51.48756,27.12034,975231,513689,51.48756,27.12034,2021-06-23
7063,8549,15440,1448213,982294,522238,85.0,76.45876,51.86045,27.57168,982294,522238,51.86045,27.57168,2021-06-24
8144,10905,18853,1467066,990438,533143,86.1,77.45411,52.29042,28.14741,990438,533143,52.29042,28.14741,2021-06-25
7641,8123,15599,1482665,998079,541266,85.9,78.27766,52.69382,28.57627,998079,541266,52.69382,28.57627,2021-06-26
5025,3538,8427,1491092,1003104,544804,86.4,78.72257,52.95912,28.76306,1003104,544804,52.95912,28.76306,2021-06-27
5443,8031,13315,1504407,1008547,552835,87.2,79.42553,53.24649,29.18706,1008547,552835,53.24649,29.18706,2021-06-28
5405,7802,13082,1517489,1013952,560637,87.9,80.1162,53.53184,29.59897,1013952,560637,53.53184,29.59897,2021-06-29
7116,9465,16403,1533892,1021068,570102,83.5,80.9822,53.90753,30.09867,1021068,570102,53.90753,30.09867,2021-06-30
5558,6993,12398,1546290,1026626,577095,84.2,81.63676,54.20097,30.46787,1026626,577095,54.20097,30.46787,2021-07-01
6314,10128,16280,1562570,1032940,587223,84.1,82.49626,54.53432,31.00258,1032940,587223,54.53432,31.00258,2021-07-02
5361,9976,15189,1577759,1038301,597199,84.9,83.29817,54.81735,31.52927,1038301,597199,54.81735,31.52927,2021-07-03
2026,3998,5964,1583723,1040327,601197,85.2,83.61304,54.92432,31.74034,1040327,601197,54.92432,31.74034,2021-07-04
4321,9189,13388,1597111,1044648,610386,85.9,84.31987,55.15245,32.22548,1044648,610386,55.15245,32.22548,2021-07-05
3880,8738,12500,1609611,1048528,619124,86.6,84.97981,55.35729,32.6868,1048528,619124,55.35729,32.6868,2021-07-06
3980,10132,13990,1623601,1052508,629256,84.3,85.71841,55.56742,33.22172,1052508,629256,55.56742,33.22172,2021-07-07
2742,9405,12068,1635669,1055250,638661,84.9,86.35554,55.71218,33.71826,1055250,638661,55.71218,33.71826,2021-07-08
3708,12120,15709,1651378,1058958,650781,85.7,87.1849,55.90795,34.35814,1058958,650781,55.90795,34.35814,2021-07-09
3284,12773,15982,1667360,1062242,663554,85.9,88.02868,56.08133,35.0325,1062242,663554,56.08133,35.0325,2021-07-10
857,5602,6441,1673801,1063099,669156,86.2,88.36873,56.12657,35.32825,1063099,669156,56.12657,35.32825,2021-07-11
2735,15332,17991,1691792,1065834,684488,87.1,89.31857,56.27097,36.13771,1065834,684488,56.27097,36.13771,2021-07-12
2373,15167,17450,1709242,1068207,699655,88.0,90.23985,56.39625,36.93846,1068207,699655,56.39625,36.93846,2021-07-13
4228,18551,22656,1731898,1072435,718206,86.2,91.43598,56.61947,37.91786,1072435,718206,56.61947,37.91786,2021-07-14
2570,15785,18294,1750192,1075005,733991,87.1,92.40181,56.75515,38.75123,1075005,733991,56.75515,38.75123,2021-07-15
3449,17742,21076,1771268,1078454,751733,88.2,93.51453,56.93724,39.68793,1078454,751733,56.93724,39.68793,2021-07-16
2770,15664,18344,1789612,1081224,767397,89.1,94.483,57.08349,40.51491,1081224,767397,57.08349,40.51491,2021-07-17
1311,7544,8801,1798413,1082535,774941,88.4,94.94765,57.1527,40.9132,1082535,774941,57.1527,40.9132,2021-07-18
3080,16036,19037,1817450,1085615,790977,89.4,95.95272,57.31531,41.75982,1085615,790977,57.31531,41.75982,2021-07-19
3266,14351,17503,1834953,1088881,805328,90.2,96.87679,57.48774,42.51749,1088881,805328,57.48774,42.51749,2021-07-20
4625,17670,22135,1857088,1093506,822998,88.4,98.04541,57.73192,43.45038,1093506,822998,57.73192,43.45038,2021-07-21
3579,14901,18349,1875437,1097085,837899,89.3,99.01415,57.92087,44.23708,1097085,837899,57.92087,44.23708,2021-07-22
5654,17309,22769,1898206,1102739,855208,90.4,100.21625,58.21937,45.15092,1102739,855208,58.21937,45.15092,2021-07-23
4776,13559,18191,1916397,1107515,868767,89.8,101.17665,58.47152,45.86677,1107515,868767,58.47152,45.86677,2021-07-24
1500,5510,6958,1923355,1109015,874277,90.2,101.544,58.55072,46.15767,1109015,874277,58.55072,46.15767,2021-07-25
5298,13652,18801,1942156,1114313,887929,91.0,102.5366,58.83043,46.87843,1114313,887929,58.83043,46.87843,2021-07-26
5104,12685,17602,1959758,1119417,900614,90.6,103.4659,59.09989,47.54814,1119417,900614,59.09989,47.54814,2021-07-27
6002,15578,21402,1981160,1125419,916192,88.9,104.59583,59.41677,48.37058,1125419,916192,59.41677,48.37058,2021-07-28
4816,12968,17613,1998773,1130235,929160,89.7,105.52571,59.67103,49.05523,1130235,929160,59.67103,49.05523,2021-07-29
5639,14317,19744,2018517,1135874,943477,90.6,106.5681,59.96875,49.8111,1135874,943477,59.96875,49.8111,2021-07-30
3708,10257,13827,2032344,1139582,953734,91.2,107.2981,60.16451,50.35262,1139582,953734,60.16451,50.35262,2021-07-31
1195,3757,4896,2037240,1140777,957491,91.4,107.55658,60.2276,50.55097,1140777,957491,60.2276,50.55097,2021-08-01
3780,11403,15085,2052325,1144557,968894,92.1,108.353,60.42717,51.153,1144557,968894,60.42717,51.153,2021-08-02
3975,10248,14103,2066428,1148532,979142,91.9,109.09757,60.63703,51.69404,1148532,979142,60.63703,51.69404,2021-08-03
4343,11821,16025,2082453,1152875,990963,89.9,109.94361,60.86632,52.31813,1152875,990963,60.86632,52.31813,2021-08-04
3976,8658,12482,2094935,1156851,999621,90.4,110.6026,61.07623,52.77523,1156851,999621,61.07623,52.77523,2021-08-05
5212,10628,15629,2110564,1162063,1010249,91.1,111.42774,61.3514,53.33634,1162063,1010249,61.3514,53.33634,2021-08-06
3079,6583,9525,2120089,1165142,1016832,91.5,111.93062,61.51396,53.68389,1165142,1016832,61.51396,53.68389,2021-08-07
1522,2767,4221,2124310,1166664,1019599,91.7,112.15347,61.59431,53.82998,1166664,1019599,61.59431,53.82998,2021-08-08
4804,8576,13176,2137486,1171468,1028175,91.9,112.8491,61.84794,54.28275,1171468,1028175,61.84794,54.28275,2021-08-09
3702,6239,9792,2147278,1175170,1034414,92.3,113.36607,62.04339,54.61214,1175170,1034414,62.04339,54.61214,2021-08-10
3642,7598,11071,2158349,1178812,1042012,90.1,113.95056,62.23567,55.01328,1178812,1042012,62.23567,55.01328,2021-08-11
2974,4916,7647,2165996,1181786,1046928,90.4,114.35429,62.39268,55.27282,1181786,1046928,62.39268,55.27282,2021-08-12
2509,5184,7597,2173593,1184295,1052112,90.7,114.75537,62.52514,55.54651,1184295,1052112,62.52514,55.54651,2021-08-13
744,1514,2233,2175826,1185039,1053626,90.8,114.87327,62.56442,55.62644,1185039,1053626,62.56442,55.62644,2021-08-14
19,34,52,2175878,1185058,1053660,90.8,114.87601,62.56543,55.62824,1185058,1053660,62.56543,55.62824,2021-08-15
2436,4612,6978,2182856,1187494,1058272,91.1,115.24442,62.69404,55.87173,1187494,1058272,62.69404,55.87173,2021-08-16
2858,4973,7690,2190546,1190352,1063245,89.8,115.65041,62.84492,56.13428,1190352,1063245,62.84492,56.13428,2021-08-17
3494,6153,9466,2200012,1193846,1069398,86.2,116.15017,63.02939,56.45913,1193846,1069398,63.02939,56.45913,2021-08-18
2405,3564,5878,2205890,1196251,1072962,86.4,116.4605,63.15636,56.64729,1196251,1072962,63.15636,56.64729,2021-08-19
3108,4599,7573,2213463,1199359,1077561,86.7,116.86032,63.32045,56.8901,1199359,1077561,63.32045,56.8901,2021-08-20
1489,2236,3658,2217121,1200848,1079797,86.9,117.05344,63.39906,57.00815,1200848,1079797,63.39906,57.00815,2021-08-21
504,1043,1524,2218645,1201352,1080840,86.9,117.1339,63.42567,57.06321,1201352,1080840,63.42567,57.06321,2021-08-22
2904,4900,7687,2226332,1204256,1085740,87.2,117.53974,63.57899,57.32191,1204256,1085740,63.57899,57.32191,2021-08-23
2406,4196,6508,2232840,1206662,1089936,87.5,117.88333,63.70601,57.54344,1206662,1089936,63.70601,57.54344,2021-08-24
3460,5581,8853,2241693,1210122,1095517,84.2,118.35073,63.88869,57.83809,1210122,1095517,63.88869,57.83809,2021-08-25
3299,4069,7214,2248907,1213421,1099586,84.5,118.73159,64.06286,58.05291,1213421,1099586,64.06286,58.05291,2021-08-26
3785,5583,9181,2258088,1217206,1105169,84.9,119.21631,64.26269,58.34767,1217206,1105169,64.26269,58.34767,2021-08-27
1999,3446,5322,2263410,1219205,1108615,85.1,119.49728,64.36823,58.5296,1219205,1108615,64.36823,58.5296,2021-08-28
751,974,1684,2265094,1219956,1109589,85.1,119.58619,64.40787,58.58102,1219956,1109589,64.40787,58.58102,2021-08-29
3270,6259,9380,2274474,1223226,1115848,85.5,120.08141,64.58052,58.91147,1223226,1115848,64.58052,58.91147,2021-08-30
2797,4182,6828,2281302,1226023,1120030,85.7,120.4419,64.72818,59.13226,1226023,1120030,64.72818,59.13226,2021-08-31
3653,5675,9155,2290457,1229676,1125705,84.1,120.92524,64.92104,59.43187,1229676,1125705,64.92104,59.43187,2021-09-01
3288,4420,7554,2298011,1232964,1130125,84.4,121.32405,65.09464,59.66523,1232964,1130125,65.09464,59.66523,2021-09-02
3768,5533,9074,2307085,1236732,1135658,84.7,121.80312,65.29357,59.95734,1236732,1135658,65.29357,59.95734,2021-09-03
2443,3253,5566,2312651,1239175,1138911,84.9,122.09697,65.42255,60.12908,1239175,1138911,65.42255,60.12908,2021-09-04
715,808,1498,2314149,1239890,1139719,85.0,122.17606,65.4603,60.17174,1239890,1139719,65.4603,60.17174,2021-09-05
3584,4575,8006,2322155,1243474,1144294,85.3,122.59874,65.64951,60.41328,1243474,1144294,65.64951,60.41328,2021-09-06
2910,3147,5896,2328051,1246384,1147441,83.9,122.91002,65.80315,60.57943,1246384,1147441,65.80315,60.57943,2021-09-07
3455,4450,7721,2335772,1249839,1151891,82.3,123.31765,65.98556,60.81437,1249839,1151891,65.98556,60.81437,2021-09-08
2512,3933,6300,2342072,1252351,1155824,82.5,123.65026,66.11818,61.02201,1252351,1155824,66.11818,61.02201,2021-09-09
3818,5395,8992,2351064,1256169,1161219,82.8,124.125,66.31975,61.30684,1256169,1161219,66.31975,61.30684,2021-09-10
2032,2940,4843,2355907,1258201,1164159,83.0,124.38069,66.42703,61.46206,1258201,1164159,66.42703,61.46206,2021-09-11
862,1320,2141,2358048,1259063,1165479,83.1,124.49372,66.47254,61.53175,1259063,1165479,66.47254,61.53175,2021-09-12
3372,5287,8498,2366546,1262435,1170766,83.4,124.94237,66.65056,61.81088,1262435,1170766,66.65056,61.81088,2021-09-13
2648,4034,6534,2373080,1265083,1174800,83.6,125.28734,66.79037,62.02385,1265083,1174800,66.79037,62.02385,2021-09-14
3497,4512,7783,2380863,1268580,1179312,83.9,125.69824,66.97499,62.26207,1268580,1179312,66.97499,62.26207,2021-09-15
2905,4169,6896,2387759,1271485,1183481,84.1,126.06232,67.12836,62.48217,1271485,1183481,67.12836,62.48217,2021-09-16
4144,5112,9009,2396768,1275629,1188593,83.5,126.53795,67.34714,62.75206,1275629,1188593,67.34714,62.75206,2021-09-17
3047,2793,5648,2402416,1278676,1191386,83.7,126.83614,67.50801,62.89951,1278676,1191386,67.50801,62.89951,2021-09-18
891,720,1560,2403976,1279567,1192106,83.7,126.9185,67.55505,62.93753,1279567,1192106,67.55505,62.93753,2021-09-19
3541,4286,7637,2411613,1283108,1196392,84.0,127.3217,67.742,63.16381,1283108,1196392,67.742,63.16381,2021-09-20
2832,3799,6482,2418095,1285940,1200191,84.2,127.66392,67.89152,63.36438,1285940,1200191,67.89152,63.36438,2021-09-21
3565,4690,8021,2426116,1289505,1204881,84.5,128.08739,68.07973,63.61199,1289505,1204881,68.07973,63.61199,2021-09-22
2990,3055,5903,2432019,1292495,1207936,84.7,128.39904,68.23759,63.77328,1292495,1207936,68.23759,63.77328,2021-09-23
3955,3949,7668,2439687,1296450,1211885,85.0,128.80387,68.44639,63.98176,1296450,1211885,68.44639,63.98176,2021-09-24
2503,2484,4840,2444527,1298953,1214369,85.1,129.0594,68.57854,64.11291,1298953,1214369,68.57854,64.11291,2021-09-25
673,631,1277,2445804,1299626,1215000,85.2,129.12682,68.61407,64.14622,1299626,1215000,68.61407,64.14622,2021-09-26
2767,3788,6388,2452192,1302393,1218788,85.4,129.46408,68.76016,64.34621,1302393,1218788,68.76016,64.34621,2021-09-27
2147,2719,4755,2456947,1304540,1221507,85.9,129.71512,68.87351,64.48976,1304540,1221507,68.87351,64.48976,2021-09-28
2945,3842,6565,2463512,1307485,1225349,86.1,130.06172,69.02899,64.6926,1307485,1225349,69.02899,64.6926,2021-09-29
2104,2903,4879,2468391,1309589,1228252,86.3,130.31931,69.14007,64.84586,1309589,1228252,69.14007,64.84586,2021-09-30
2585,4184,6576,2474967,1312174,1232436,86.5,130.66649,69.27655,65.06676,1312174,1232436,69.27655,65.06676,2021-10-01
1738,2168,3780,2478747,1313912,1234604,86.6,130.86605,69.3683,65.18122,1313912,1234604,69.3683,65.18122,2021-10-02
378,521,868,2479615,1314290,1235125,86.7,130.91188,69.38826,65.20873,1314290,1235125,69.38826,65.20873,2021-10-03
2254,3671,5766,2485381,1316544,1238796,86.9,131.2163,69.50726,65.40254,1316544,1238796,69.50726,65.40254,2021-10-04
1702,2942,4509,2489890,1318246,1241738,87.0,131.45435,69.59712,65.55786,1318246,1241738,69.59712,65.55786,2021-10-05
2151,3194,5186,2495076,1320397,1244932,87.2,131.72815,69.71068,65.72649,1320397,1244932,69.71068,65.72649,2021-10-06
1671,2622,4139,2499215,1322068,1247554,87.3,131.94667,69.7989,65.86492,1322068,1247554,69.7989,65.86492,2021-10-07
2695,3803,6269,2505484,1324763,1251357,87.6,132.27764,69.94119,66.0657,1324763,1251357,69.94119,66.0657,2021-10-08
1799,3035,4672,2510156,1326562,1254392,87.7,132.5243,70.03616,66.22593,1326562,1254392,70.03616,66.22593,2021-10-09
422,491,884,2511040,1326984,1254883,87.8,132.57097,70.05844,66.25185,1326984,1254883,70.05844,66.25185,2021-10-10
2359,3552,5745,2516785,1329343,1258435,88.0,132.87428,70.18299,66.43938,1329343,1258435,70.18299,66.43938,2021-10-11
2217,2529,4589,2521374,1331560,1260964,88.1,133.11656,70.30004,66.5729,1331560,1260964,70.30004,66.5729,2021-10-12
3151,3260,6224,2527598,1334711,1264224,88.3,133.44515,70.46639,66.74501,1334711,1264224,70.46639,66.74501,2021-10-13
3041,2907,5782,2533380,1337752,1267131,88.5,133.75042,70.62694,66.89849,1337752,1267131,70.62694,66.89849,2021-10-14
3784,4085,7628,2541008,1341536,1271216,88.8,134.15314,70.82672,67.11416,1341536,1271216,70.82672,67.11416,2021-10-15
2308,2629,4807,2545815,1343844,1273845,89.0,134.40692,70.94857,67.25296,1343844,1273845,70.94857,67.25296,2021-10-16
559,698,1231,2547046,1344403,1274543,89.0,134.47192,70.97808,67.28981,1344403,1274543,70.97808,67.28981,2021-10-17
2682,3134,5652,2552698,1347085,1277677,89.2,134.77031,71.11968,67.45527,1347085,1277677,71.11968,67.45527,2021-10-18
1734,2311,3937,2556635,1348819,1279988,89.4,134.97817,71.21123,67.57728,1348819,1279988,71.21123,67.57728,2021-10-19
1876,2647,4377,2561012,1350695,1282635,89.5,135.20925,71.31027,67.71703,1350695,1282635,71.31027,67.71703,2021-10-20
1351,2142,3400,2564412,1352046,1284777,88.4,135.38876,71.3816,67.83012,1352046,1284777,71.3816,67.83012,2021-10-21
1819,2985,4635,2569047,1353865,1287762,88.6,135.63346,71.47763,67.98771,1353865,1287762,71.47763,67.98771,2021-10-22
1054,1916,2866,2571913,1354919,1289678,88.7,135.78477,71.53328,68.08886,1354919,1289678,71.53328,68.08886,2021-10-23
232,493,705,2572618,1355151,1290171,88.7,135.822,71.54553,68.11489,1355151,1290171,71.54553,68.11489,2021-10-24
1035,2199,3154,2575772,1356186,1292370,88.8,135.98851,71.60017,68.23099,1356186,1292370,71.60017,68.23099,2021-10-25
993,1776,2682,2578454,1357179,1294146,88.9,136.13011,71.6526,68.32475,1357179,1294146,71.6526,68.32475,2021-10-26
1297,2262,3479,2581933,1358476,1296408,89.0,136.31378,71.72107,68.44418,1358476,1296408,71.72107,68.44418,2021-10-27
975,1676,2591,2584524,1359451,1298084,89.1,136.45058,71.77255,68.53266,1359451,1298084,71.77255,68.53266,2021-10-28
1135,2286,3345,2587869,1360586,1300370,89.2,136.62718,71.83247,68.65335,1360586,1300370,71.83247,68.65335,2021-10-29
728,1627,2294,2590163,1361314,1301997,89.2,136.74829,71.87091,68.73925,1361314,1301997,71.87091,68.73925,2021-10-30
178,359,517,2590680,1361492,1302356,89.3,136.77558,71.8803,68.7582,1361492,1302356,71.8803,68.7582,2021-10-31
123,331,446,2591126,1361615,1302687,89.3,136.79913,71.8868,68.77568,1361615,1302687,71.8868,68.77568,2021-11-01
692,1713,2343,2593469,1362307,1304400,89.4,136.92283,71.92333,68.86612,1362307,1304400,71.92333,68.86612,2021-11-02
1098,2660,3658,2597127,1363405,1307060,89.5,137.11595,71.9813,69.00655,1363405,1307060,71.9813,69.00655,2021-11-03
868,2005,2813,2599940,1364273,1309065,89.6,137.26447,72.02713,69.11241,1364273,1309065,72.02713,69.11241,2021-11-04
999,2651,3576,2603516,1365272,1311716,89.7,137.45326,72.07987,69.25237,1365272,1311716,72.07987,69.25237,2021-11-05
794,1815,2577,2606093,1366066,1313531,89.8,137.58932,72.12179,69.34819,1366066,1313531,72.12179,69.34819,2021-11-06
172,377,533,2606626,1366238,1313908,89.8,137.61746,72.13087,69.36809,1366238,1313908,72.13087,69.36809,2021-11-07
1103,2163,3211,2609837,1367341,1316071,89.9,137.78698,72.1891,69.48229,1367341,1316071,72.1891,69.48229,2021-11-08
901,1594,2456,2612293,1368242,1317665,90.0,137.91665,72.23667,69.56645,1368242,1317665,72.23667,69.56645,2021-11-09
1110,1908,2969,2615262,1369352,1319573,90.1,138.0734,72.29527,69.66718,1369352,1319573,72.29527,69.66718,2021-11-10
885,1414,2261,2617523,1370237,1320987,90.2,138.19277,72.342,69.74183,1370237,1320987,72.342,69.74183,2021-11-11
1227,2170,3355,2620878,1371464,1323157,90.3,138.36989,72.40678,69.8564,1371464,1323157,72.40678,69.8564,2021-11-12
935,1385,2280,2623158,1372399,1324542,90.4,138.49027,72.45614,69.92952,1372399,1324542,72.45614,69.92952,2021-11-13
299,350,639,2623797,1372698,1324892,90.4,138.524,72.47193,69.948,1372698,1324892,72.47193,69.948,2021-11-14
997,1629,2583,2626380,1373695,1326521,90.5,138.66037,72.52456,70.034,1373695,1326521,72.52456,70.034,2021-11-15
828,1151,1954,2628334,1374523,1327672,90.6,138.76354,72.56828,70.09477,1374523,1327672,72.56828,70.09477,2021-11-16
960,1358,2286,2630620,1375483,1329030,90.6,138.88423,72.61896,70.16646,1375483,1329030,72.61896,70.16646,2021-11-17
918,1086,1971,2632591,1376401,1330116,90.7,138.98828,72.66743,70.2238,1376401,1330116,72.66743,70.2238,2021-11-18
1192,1564,2721,2635312,1377593,1331680,90.8,139.13194,72.73036,70.30637,1377593,1331680,72.73036,70.30637,2021-11-19
787,923,1675,2636987,1378380,1332603,90.9,139.22037,72.77191,70.3551,1378380,1332603,72.77191,70.3551,2021-11-20
226,295,512,2637499,1378606,1332898,90.9,139.2474,72.78384,70.37068,1378606,1332898,72.78384,70.37068,2021-11-21
1141,1029,2129,2639628,1379747,1333927,89.1,139.3598,72.84408,70.425,1379747,1333927,72.84408,70.425,2021-11-22
881,1036,1895,2641523,1380628,1334963,89.2,139.45985,72.89059,70.4797,1380628,1334963,72.89059,70.4797,2021-11-23
1191,1234,2394,2643917,1381819,1336197,89.3,139.58624,72.95347,70.54485,1381819,1336197,72.95347,70.54485,2021-11-24
1138,1042,2156,2646073,1382957,1337239,89.3,139.70007,73.01355,70.59986,1382957,1337239,73.01355,70.59986,2021-11-25
1394,1317,2685,2648758,1384351,1338556,89.4,139.84183,73.08715,70.66939,1384351,1338556,73.08715,70.66939,2021-11-26
1206,1054,2237,2650995,1385557,1339610,89.5,139.95993,73.15082,70.72504,1385557,1339610,73.15082,70.72504,2021-11-27
271,317,580,2651575,1385828,1339927,89.5,139.99055,73.16513,70.74177,1385828,1339927,73.16513,70.74177,2021-11-28
1542,1126,2652,2654227,1387370,1341053,89.6,140.13056,73.24654,70.80122,1387370,1341053,73.24654,70.80122,2021-11-29
1399,950,2338,2656565,1388769,1342003,89.7,140.254,73.3204,70.85138,1388769,1342003,73.3204,70.85138,2021-11-30
1604,1027,2607,2659172,1390373,1343030,89.8,140.39164,73.40508,70.9056,1390373,1343030,73.40508,70.9056,2021-12-01
1320,928,2228,2661400,1391693,1343958,87.9,140.50926,73.47477,70.95459,1391693,1343958,73.47477,70.95459,2021-12-02
1782,1131,2877,2664277,1393475,1345089,88.0,140.66115,73.56885,71.0143,1393475,1345089,73.56885,71.0143,2021-12-03
1584,837,2400,2666677,1395059,1345926,88.1,140.78786,73.65248,71.05849,1395059,1345926,73.65248,71.05849,2021-12-04
942,304,1238,2667915,1396001,1346230,88.1,140.85322,73.70221,71.07454,1396001,1346230,73.70221,71.07454,2021-12-05
2246,1121,3342,2671257,1398247,1347351,88.2,141.02967,73.82079,71.13373,1398247,1347351,73.82079,71.13373,2021-12-06
2049,985,3012,2674269,1400296,1348336,88.3,141.18868,73.92897,71.18573,1400296,1348336,73.92897,71.18573,2021-12-07
1000,386,1374,2675643,1401296,1348722,88.4,141.26123,73.98176,71.20611,1401296,1348722,73.98176,71.20611,2021-12-08
1617,1105,2710,2678353,1402913,1349827,87.3,141.4043,74.06713,71.26445,1402913,1349827,74.06713,71.26445,2021-12-09
1896,1335,3213,2681566,1404809,1351162,86.7,141.57393,74.16723,71.33493,1404809,1351162,74.16723,71.33493,2021-12-10
1998,911,2884,2684450,1406807,1352073,86.8,141.72619,74.27272,71.38302,1406807,1352073,74.27272,71.38302,2021-12-11
1149,436,1579,2686029,1407956,1352509,86.9,141.80956,74.33338,71.40604,1407956,1352509,74.33338,71.40604,2021-12-12
1640,1066,2679,2688708,1409596,1353575,87.0,141.951,74.41997,71.46232,1409596,1353575,74.41997,71.46232,2021-12-13
1504,842,2329,2691037,1411100,1354417,84.3,142.07396,74.49937,71.50678,1411100,1354417,74.49937,71.50678,2021-12-14
1775,1253,3017,2694054,1412875,1355670,84.4,142.23324,74.59308,71.57293,1412875,1355670,74.59308,71.57293,2021-12-15
1461,1042,2493,2696547,1414336,1356712,83.3,142.36486,74.67021,71.62794,1414336,1356712,74.67021,71.62794,2021-12-16
1828,1884,3698,2700245,1416164,1358596,83.4,142.56009,74.76672,71.72741,1416164,1358596,74.76672,71.72741,2021-12-17
0,0,0,2700245,1416164,1358596,83.4,142.56009,74.76672,71.72741,1416164,1358596,74.76672,71.72741,2021-12-18
1633,902,101302,2801547,1417797,1359498,95.9,147.90836,74.85294,71.77503,1417797,1359498,74.85294,71.77503,2021-12-19
1634,902,101302,2902849,1419431,1360400,95.9,153.25662,74.93921,71.82265,1419431,1360400,74.93921,71.82265,2021-12-20
1634,902,101302,3004151,1421065,1361302,95.9,158.60489,75.02547,71.87027,1421065,1361302,75.02547,71.87027,2021-12-21
1634,903,101303,3105454,1422699,1362205,95.9,163.9532,75.11174,71.91795,1422699,1362205,75.11174,71.91795,2021-12-22
1959,1736,21014,3126468,1424658,1363941,94.5,165.06264,75.21517,72.0096,1424658,1363941,75.21517,72.0096,2021-12-23
825,467,8318,3134786,1425483,1364408,94.8,165.50179,75.25872,72.03425,1425483,1364408,75.25872,72.03425,2021-12-24
142,70,1884,3136670,1425625,1364478,94.8,165.60126,75.26622,72.03795,1425625,1364478,75.26622,72.03795,2021-12-25
454,326,5566,3142236,1426079,1364804,95.0,165.89512,75.29019,72.05516,1426079,1364804,75.29019,72.05516,2021-12-26
753,906,10500,3152736,1426832,1365710,95.3,166.44947,75.32994,72.10299,1426832,1365710,75.32994,72.10299,2021-12-27
2083,1987,22643,3175379,1428915,1367697,96.0,167.64491,75.43992,72.2079,1428915,1367697,75.43992,72.2079,2021-12-28
1580,1009,19642,3195021,1430495,1368706,95.5,168.68191,75.52333,72.26117,1430495,1368706,75.52333,72.26117,2021-12-29
2201,1194,23301,3218322,1432696,1369900,96.2,169.9121,75.63954,72.32421,1432696,1369900,75.63954,72.32421,2021-12-30
1549,669,17060,3235382,1434245,1370569,96.7,170.81278,75.72132,72.35953,1434245,1370569,75.72132,72.35953,2021-12-31
226,-23,3790,3239172,1434471,1370546,96.8,171.01288,75.73325,72.35831,1434471,1370546,75.73325,72.35831,2022-01-01
1417,485,9581,3248753,1435888,1371031,97.1,171.51871,75.80806,72.38392,1435888,1371031,75.80806,72.38392,2022-01-02
1892,867,16324,3265077,1437780,1371898,97.6,172.38054,75.90795,72.42969,1437780,1371898,75.90795,72.42969,2022-01-03
2362,1901,27436,3292513,1440142,1373799,98.4,173.82903,76.03265,72.53005,1440142,1373799,76.03265,72.53005,2022-01-04
2778,1183,25934,3318447,1442920,1374982,96.6,175.19822,76.17931,72.59251,1442920,1374982,76.17931,72.59251,2022-01-05
4286,1446,27739,3346186,1447206,1376428,97.4,176.66271,76.40559,72.66885,1447206,1376428,76.40559,72.66885,2022-01-06
2567,323,8424,3354610,1449773,1376751,97.6,177.10745,76.54112,72.68591,1449773,1376751,76.54112,72.68591,2022-01-07
