delta_1d,delta_2d,delta_all,sum_doses,sum_1d,sum_2d,perc_doses,perc_inh_tot,perc_inh_1d,perc_inh_2d,sum_monotone_1d,sum_monotone_2d,perc_inh_monotone_1d,perc_inh_monotone_2d,date
0,0,0,0,0,0,0,0,0,0,0,0,0,0,2020-12-26
721,5,721,721,721,5,100.1,0.01262,0.01262,9e-05,721,5,0.01262,9e-05,2020-12-27
0,0,0,721,721,5,100.1,0.01262,0.01262,9e-05,721,5,0.01262,9e-05,2020-12-28
0,0,0,721,721,5,100.1,0.01262,0.01262,9e-05,721,5,0.01262,9e-05,2020-12-29
0,0,0,721,721,5,2.3,0.01262,0.01262,9e-05,721,5,0.01262,9e-05,2020-12-30
1490,22,1490,2211,2211,27,6.5,0.03871,0.03871,0.00047,2211,27,0.03871,0.00047,2020-12-31
919,23,919,3130,3130,50,9.2,0.0548,0.0548,0.00088,3130,50,0.0548,0.00088,2021-01-01
3672,61,3672,6802,6802,111,20.1,0.11908,0.11908,0.00194,6802,111,0.11908,0.00194,2021-01-02
3837,53,3837,10639,10639,164,31.4,0.18625,0.18625,0.00287,10639,164,0.18625,0.00287,2021-01-03
5827,102,5827,16466,16466,266,48.6,0.28826,0.28826,0.00466,16466,266,0.28826,0.00466,2021-01-04
7238,170,7238,23704,23704,436,45.2,0.41498,0.41498,0.00763,23704,436,0.41498,0.00763,2021-01-05
7652,154,7652,31356,31356,590,58.7,0.54894,0.54894,0.01033,31356,590,0.54894,0.01033,2021-01-06
8910,186,8910,40266,40266,776,63.8,0.70492,0.70492,0.01359,40266,776,0.70492,0.01359,2021-01-07
10459,278,10459,50725,50725,1054,80.4,0.88802,0.88802,0.01845,50725,1054,0.88802,0.01845,2021-01-08
10563,276,10563,61288,61288,1330,94.2,1.07294,1.07294,0.02328,61288,1330,1.07294,0.02328,2021-01-09
8167,217,8167,69455,69455,1547,106.8,1.21592,1.21592,0.02708,69455,1547,1.21592,0.02708,2021-01-10
4082,121,4082,73537,73537,1668,98.3,1.28738,1.28738,0.0292,73537,1668,1.28738,0.0292,2021-01-11
5221,147,5221,78758,78758,1815,77.1,1.37878,1.37878,0.03177,78758,1815,1.37878,0.03177,2021-01-12
8031,252,8031,86789,86789,2067,78.0,1.51938,1.51938,0.03619,86789,2067,1.51938,0.03619,2021-01-13
7082,271,7082,93871,93871,2338,84.3,1.64336,1.64336,0.04093,93871,2338,1.64336,0.04093,2021-01-14
5001,170,5001,98872,98872,2508,88.8,1.73091,1.73091,0.04391,98872,2508,1.73091,0.04391,2021-01-15
3373,112,3373,102245,102245,2620,91.8,1.78996,1.78996,0.04587,102245,2620,1.78996,0.04587,2021-01-16
702,474,1155,103400,102947,3094,92.9,1.81018,1.80225,0.05417,102947,3094,1.80225,0.05417,2021-01-17
715,276,959,104359,103662,3370,85.6,1.82697,1.81477,0.059,103662,3370,1.81477,0.059,2021-01-18
1105,76,1110,105469,104767,3446,86.5,1.8464,1.83411,0.06033,104767,3446,1.83411,0.06033,2021-01-19
1264,33,1264,106733,106031,3479,78.5,1.86853,1.85624,0.06091,106031,3479,1.85624,0.06091,2021-01-20
685,1428,2106,108839,106716,4907,72.6,1.9054,1.86823,0.0859,106716,4907,1.86823,0.0859,2021-01-21
680,868,1534,110373,107396,5775,73.6,1.93225,1.88014,0.1011,107396,5775,1.88014,0.1011,2021-01-22
274,3576,3844,114217,107670,9351,76.1,1.99955,1.88493,0.1637,107670,9351,1.88493,0.1637,2021-01-23
378,3762,4123,118340,108048,13113,78.9,2.07173,1.89155,0.22956,108048,13113,1.89155,0.22956,2021-01-24
175,5586,5761,124101,108223,18699,80.8,2.17258,1.89461,0.32736,108223,18699,1.89461,0.32736,2021-01-25
356,7016,7351,131452,108579,25715,77.4,2.30127,1.90085,0.45018,108579,25715,1.90085,0.45018,2021-01-26
173,7588,7756,139208,108752,33303,79.2,2.43705,1.90387,0.58302,108752,33303,1.90387,0.58302,2021-01-27
149,8715,8853,148061,108901,42018,84.2,2.59204,1.90648,0.73559,108901,42018,1.90648,0.73559,2021-01-28
71,10021,10087,158148,108972,52039,87.1,2.76863,1.90773,0.91102,108972,52039,1.90773,0.91102,2021-01-29
45,10690,10733,168881,109017,62729,93.0,2.95653,1.90851,1.09817,109017,62729,1.90851,1.09817,2021-01-30
20,8049,8069,176950,109037,70778,97.4,3.09779,1.90886,1.23908,109037,70778,1.90886,1.23908,2021-01-31
112,3885,3989,180939,109149,74663,94.5,3.16762,1.91082,1.30709,109149,74663,1.91082,1.30709,2021-02-01
465,5320,5754,186693,109614,79983,81.1,3.26835,1.91896,1.40023,109614,79983,1.91896,1.40023,2021-02-02
878,8069,8910,195603,110492,88052,85.0,3.42434,1.93434,1.54149,110492,88052,1.93434,1.54149,2021-02-03
1307,6698,7946,203549,111799,94750,88.5,3.56344,1.95722,1.65875,111799,94750,1.95722,1.65875,2021-02-04
2138,5248,7269,210818,113937,99998,91.6,3.6907,1.99465,1.75062,113937,99998,1.99465,1.75062,2021-02-05
2101,3342,5342,216160,116038,103340,93.9,3.78422,2.03143,1.80913,116038,103340,2.03143,1.80913,2021-02-06
2158,867,2929,219089,118196,104207,95.2,3.8355,2.06921,1.82431,118196,104207,2.06921,1.82431,2021-02-07
4312,973,5127,224216,122508,105180,97.4,3.92525,2.14469,1.84134,122508,105180,2.14469,1.84134,2021-02-08
4391,433,4655,228871,126899,105613,75.4,4.00674,2.22157,1.84892,126899,105613,2.22157,1.84892,2021-02-09
6733,471,6939,235810,133632,106084,77.7,4.12822,2.33944,1.85717,133632,106084,2.33944,1.85717,2021-02-10
6215,394,6292,242102,139847,106478,79.8,4.23837,2.44824,1.86406,139847,106478,2.44824,1.86406,2021-02-11
6346,490,6565,248667,146193,106968,81.9,4.3533,2.55934,1.87264,146193,106968,2.55934,1.87264,2021-02-12
5291,413,5508,254175,151484,107381,74.5,4.44973,2.65196,1.87987,151484,107381,2.65196,1.87987,2021-02-13
3895,94,3929,258104,155379,107475,75.7,4.51851,2.72015,1.88152,155379,107475,2.72015,1.88152,2021-02-14
5299,330,5474,263578,160678,107805,76.0,4.61435,2.81292,1.8873,160678,107805,2.81292,1.8873,2021-02-15
4686,978,5473,269051,165364,108783,77.3,4.71016,2.89496,1.90442,165364,108783,2.89496,1.90442,2021-02-16
6349,1226,7423,276474,171713,110009,79.4,4.84011,3.0061,1.92588,171713,110009,3.0061,1.92588,2021-02-17
8382,984,9109,285583,180095,110993,74.8,4.99958,3.15284,1.94311,180095,110993,3.15284,1.94311,2021-02-18
8925,939,9587,295170,189020,111932,68.5,5.16741,3.30909,1.95954,189020,111932,3.30909,1.95954,2021-02-19
8269,525,8572,303742,197289,112457,70.5,5.31748,3.45385,1.96874,197289,112457,3.45385,1.96874,2021-02-20
5611,374,5839,309581,202900,112831,71.8,5.4197,3.55208,1.97528,202900,112831,3.55208,1.97528,2021-02-21
10419,630,10699,320280,213319,113461,72.5,5.607,3.73448,1.98631,213319,113461,3.73448,1.98631,2021-02-22
10476,959,11036,331316,223795,114420,69.7,5.8002,3.91788,2.0031,223795,114420,3.91788,2.0031,2021-02-23
11095,1047,11810,343126,234890,115467,72.2,6.00696,4.11212,2.02143,234890,115467,4.11212,2.02143,2021-02-24
11237,1543,12446,355572,246127,117010,74.8,6.22484,4.30884,2.04844,246127,117010,4.30884,2.04844,2021-02-25
12000,1769,13368,368940,258127,118779,77.6,6.45887,4.51892,2.07941,258127,118779,4.51892,2.07941,2021-02-26
12302,2077,13955,382895,270429,120856,74.1,6.70318,4.73428,2.11577,270429,120856,4.73428,2.11577,2021-02-27
8511,2203,10412,393307,278940,123059,76.1,6.88545,4.88328,2.15434,278940,123059,4.88328,2.15434,2021-02-28
8024,4458,12138,405445,286964,127517,74.6,7.09795,5.02375,2.23238,286964,127517,5.02375,2.23238,2021-03-01
8417,4643,12763,418208,295381,132160,72.3,7.32139,5.17111,2.31367,295381,132160,5.17111,2.31367,2021-03-02
7294,6906,13926,432134,302675,139066,74.7,7.56518,5.2988,2.43457,302675,139066,5.2988,2.43457,2021-03-03
8814,6239,14711,446845,311489,145305,77.2,7.82272,5.4531,2.54379,311489,145305,5.4531,2.54379,2021-03-04
10152,7080,16824,463669,321641,152385,80.1,8.11725,5.63083,2.66774,321641,152385,5.63083,2.66774,2021-03-05
10707,6092,16378,480047,332348,158477,82.9,8.40397,5.81827,2.77439,332348,158477,5.81827,2.77439,2021-03-06
8132,4287,11976,492023,340480,162764,85.0,8.61363,5.96064,2.84944,340480,162764,5.96064,2.84944,2021-03-07
9918,5368,14700,506723,350398,168132,85.6,8.87098,6.13427,2.94341,350398,168132,6.13427,2.94341,2021-03-08
10344,4329,14143,520866,360742,172461,82.9,9.11857,6.31535,3.0192,360742,172461,6.31535,3.0192,2021-03-09
8787,7287,15641,536507,369529,179748,77.5,9.39239,6.46918,3.14677,369529,179748,6.46918,3.14677,2021-03-10
10740,7833,18033,554540,380269,187581,80.1,9.70809,6.6572,3.2839,380269,187581,6.6572,3.2839,2021-03-11
8495,6508,14586,569126,388764,194089,82.1,9.96344,6.80592,3.39783,388764,194089,6.80592,3.39783,2021-03-12
9243,5661,14526,583652,398007,199750,81.4,10.21774,6.96774,3.49694,398007,199750,6.96774,3.49694,2021-03-13
4477,4303,8621,592273,402484,204053,82.6,10.36867,7.04611,3.57227,402484,204053,7.04611,3.57227,2021-03-14
8610,5110,13359,605632,411094,209163,79.0,10.60254,7.19684,3.66173,411094,209163,7.19684,3.66173,2021-03-15
3773,4407,8094,613726,414867,213570,80.0,10.74423,7.2629,3.73888,414867,213570,7.2629,3.73888,2021-03-16
5008,6764,11600,625326,419875,220334,81.5,10.94731,7.35057,3.85729,419875,220334,7.35057,3.85729,2021-03-17
5986,6442,12180,637506,425861,226776,83.1,11.16054,7.45536,3.97007,425861,226776,7.45536,3.97007,2021-03-18
7278,4104,11155,648661,433139,230880,84.6,11.35583,7.58278,4.04192,433139,230880,7.58278,4.04192,2021-03-19
10251,4072,13990,662651,443390,234952,86.4,11.60074,7.76224,4.1132,443390,234952,7.76224,4.1132,2021-03-20
7688,2650,10079,672730,451078,237602,85.1,11.77719,7.89683,4.15959,451078,237602,7.89683,4.15959,2021-03-21
11146,2448,13192,685922,462224,240050,75.1,12.00814,8.09195,4.20245,462224,240050,8.09195,4.20245,2021-03-22
13236,2969,15752,701674,475460,243019,76.8,12.2839,8.32367,4.25443,475460,243019,8.32367,4.25443,2021-03-23
14964,3409,17923,719597,490424,246428,78.8,12.59767,8.58564,4.31411,490424,246428,8.58564,4.31411,2021-03-24
16823,4061,20330,739927,507247,250489,78.7,12.95358,8.88015,4.3852,507247,250489,8.88015,4.3852,2021-03-25
16058,4351,19880,759807,523305,254840,80.8,13.30161,9.16127,4.46137,523305,254840,9.16127,4.46137,2021-03-26
17654,4400,21525,781332,540959,259240,83.1,13.67844,9.47033,4.5384,540959,259240,9.47033,4.5384,2021-03-27
13939,2047,15564,796896,554898,261287,84.7,13.95091,9.71436,4.57424,554898,261287,9.71436,4.57424,2021-03-28
17859,2083,19418,816314,572757,263370,80.6,14.29085,10.02701,4.6107,572757,263370,10.02701,4.6107,2021-03-29
19109,3586,22069,838383,591866,266956,82.7,14.67721,10.36154,4.67348,591866,266956,10.36154,4.67348,2021-03-30
19773,3982,23217,861600,611639,270938,85.0,15.08366,10.7077,4.74319,611639,270938,10.7077,4.74319,2021-03-31
20562,4743,24699,886299,632201,275681,87.4,15.51605,11.06767,4.82623,632201,275681,11.06767,4.82623,2021-04-01
19548,2925,21872,908171,651749,278606,86.6,15.89895,11.40989,4.87743,651749,278606,11.40989,4.87743,2021-04-02
18736,2967,21121,929292,670485,281573,79.3,16.26871,11.73789,4.92938,670485,281573,11.73789,4.92938,2021-04-03
6920,1315,7966,937258,677405,282888,80.0,16.40817,11.85903,4.9524,677405,282888,11.85903,4.9524,2021-04-04
9214,2793,11640,948898,686619,285681,81.0,16.61194,12.02034,5.00129,686619,285681,12.02034,5.00129,2021-04-05
20008,5152,24535,973433,706627,290833,76.1,17.04147,12.37061,5.09149,706627,290833,12.37061,5.09149,2021-04-06
20257,5402,24983,998416,726884,296235,78.0,17.47883,12.72524,5.18606,726884,296235,12.72524,5.18606,2021-04-07
22676,6549,28526,1026942,749560,302784,80.2,17.97823,13.12222,5.30071,749560,302784,13.12222,5.30071,2021-04-08
23810,6863,29949,1056891,773370,309647,82.6,18.50253,13.53905,5.42086,773370,309647,13.53905,5.42086,2021-04-09
23451,5675,28369,1085260,796821,315322,84.8,18.99917,13.9496,5.5202,796821,315322,13.9496,5.5202,2021-04-10
15440,2560,17530,1102790,812261,317882,86.1,19.30606,14.2199,5.56502,812261,317882,14.2199,5.56502,2021-04-11
20276,3639,23314,1126104,832537,321521,88.0,19.71421,14.57486,5.62873,832537,321521,14.57486,5.62873,2021-04-12
21081,6164,26621,1152725,853618,327685,89.7,20.18025,14.94392,5.73664,853618,327685,14.94392,5.73664,2021-04-13
19077,9126,27673,1180398,872695,336811,82.3,20.66471,15.27789,5.8964,872695,336811,15.27789,5.8964,2021-04-14
24446,10667,34356,1214754,897141,347478,83.8,21.26617,15.70586,6.08315,897141,347478,15.70586,6.08315,2021-04-15
23784,11480,34458,1249212,920925,358958,86.2,21.86941,16.12223,6.28412,920925,358958,16.12223,6.28412,2021-04-16
24688,12372,36207,1285419,945613,371330,88.7,22.50327,16.55443,6.50071,945613,371330,16.55443,6.50071,2021-04-17
18323,9516,27227,1312646,963936,380846,90.6,22.97992,16.87521,6.66731,963936,380846,16.87521,6.66731,2021-04-18
19198,12204,30793,1343439,983134,393050,90.3,23.519,17.2113,6.88096,983134,393050,17.2113,6.88096,2021-04-19
20851,12040,32194,1375633,1003985,405090,92.4,24.08261,17.57633,7.09173,1003985,405090,17.57633,7.09173,2021-04-20
18126,12860,30358,1405991,1022111,417950,83.8,24.61407,17.89365,7.31687,1022111,417950,17.89365,7.31687,2021-04-21
21576,13304,34124,1440115,1043687,431254,85.0,25.21147,18.27137,7.54978,1043687,431254,18.27137,7.54978,2021-04-22
23201,10004,32363,1472478,1066888,441258,86.9,25.77803,18.67754,7.72491,1066888,441258,18.67754,7.72491,2021-04-23
25141,12148,36394,1508872,1092029,453406,89.1,26.41517,19.11768,7.93758,1092029,453406,19.11768,7.93758,2021-04-24
25336,6724,30745,1539617,1117365,460130,90.9,26.9534,19.56122,8.0553,1117365,460130,19.56122,8.0553,2021-04-25
28429,6958,34059,1573676,1145794,467088,91.0,27.54966,20.05892,8.17711,1145794,467088,20.05892,8.17711,2021-04-26
24242,9035,32172,1605848,1170036,476123,92.9,28.11288,20.48331,8.33528,1170036,476123,20.48331,8.33528,2021-04-27
26663,11417,36428,1642276,1196699,487540,84.2,28.75061,20.95009,8.53515,1196699,487540,20.95009,8.53515,2021-04-28
24807,18405,41559,1683835,1221506,505945,86.3,29.47817,21.38437,8.85736,1221506,505945,21.38437,8.85736,2021-04-29
25824,17837,42336,1726171,1247330,523782,88.5,30.21932,21.83646,9.16962,1247330,523782,21.83646,9.16962,2021-04-30
30237,17496,46357,1772528,1277567,541278,81.4,31.03088,22.36581,9.47592,1277567,541278,22.36581,9.47592,2021-05-01
32115,13098,43497,1816025,1309682,554376,83.4,31.79236,22.92803,9.70522,1309682,554376,22.92803,9.70522,2021-05-02
28891,13124,40766,1856791,1338573,567500,85.2,32.50603,23.43381,9.93498,1338573,567500,23.43381,9.93498,2021-05-03
39575,11186,48484,1905275,1378148,578686,87.4,33.35482,24.12664,10.1308,1378148,578686,24.12664,10.1308,2021-05-04
44787,8615,51185,1956460,1422935,587301,81.7,34.25089,24.9107,10.28162,1422935,587301,24.9107,10.28162,2021-05-05
42843,17013,57621,2014081,1465778,604314,84.1,35.25964,25.66074,10.57946,1465778,604314,25.66074,10.57946,2021-05-06
43824,18073,59800,2073881,1509602,622387,84.9,36.30653,26.42794,10.89586,1509602,622387,26.42794,10.89586,2021-05-07
40606,18091,56459,2130340,1550208,640478,87.2,37.29493,27.13882,11.21257,1550208,640478,27.13882,11.21257,2021-05-08
32109,12898,43221,2173561,1582317,653376,88.9,38.05159,27.70093,11.43837,1582317,653376,27.70093,11.43837,2021-05-09
25550,11519,35487,2209048,1607867,664895,90.4,38.67284,28.14823,11.64003,1607867,664895,28.14823,11.64003,2021-05-10
30482,10902,39890,2248938,1638349,675797,92.0,39.37118,28.68186,11.83088,1638349,675797,28.68186,11.83088,2021-05-11
31766,10771,40939,2289877,1670115,686568,86.1,40.08788,29.23798,12.01945,1670115,686568,29.23798,12.01945,2021-05-12
39432,17996,55457,2345334,1709547,704564,87.9,41.05874,29.92829,12.3345,1709547,704564,29.92829,12.3345,2021-05-13
36310,26980,61065,2406399,1745857,731544,88.5,42.12778,30.56396,12.80682,1745857,731544,30.56396,12.80682,2021-05-14
43951,22569,62837,2469236,1789808,754113,90.8,43.22784,31.33339,13.20193,1789808,754113,31.33339,13.20193,2021-05-15
33575,18950,51162,2520398,1823383,773063,92.2,44.12351,31.92117,13.53368,1823383,773063,31.92117,13.53368,2021-05-16
24111,28829,49518,2569916,1847494,801892,93.5,44.9904,32.34327,14.03837,1847494,801892,32.34327,14.03837,2021-05-17
32547,22601,52283,2622199,1880041,824493,95.4,45.9057,32.91306,14.43404,1880041,824493,32.91306,14.43404,2021-05-18
34551,19932,51312,2673511,1914592,844425,90.3,46.80399,33.51793,14.78298,1914592,844425,33.51793,14.78298,2021-05-19
43238,19660,61064,2734575,1957830,864085,92.0,47.87301,34.27488,15.12716,1957830,864085,34.27488,15.12716,2021-05-20
43173,22401,63881,2798456,2001003,886486,91.1,48.99135,35.03069,15.51932,2001003,886486,35.03069,15.51932,2021-05-21
46475,29294,68140,2866596,2047478,915780,93.3,50.18425,35.84431,16.03216,2047478,915780,35.84431,16.03216,2021-05-22
37861,31337,58770,2925366,2085339,947117,95.2,51.21311,36.50712,16.58076,2085339,947117,36.50712,16.58076,2021-05-23
16205,17993,31364,2956730,2101544,965110,94.0,51.76218,36.79082,16.89576,2101544,965110,36.79082,16.89576,2021-05-24
23118,28129,46579,3003309,2124662,993239,95.5,52.57762,37.19553,17.3882,2124662,993239,37.19553,17.3882,2021-05-25
21588,35341,52753,3056062,2146250,1028580,91.1,53.50115,37.57346,18.0069,2146250,1028580,37.57346,18.0069,2021-05-26
26388,49721,73058,3129120,2172638,1078301,91.9,54.78014,38.03543,18.87735,2172638,1078301,38.03543,18.87735,2021-05-27
26900,49349,73101,3202221,2199538,1127650,94.0,56.05989,38.50635,19.74128,2199538,1127650,38.50635,19.74128,2021-05-28
43915,26776,67888,3270109,2243453,1154426,96.0,57.24837,39.27515,20.21003,2243453,1154426,39.27515,20.21003,2021-05-29
38850,15646,52182,3322291,2282303,1170072,95.1,58.1619,39.95528,20.48394,2282303,1170072,39.95528,20.48394,2021-05-30
30428,12173,40832,3363123,2312731,1182245,96.2,58.87673,40.48797,20.69705,2312731,1182245,40.48797,20.69705,2021-05-31
31774,23503,42328,3405451,2344505,1205748,89.4,59.61775,41.04423,21.10851,2344505,1205748,41.04423,21.10851,2021-06-01
38218,11012,42956,3448407,2382723,1216760,90.5,60.36976,41.71329,21.30129,2382723,1216760,41.71329,21.30129,2021-06-02
61968,16118,72650,3521057,2444691,1232878,91.3,61.64161,42.79814,21.58346,2444691,1232878,42.79814,21.58346,2021-06-03
65456,13734,74594,3595651,2510147,1246612,87.9,62.9475,43.94405,21.82389,2510147,1246612,43.94405,21.82389,2021-06-04
71613,9143,77653,3673304,2581760,1255755,89.8,64.30693,45.19775,21.98396,2581760,1255755,45.19775,21.98396,2021-06-05
62584,2495,63235,3736539,2644344,1258250,90.6,65.41396,46.29338,22.02763,2644344,1258250,46.29338,22.02763,2021-06-06
53552,8164,57617,3794156,2697896,1266414,92.0,66.42264,47.23089,22.17056,2697896,1266414,47.23089,22.17056,2021-06-07
46036,13029,53118,3847274,2743932,1279443,93.3,67.35255,48.03682,22.39865,2743932,1279443,48.03682,22.39865,2021-06-08
42142,16552,53065,3900339,2786074,1295995,88.6,68.28154,48.77458,22.68842,2786074,1295995,48.77458,22.68842,2021-06-09
68909,12642,76021,3976360,2854983,1308637,90.3,69.6124,49.98094,22.90974,2854983,1308637,49.98094,22.90974,2021-06-10
64807,8614,70868,4047228,2919790,1317251,91.3,70.85306,51.11549,23.06054,2919790,1317251,51.11549,23.06054,2021-06-11
56783,10928,64000,4111228,2976573,1328179,92.7,71.97348,52.10957,23.25185,2976573,1328179,52.10957,23.25185,2021-06-12
38699,5715,43430,4154658,3015272,1333894,93.7,72.73379,52.78705,23.3519,3015272,1333894,52.78705,23.3519,2021-06-13
19113,18496,37139,4191797,3034385,1352390,93.8,73.38396,53.12166,23.6757,3034385,1352390,53.12166,23.6757,2021-06-14
11265,7742,18695,4210492,3045650,1360132,94.3,73.71125,53.31887,23.81124,3045650,1360132,53.31887,23.81124,2021-06-15
20879,11354,31658,4242150,3066529,1371486,88.3,74.26547,53.68439,24.01001,3066529,1371486,53.68439,24.01001,2021-06-16
33417,27624,60224,4302374,3099946,1399110,89.6,75.31979,54.2694,24.49361,3099946,1399110,54.2694,24.49361,2021-06-17
35587,31274,65903,4368277,3135533,1430384,90.8,76.47352,54.89241,25.04111,3135533,1430384,54.89241,25.04111,2021-06-18
24637,38498,62416,4430693,3160170,1468882,92.1,77.56621,55.32372,25.71508,3160170,1468882,55.32372,25.71508,2021-06-19
14617,33459,47625,4478318,3174787,1502341,92.1,78.39996,55.57961,26.30083,3174787,1502341,55.57961,26.30083,2021-06-20
11628,35770,46927,4525245,3186415,1538111,93.1,79.22149,55.78318,26.92704,3186415,1538111,55.78318,26.92704,2021-06-21
13450,39429,52452,4577697,3199865,1577540,94.1,80.13975,56.01864,27.61731,3199865,1577540,56.01864,27.61731,2021-06-22
10973,36257,46780,4624477,3210838,1613797,87.6,80.9587,56.21074,28.25204,3210838,1613797,56.21074,28.25204,2021-06-23
13815,52913,66137,4690614,3224653,1666710,88.3,82.11654,56.4526,29.17837,3224653,1666710,56.4526,29.17837,2021-06-24
14169,52005,65523,4756137,3238822,1718715,89.5,83.26362,56.70065,30.0888,3238822,1718715,56.70065,30.0888,2021-06-25
15090,48518,62958,4819095,3253912,1767233,89.8,84.3658,56.96482,30.93818,3253912,1767233,56.96482,30.93818,2021-06-26
14491,29788,43569,4862664,3268403,1797021,90.6,85.12854,57.21851,31.45966,3268403,1797021,57.21851,31.45966,2021-06-27
21126,26385,46543,4909207,3289529,1823406,91.5,85.94335,57.58835,31.92157,3289529,1823406,57.58835,31.92157,2021-06-28
20210,29816,49367,4958574,3309739,1853222,92.4,86.8076,57.94216,32.44355,3309739,1853222,57.94216,32.44355,2021-06-29
19017,29621,47686,5006260,3328756,1882843,87.7,87.64241,58.27508,32.96211,3328756,1882843,58.27508,32.96211,2021-06-30
20523,42045,61567,5067827,3349279,1924888,88.0,88.72024,58.63437,33.69818,3349279,1924888,58.63437,33.69818,2021-07-01
14932,41728,55899,5123726,3364211,1966616,88.6,89.69884,58.89578,34.42869,3364211,1966616,58.89578,34.42869,2021-07-02
8547,59242,67286,5191012,3372758,2025858,89.7,90.87679,59.04541,35.46581,3372758,2025858,59.04541,35.46581,2021-07-03
6502,42703,48828,5239840,3379260,2068561,88.4,91.7316,59.15923,36.2134,3379260,2068561,59.15923,36.2134,2021-07-04
13421,50807,63333,5303173,3392681,2119368,89.5,92.84034,59.39419,37.10285,3392681,2119368,59.39419,37.10285,2021-07-05
16582,41593,56700,5359873,3409263,2160961,90.4,93.83296,59.68448,37.831,3409263,2160961,59.68448,37.831,2021-07-06
7673,45342,52325,5412198,3416936,2206303,88.4,94.74899,59.81881,38.62479,3416936,2206303,59.81881,38.62479,2021-07-07
5970,55658,61173,5473371,3422906,2261961,89.4,95.81992,59.92332,39.59917,3422906,2261961,59.92332,39.59917,2021-07-08
4662,57294,61517,5534888,3427568,2319255,90.4,96.89687,60.00494,40.60219,3427568,2319255,60.00494,40.60219,2021-07-09
2948,64311,66915,5601803,3430516,2383566,90.4,98.06833,60.05655,41.72805,3430516,2383566,60.05655,41.72805,2021-07-10
1093,39893,40869,5642672,3431609,2423459,91.1,98.7838,60.07568,42.42644,3431609,2423459,60.07568,42.42644,2021-07-11
4100,53091,56708,5699380,3435709,2476550,92.0,99.77656,60.14746,43.35588,3435709,2476550,60.14746,43.35588,2021-07-12
5192,49103,53701,5753081,3440901,2525653,92.8,100.71668,60.23836,44.21551,3440901,2525653,60.23836,44.21551,2021-07-13
4619,46997,51131,5804212,3445520,2572650,90.8,101.61181,60.31922,45.03826,3445520,2572650,60.31922,45.03826,2021-07-14
9649,58199,66739,5870951,3455169,2630849,91.8,102.78018,60.48814,46.05713,3455169,2630849,60.48814,46.05713,2021-07-15
7148,54695,61079,5932030,3462317,2685544,92.8,103.84947,60.61328,47.01465,3462317,2685544,60.61328,47.01465,2021-07-16
3720,52020,55273,5987303,3466037,2737564,93.7,104.81711,60.6784,47.92534,3466037,2737564,60.6784,47.92534,2021-07-17
4218,27698,31391,6018694,3470255,2765262,93.1,105.36665,60.75224,48.41024,3470255,2765262,60.75224,48.41024,2021-07-18
5624,39124,44006,6062700,3475879,2804386,93.2,106.13705,60.8507,49.09516,3475879,2804386,60.8507,49.09516,2021-07-19
6770,34121,40110,6102810,3482649,2838507,93.8,106.83924,60.96922,49.69251,3482649,2838507,60.96922,49.69251,2021-07-20
9289,42010,50181,6152991,3491938,2880517,91.6,107.71773,61.13184,50.42796,3491938,2880517,61.13184,50.42796,2021-07-21
7062,55489,61873,6214864,3499000,2936006,92.5,108.80092,61.25547,51.39938,3499000,2936006,61.25547,51.39938,2021-07-22
8969,53629,61849,6276713,3507969,2989635,93.4,109.88368,61.41249,52.33824,3507969,2989635,61.41249,52.33824,2021-07-23
7110,41561,48006,6324719,3515079,3031196,93.9,110.7241,61.53696,53.06583,3515079,3031196,61.53696,53.06583,2021-07-24
4492,19162,23232,6347951,3519571,3050358,94.3,111.13081,61.6156,53.40129,3519571,3050358,61.6156,53.40129,2021-07-25
10922,38780,48874,6396825,3530493,3089138,95.0,111.98643,61.8068,54.08019,3530493,3089138,61.8068,54.08019,2021-07-26
13432,36876,49181,6446006,3543925,3126014,95.0,112.84742,62.04195,54.72577,3543925,3126014,62.04195,54.72577,2021-07-27
14678,35899,49461,6495467,3558603,3161913,93.1,113.71331,62.29891,55.35423,3558603,3161913,62.29891,55.35423,2021-07-28
14346,35322,48494,6543961,3572949,3197235,93.8,114.56228,62.55006,55.9726,3572949,3197235,62.55006,55.9726,2021-07-29
15323,30826,44833,6588794,3588272,3228061,94.4,115.34715,62.81832,56.51226,3588272,3228061,62.81832,56.51226,2021-07-30
11135,20578,30738,6619532,3599407,3248639,94.9,115.88526,63.01325,56.87251,3599407,3248639,63.01325,56.87251,2021-07-31
7250,9387,16085,6635617,3606657,3258026,96.0,116.16686,63.14017,57.03684,3606657,3258026,63.14017,57.03684,2021-08-01
13748,28923,41765,6677382,3620405,3286949,96.8,116.89802,63.38085,57.54318,3620405,3286949,63.38085,57.54318,2021-08-02
15343,17845,32004,6709386,3635748,3304794,96.3,117.4583,63.64946,57.85559,3635748,3304794,63.64946,57.85559,2021-08-03
16745,14387,29846,6739232,3652493,3319181,94.0,117.9808,63.9426,58.10746,3652493,3319181,63.9426,58.10746,2021-08-04
18353,18177,35191,6774423,3670846,3337358,94.5,118.59687,64.2639,58.42567,3670846,3337358,64.2639,58.42567,2021-08-05
18586,13988,31234,6805657,3689432,3351346,95.0,119.14367,64.58928,58.67055,3689432,3351346,64.58928,58.67055,2021-08-06
11907,6122,17200,6822857,3701339,3357468,95.2,119.44479,64.79773,58.77773,3701339,3357468,64.79773,58.77773,2021-08-07
4908,2970,7575,6830432,3706247,3360438,94.6,119.5774,64.88365,58.82972,3706247,3360438,64.88365,58.82972,2021-08-08
14619,11478,25087,6855519,3720866,3371916,94.8,120.01659,65.13958,59.03067,3720866,3371916,65.13958,59.03067,2021-08-09
14691,8219,21642,6877161,3735557,3380135,95.1,120.39546,65.39677,59.17455,3735557,3380135,65.39677,59.17455,2021-08-10
12909,9343,21055,6898216,3748466,3389478,92.9,120.76406,65.62276,59.33812,3748466,3389478,65.62276,59.33812,2021-08-11
13210,6667,18933,6917149,3761676,3396145,93.2,121.09552,65.85402,59.45483,3761676,3396145,65.85402,59.45483,2021-08-12
10259,7314,16869,6934018,3771935,3403459,92.7,121.39083,66.03362,59.58287,3771935,3403459,66.03362,59.58287,2021-08-13
2215,3049,4924,6938942,3774150,3406508,92.7,121.47704,66.0724,59.63625,3774150,3406508,66.0724,59.63625,2021-08-14
223,996,1126,6940068,3774373,3407504,92.8,121.49675,66.0763,59.65369,3774373,3407504,66.0763,59.65369,2021-08-15
6740,6454,12471,6952539,3781113,3413958,92.9,121.71507,66.1943,59.76668,3781113,3413958,66.1943,59.76668,2021-08-16
7839,15279,22283,6974822,3788952,3429237,92.4,122.10517,66.33153,60.03416,3788952,3429237,66.33153,60.03416,2021-08-17
8300,12125,19596,6994418,3797252,3441362,88.8,122.44823,66.47684,60.24643,3797252,3441362,66.47684,60.24643,2021-08-18
10241,12764,22018,7016436,3807493,3454126,89.1,122.83369,66.65612,60.46988,3807493,3454126,66.65612,60.46988,2021-08-19
7993,10192,17419,7033855,3815486,3464318,89.3,123.13864,66.79605,60.64831,3815486,3464318,66.79605,60.64831,2021-08-20
4460,5968,9807,7043662,3819946,3470286,89.4,123.31032,66.87413,60.75279,3819946,3470286,66.87413,60.75279,2021-08-21
2683,4699,6813,7050475,3822629,3474985,89.5,123.4296,66.9211,60.83505,3822629,3474985,66.9211,60.83505,2021-08-22
10378,14411,23731,7074206,3833007,3489396,89.8,123.84504,67.10278,61.08734,3833007,3489396,67.10278,61.08734,2021-08-23
9429,14078,22624,7096830,3842436,3503474,88.4,124.24111,67.26785,61.33379,3842436,3503474,67.26785,61.33379,2021-08-24
9416,14310,22839,7119669,3851852,3517784,88.7,124.64094,67.4327,61.58431,3851852,3517784,67.4327,61.58431,2021-08-25
9008,16557,24545,7144214,3860860,3534341,85.4,125.07064,67.59039,61.87417,3860860,3534341,67.59039,61.87417,2021-08-26
8520,16734,24409,7168623,3869380,3551075,85.7,125.49796,67.73955,62.16712,3869380,3551075,67.73955,62.16712,2021-08-27
5870,12453,17711,7186334,3875250,3563528,85.9,125.80802,67.84231,62.38513,3875250,3563528,67.84231,62.38513,2021-08-28
3987,6771,10265,7196599,3879237,3570299,86.0,125.98772,67.91211,62.50367,3879237,3570299,67.91211,62.50367,2021-08-29
10561,19515,29111,7225710,3889798,3589814,86.4,126.49736,68.097,62.84531,3889798,3589814,68.097,62.84531,2021-08-30
11808,17109,27791,7253501,3901606,3606923,86.7,126.98388,68.30372,63.14483,3901606,3606923,68.30372,63.14483,2021-08-31
11100,17188,27221,7280722,3912706,3624111,86.8,127.46043,68.49804,63.44573,3912706,3624111,68.49804,63.44573,2021-09-01
11067,15503,25527,7306249,3923773,3639614,85.3,127.90732,68.69179,63.71714,3923773,3639614,68.69179,63.71714,2021-09-02
11725,15848,26499,7332748,3935498,3655462,85.6,128.37123,68.89705,63.99458,3935498,3655462,68.89705,63.99458,2021-09-03
9620,9530,18068,7350816,3945118,3664992,85.8,128.68753,69.06546,64.16142,3945118,3664992,69.06546,64.16142,2021-09-04
5625,3135,8209,7359025,3950743,3668127,85.9,128.83125,69.16394,64.2163,3950743,3668127,69.16394,64.2163,2021-09-05
11719,12276,22783,7381808,3962462,3680403,86.2,129.2301,69.3691,64.43121,3962462,3680403,69.3691,64.43121,2021-09-06
10352,11270,20545,7402353,3972814,3691673,84.8,129.58977,69.55032,64.62851,3972814,3691673,69.55032,64.62851,2021-09-07
9507,10587,19134,7421487,3982321,3702260,83.2,129.92474,69.71676,64.81385,3982321,3702260,69.71676,64.81385,2021-09-08
9035,10305,18417,7439904,3991356,3712565,83.4,130.24716,69.87493,64.99426,3991356,3712565,69.87493,64.99426,2021-09-09
9206,10230,18486,7458390,4000562,3722795,83.6,130.57079,70.0361,65.17335,4000562,3722795,70.0361,65.17335,2021-09-10
6935,5710,11892,7470282,4007497,3728505,83.7,130.77897,70.1575,65.27331,4007497,3728505,70.1575,65.27331,2021-09-11
5208,3232,7888,7478170,4012705,3731737,83.8,130.91707,70.24868,65.32989,4012705,3731737,70.24868,65.32989,2021-09-12
9038,10084,18290,7496460,4021743,3741821,84.0,131.23726,70.4069,65.50643,4021743,3741821,70.4069,65.50643,2021-09-13
7465,9120,15841,7512301,4029208,3750941,84.2,131.51458,70.53759,65.66609,4029208,3750941,70.53759,65.66609,2021-09-14
6767,9233,15311,7527612,4035975,3760174,84.4,131.78263,70.65606,65.82773,4035975,3760174,70.65606,65.82773,2021-09-15
6792,8340,14473,7542085,4042767,3768514,83.3,132.036,70.77496,65.97373,4042767,3768514,70.77496,65.97373,2021-09-16
7766,8117,15151,7557236,4050533,3776631,83.5,132.30124,70.91092,66.11583,4050533,3776631,70.91092,66.11583,2021-09-17
7934,6717,13898,7571134,4058467,3783348,83.6,132.54455,71.04981,66.23343,4058467,3783348,71.04981,66.23343,2021-09-18
5008,4056,8623,7579757,4063475,3787404,83.7,132.6955,71.13749,66.30443,4063475,3787404,71.13749,66.30443,2021-09-19
8087,10249,17588,7597345,4071562,3797653,83.9,133.00341,71.27906,66.48386,4071562,3797653,71.27906,66.48386,2021-09-20
9861,9896,18846,7616191,4081423,3807549,84.1,133.33334,71.4517,66.6571,4081423,3807549,71.4517,66.6571,2021-09-21
7667,9842,16855,7633046,4089090,3817391,83.1,133.62841,71.58592,66.8294,4089090,3817391,71.58592,66.8294,2021-09-22
7723,9819,16813,7649859,4096813,3827210,83.3,133.92275,71.72112,67.0013,4096813,3827210,71.72112,67.0013,2021-09-23
8376,10442,18086,7667945,4105189,3837652,83.5,134.23937,71.86776,67.1841,4105189,3837652,71.86776,67.1841,2021-09-24
7092,8066,14504,7682449,4112281,3845718,83.7,134.49329,71.99191,67.32531,4112281,3845718,71.99191,67.32531,2021-09-25
4579,5265,9449,7691898,4116860,3850983,83.8,134.65871,72.07208,67.41748,4116860,3850983,72.07208,67.41748,2021-09-26
7088,10396,16812,7708710,4123948,3861379,84.0,134.95303,72.19616,67.59948,4123948,3861379,72.19616,67.59948,2021-09-27
6860,10220,16457,7725167,4130808,3871599,84.1,135.24113,72.31626,67.7784,4130808,3871599,72.31626,67.7784,2021-09-28
5911,8455,13858,7739025,4136719,3880054,84.3,135.48374,72.41974,67.92642,4136719,3880054,72.41974,67.92642,2021-09-29
5711,8555,13614,7752639,4142430,3888609,84.4,135.72207,72.51972,68.07618,4142430,3888609,72.51972,68.07618,2021-09-30
5776,8549,13748,7766387,4148206,3897158,84.6,135.96276,72.62084,68.22585,4148206,3897158,72.62084,68.22585,2021-10-01
4655,6041,10257,7776644,4152861,3903199,84.7,136.14232,72.70233,68.33161,4152861,3903199,72.70233,68.33161,2021-10-02
2499,3653,5899,7782543,4155360,3906852,84.8,136.24559,72.74608,68.39556,4155360,3906852,72.74608,68.39556,2021-10-03
5289,8416,13201,7795744,4160649,3915268,84.9,136.4767,72.83867,68.54289,4160649,3915268,72.83867,68.54289,2021-10-04
4692,6534,10781,7806525,4165341,3921802,85.0,136.66543,72.92081,68.65728,4165341,3921802,72.92081,68.65728,2021-10-05
4886,5749,10173,7816698,4170227,3927551,85.1,136.84353,73.00635,68.75793,4170227,3927551,73.00635,68.75793,2021-10-06
6848,8893,15114,7831812,4177075,3936444,85.3,137.10812,73.12623,68.91361,4177075,3936444,73.12623,68.91361,2021-10-07
5351,6214,11069,7842881,4182426,3942658,85.4,137.3019,73.21991,69.0224,4182426,3942658,73.21991,69.0224,2021-10-08
5284,5886,10641,7853522,4187710,3948544,85.5,137.48819,73.31242,69.12544,4187710,3948544,73.31242,69.12544,2021-10-09
2804,3339,5874,7859396,4190514,3951883,85.6,137.59102,73.3615,69.18389,4190514,3951883,73.3615,69.18389,2021-10-10
7452,7715,14544,7873940,4197966,3959598,85.8,137.84564,73.49196,69.31896,4197966,3959598,73.49196,69.31896,2021-10-11
6412,6776,12712,7886652,4204378,3966374,85.9,138.06818,73.60421,69.43758,4204378,3966374,73.60421,69.43758,2021-10-12
7082,6644,13244,7899896,4211460,3973018,86.1,138.30004,73.7282,69.5539,4211460,3973018,73.7282,69.5539,2021-10-13
12435,9927,21601,7921497,4223895,3982945,86.3,138.6782,73.94589,69.72768,4223895,3982945,73.94589,69.72768,2021-10-14
9284,8612,17312,7938809,4233179,3991557,86.5,138.98127,74.10842,69.87845,4233179,3991557,74.10842,69.87845,2021-10-15
7167,7563,14151,7952960,4240346,3999120,86.6,139.22901,74.23389,70.01085,4240346,3999120,74.23389,70.01085,2021-10-16
5322,6696,11642,7964602,4245668,4005816,86.8,139.43282,74.32706,70.12808,4245668,4005816,74.32706,70.12808,2021-10-17
6501,7690,13723,7978325,4252169,4013506,86.9,139.67306,74.44087,70.2627,4252169,4013506,74.44087,70.2627,2021-10-18
4032,7074,10807,7989132,4256201,4020580,87.0,139.86225,74.51146,70.38654,4256201,4020580,74.51146,70.38654,2021-10-19
0,0,0,7989132,4256201,4020580,87.0,139.86225,74.51146,70.38654,4256201,4020580,74.51146,70.38654,2021-10-20
3313,5964,25377,8014509,4259514,4026544,89.2,140.30652,74.56946,70.49095,4259514,4026544,74.56946,70.49095,2021-10-21
3313,5964,25378,8039887,4262827,4032508,89.2,140.7508,74.62746,70.59536,4262827,4032508,74.62746,70.59536,2021-10-22
3313,5964,25378,8065265,4266140,4038472,89.2,141.19508,74.68546,70.69977,4266140,4038472,74.68546,70.69977,2021-10-23
3314,5965,25378,8090643,4269454,4044437,89.2,141.63936,74.74347,70.8042,4269454,4044437,74.74347,70.8042,2021-10-24
3313,5964,25377,8116020,4272767,4050401,89.2,142.08363,74.80147,70.90861,4272767,4050401,74.80147,70.90861,2021-10-25
3313,5964,25378,8141398,4276080,4056365,89.2,142.52791,74.85947,71.01302,4276080,4056365,74.85947,71.01302,2021-10-26
3313,5964,25378,8166776,4279393,4062329,89.2,142.97219,74.91747,71.11742,4279393,4062329,74.91747,71.11742,2021-10-27
3314,5965,25378,8192154,4282707,4068294,89.2,143.41647,74.97549,71.22185,4282707,4068294,74.97549,71.22185,2021-10-28
