delta_1d,delta_2d,delta_all,sum_doses,sum_1d,sum_2d,perc_doses,perc_inh_tot,perc_inh_1d,perc_inh_2d,sum_monotone_1d,sum_monotone_2d,perc_inh_monotone_1d,perc_inh_monotone_2d,date
0,0,0,0,0,0,0,0,0,0,0,0,0,0,2020-12-26
721,1,721,721,721,1,100.1,0.01262,0.01262,2e-05,721,1,0.01262,2e-05,2020-12-27
0,0,0,721,721,1,100.1,0.01262,0.01262,2e-05,721,1,0.01262,2e-05,2020-12-28
0,0,0,721,721,1,100.1,0.01262,0.01262,2e-05,721,1,0.01262,2e-05,2020-12-29
0,0,0,721,721,1,2.3,0.01262,0.01262,2e-05,721,1,0.01262,2e-05,2020-12-30
1490,3,1490,2211,2211,4,6.5,0.03871,0.03871,7e-05,2211,4,0.03871,7e-05,2020-12-31
919,4,919,3130,3130,8,9.2,0.0548,0.0548,0.00014,3130,8,0.0548,0.00014,2021-01-01
3673,8,3673,6803,6803,16,20.1,0.1191,0.1191,0.00028,6803,16,0.1191,0.00028,2021-01-02
3836,5,3836,10639,10639,21,31.4,0.18625,0.18625,0.00037,10639,21,0.18625,0.00037,2021-01-03
5827,6,5827,16466,16466,27,48.6,0.28826,0.28826,0.00047,16466,27,0.28826,0.00047,2021-01-04
7238,13,7238,23704,23704,40,45.2,0.41498,0.41498,0.0007,23704,40,0.41498,0.0007,2021-01-05
7652,14,7652,31356,31356,54,58.7,0.54894,0.54894,0.00095,31356,54,0.54894,0.00095,2021-01-06
8914,22,8914,40270,40270,76,63.8,0.70499,0.70499,0.00133,40270,76,0.70499,0.00133,2021-01-07
10459,44,10459,50729,50729,120,80.4,0.88809,0.88809,0.0021,50729,120,0.88809,0.0021,2021-01-08
10564,24,10564,61293,61293,144,94.2,1.07303,1.07303,0.00252,61293,144,1.07303,0.00252,2021-01-09
8168,31,8168,69461,69461,175,106.8,1.21602,1.21602,0.00306,69461,175,1.21602,0.00306,2021-01-10
4082,23,4082,73543,73543,198,98.3,1.28749,1.28749,0.00347,73543,198,1.28749,0.00347,2021-01-11
5221,12,5221,78764,78764,210,77.1,1.37889,1.37889,0.00368,78764,210,1.37889,0.00368,2021-01-12
8031,30,8031,86795,86795,240,78.0,1.51948,1.51948,0.0042,86795,240,1.51948,0.0042,2021-01-13
7083,23,7083,93878,93878,263,84.3,1.64348,1.64348,0.0046,93878,263,1.64348,0.0046,2021-01-14
5000,29,5000,98878,98878,292,88.8,1.73101,1.73101,0.00511,98878,292,1.73101,0.00511,2021-01-15
3373,9,3373,102251,102251,301,91.8,1.79006,1.79006,0.00527,102251,301,1.79006,0.00527,2021-01-16
702,456,1155,103406,102953,757,92.9,1.81028,1.80235,0.01325,102953,757,1.80235,0.01325,2021-01-17
715,244,959,104365,103668,1001,85.6,1.82707,1.81487,0.01752,103668,1001,1.81487,0.01752,2021-01-18
1107,29,1112,105477,104775,1030,86.5,1.84654,1.83425,0.01803,104775,1030,1.83425,0.01803,2021-01-19
1264,2,1264,106741,106039,1032,78.5,1.86867,1.85638,0.01807,106039,1032,1.85638,0.01807,2021-01-20
685,1422,2106,108847,106724,2454,72.6,1.90554,1.86837,0.04296,106724,2454,1.86837,0.04296,2021-01-21
678,854,1532,110379,107402,3308,73.6,1.93236,1.88024,0.05791,107402,3308,1.88024,0.05791,2021-01-22
274,3571,3845,114224,107676,6879,76.2,1.99967,1.88504,0.12043,107676,6879,1.88504,0.12043,2021-01-23
378,3747,4123,118347,108054,10626,78.9,2.07185,1.89165,0.18602,108054,10626,1.89165,0.18602,2021-01-24
176,5586,5762,124109,108230,16212,80.8,2.17272,1.89474,0.28382,108230,16212,1.89474,0.28382,2021-01-25
356,6996,7351,131460,108586,23208,77.4,2.30141,1.90097,0.40629,108586,23208,1.90097,0.40629,2021-01-26
173,7584,7756,139216,108759,30792,79.2,2.43719,1.904,0.53906,108759,30792,1.904,0.53906,2021-01-27
148,8712,8856,148072,108907,39504,84.2,2.59223,1.90659,0.69158,108907,39504,1.90659,0.69158,2021-01-28
70,10020,10088,158160,108977,49524,87.1,2.76884,1.90781,0.867,108977,49524,1.90781,0.867,2021-01-29
48,10690,10737,168897,109025,60214,93.0,2.95681,1.90865,1.05414,109025,60214,1.90865,1.05414,2021-01-30
19,8052,8071,176968,109044,68266,97.4,3.0981,1.90899,1.1951,109044,68266,1.90899,1.1951,2021-01-31
112,3877,3989,180957,109156,72143,94.5,3.16794,1.91095,1.26298,109156,72143,1.91095,1.26298,2021-02-01
465,5295,5754,186711,109621,77438,81.2,3.26867,1.91909,1.35567,109621,77438,1.91909,1.35567,2021-02-02
878,8038,8911,195622,110499,85476,85.0,3.42467,1.93446,1.49639,110499,85476,1.93446,1.49639,2021-02-03
1307,6644,7945,203567,111806,92120,88.5,3.56376,1.95734,1.6127,111806,92120,1.95734,1.6127,2021-02-04
2138,5141,7269,210836,113944,97261,91.6,3.69101,1.99477,1.70271,113944,97261,1.99477,1.70271,2021-02-05
2101,3261,5342,216178,116045,100522,94.0,3.78453,2.03155,1.75979,116045,100522,2.03155,1.75979,2021-02-06
2158,789,2929,219107,118203,101311,95.2,3.83581,2.06933,1.77361,118203,101311,2.06933,1.77361,2021-02-07
4312,842,5127,224234,122515,102153,97.5,3.92557,2.14482,1.78835,122515,102153,2.14482,1.78835,2021-02-08
4391,289,4655,228889,126906,102442,75.4,4.00706,2.22169,1.79341,126906,102442,2.22169,1.79341,2021-02-09
6734,254,6939,235828,133640,102696,77.7,4.12854,2.33958,1.79785,133640,102696,2.33958,1.79785,2021-02-10
6215,169,6293,242121,139855,102865,79.8,4.23871,2.44838,1.80081,139855,102865,2.44838,1.80081,2021-02-11
6349,298,6568,248689,146204,103163,81.9,4.35369,2.55953,1.80603,146204,103163,2.55953,1.80603,2021-02-12
5291,265,5508,254197,151495,103428,74.5,4.45012,2.65216,1.81067,151495,103428,2.65216,1.81067,2021-02-13
3896,56,3930,258127,155391,103484,75.7,4.51892,2.72036,1.81165,155391,103484,2.72036,1.81165,2021-02-14
5299,232,5474,263601,160690,103716,76.0,4.61475,2.81313,1.81571,160690,103716,2.81313,1.81571,2021-02-15
4685,859,5472,269073,165375,104575,77.3,4.71054,2.89515,1.83075,165375,104575,2.89515,1.83075,2021-02-16
6349,1159,7423,276496,171724,105734,79.4,4.8405,3.0063,1.85104,171724,105734,3.0063,1.85104,2021-02-17
8383,866,9110,285606,180107,106600,74.8,4.99998,3.15305,1.8662,180107,106600,3.15305,1.8662,2021-02-18
8925,837,9587,295193,189032,107437,68.5,5.16782,3.3093,1.88085,189032,107437,3.3093,1.88085,2021-02-19
8269,453,8572,303765,197301,107890,70.5,5.31788,3.45406,1.88878,197301,107890,3.45406,1.88878,2021-02-20
5611,331,5839,309604,202912,108221,71.8,5.4201,3.55229,1.89458,202912,108221,3.55229,1.89458,2021-02-21
10419,525,10700,320304,213331,108746,72.5,5.60742,3.73469,1.90377,213331,108746,3.73469,1.90377,2021-02-22
10474,849,11034,331338,223805,109595,69.7,5.80059,3.91806,1.91863,223805,109595,3.91806,1.91863,2021-02-23
11095,945,11810,343148,234900,110540,72.2,6.00734,4.11229,1.93518,234900,110540,4.11229,1.93518,2021-02-24
11238,1425,12447,355595,246138,111965,74.8,6.22525,4.30903,1.96012,246138,111965,4.30903,1.96012,2021-02-25
12001,1633,13370,368965,258139,113598,77.6,6.45931,4.51913,1.98871,258139,113598,4.51913,1.98871,2021-02-26
12303,1949,13958,382923,270442,115547,74.1,6.70367,4.73451,2.02283,270442,115547,4.73451,2.02283,2021-02-27
8517,2130,10418,393341,278959,117677,76.1,6.88605,4.88361,2.06012,278959,117677,4.88361,2.06012,2021-02-28
8024,4364,12139,405480,286983,122041,74.6,7.09856,5.02409,2.13652,286983,122041,5.02409,2.13652,2021-03-01
8417,4553,12763,418243,295400,126594,72.3,7.322,5.17144,2.21623,295400,126594,5.17144,2.21623,2021-03-02
7296,6839,13930,432173,302696,133433,74.7,7.56586,5.29917,2.33595,302696,133433,5.29917,2.33595,2021-03-03
8814,6161,14711,446884,311510,139594,77.2,7.8234,5.45347,2.44381,311510,139594,5.45347,2.44381,2021-03-04
10153,6974,16825,463709,321663,146568,80.1,8.11795,5.63121,2.5659,321663,146568,5.63121,2.5659,2021-03-05
10706,5989,16377,480086,332369,152557,82.9,8.40466,5.81864,2.67075,332369,152557,5.81864,2.67075,2021-03-06
8131,4219,11976,492062,340500,156776,85.0,8.61432,5.96099,2.74461,340500,156776,5.96099,2.74461,2021-03-07
9917,5269,14699,506761,350417,162045,85.6,8.87164,6.1346,2.83685,350417,162045,6.1346,2.83685,2021-03-08
10345,4208,14145,520906,360762,166253,82.9,9.11927,6.3157,2.91052,360762,166253,6.3157,2.91052,2021-03-09
8789,7199,15646,536552,369551,173452,77.5,9.39318,6.46957,3.03655,369551,173452,6.46957,3.03655,2021-03-10
10741,7710,18035,554587,380292,181162,80.1,9.70891,6.65761,3.17152,380292,181162,6.65761,3.17152,2021-03-11
8497,6420,14589,569176,388789,187582,82.1,9.96432,6.80636,3.28392,388789,187582,6.80636,3.28392,2021-03-12
9246,5614,14531,583707,398035,193196,81.4,10.2187,6.96823,3.3822,398035,193196,6.96823,3.3822,2021-03-13
4477,4285,8621,592328,402512,197481,82.6,10.36963,7.0466,3.45721,402512,197481,7.0466,3.45721,2021-03-14
8611,5057,13360,605688,411123,202538,79.0,10.60352,7.19735,3.54574,411123,202538,7.19735,3.54574,2021-03-15
3774,4390,8096,613784,414897,206928,80.0,10.74525,7.26342,3.6226,414897,206928,7.26342,3.6226,2021-03-16
5009,6728,11601,625385,419906,213656,81.5,10.94834,7.35111,3.74038,419906,213656,7.35111,3.74038,2021-03-17
5985,6415,12183,637568,425891,220071,83.1,11.16163,7.45589,3.85269,425891,220071,7.45589,3.85269,2021-03-18
7279,4130,11217,648785,433170,224201,84.6,11.358,7.58332,3.92499,433170,224201,7.58332,3.92499,2021-03-19
10251,4026,13991,662776,443421,228227,86.4,11.60293,7.76278,3.99547,443421,228227,7.76278,3.99547,2021-03-20
7688,2611,10079,672855,451109,230838,85.1,11.77938,7.89737,4.04118,451109,230838,7.89737,4.04118,2021-03-21
11146,2385,13193,686048,462255,233223,75.2,12.01034,8.0925,4.08293,462255,233223,8.0925,4.08293,2021-03-22
13236,2915,15752,701800,475491,236138,76.9,12.28611,8.32421,4.13397,475491,236138,8.32421,4.13397,2021-03-23
14964,3325,17924,719724,490455,239463,78.8,12.59989,8.58618,4.19217,490455,239463,8.58618,4.19217,2021-03-24
16824,3955,20332,740056,507279,243418,78.8,12.95584,8.88071,4.26141,507279,243418,8.88071,4.26141,2021-03-25
16055,4234,19879,759935,523334,247652,80.8,13.30385,9.16178,4.33554,523334,247652,9.16178,4.33554,2021-03-26
17657,4279,21531,781466,540991,251931,83.1,13.68078,9.47089,4.41045,540991,251931,9.47089,4.41045,2021-03-27
13939,1948,15564,797030,554930,253879,84.8,13.95326,9.71492,4.44455,554930,253879,9.71492,4.44455,2021-03-28
17859,1995,19418,816448,572789,255874,80.6,14.2932,10.02757,4.47947,572789,255874,10.02757,4.47947,2021-03-29
19110,3493,22073,838521,591899,259367,82.7,14.67962,10.36212,4.54063,591899,259367,10.36212,4.54063,2021-03-30
19779,3888,23225,861746,611678,263255,85.0,15.08621,10.70838,4.60869,611678,263255,10.70838,4.60869,2021-03-31
20563,4613,24701,886447,632241,267868,87.4,15.51864,11.06837,4.68945,632241,267868,11.06837,4.68945,2021-04-01
19553,2797,21877,908324,651794,270665,86.6,15.90163,11.41067,4.73841,651794,270665,11.41067,4.73841,2021-04-02
18738,2832,21126,929450,670532,273497,79.3,16.27148,11.73871,4.78799,670532,273497,11.73871,4.78799,2021-04-03
6920,1259,7967,937417,677452,274756,80.0,16.41095,11.85986,4.81003,677452,274756,11.85986,4.81003,2021-04-04
9216,2736,11643,949060,686668,277492,81.0,16.61478,12.0212,4.85793,686668,277492,12.0212,4.85793,2021-04-05
20009,5042,24536,973596,706677,282534,76.1,17.04432,12.37149,4.9462,706677,282534,12.37149,4.9462,2021-04-06
20256,5274,24984,998580,726933,287808,78.0,17.48171,12.7261,5.03853,726933,287808,12.7261,5.03853,2021-04-07
22676,6419,28527,1027107,749609,294227,80.2,17.98111,13.12308,5.1509,749609,294227,13.12308,5.1509,2021-04-08
23811,6706,29949,1057056,773420,300933,82.6,18.50542,13.53993,5.2683,773420,300933,13.53993,5.2683,2021-04-09
23463,5512,28381,1085437,796883,306445,84.8,19.00227,13.95068,5.3648,796883,306445,13.95068,5.3648,2021-04-10
15444,2458,17534,1102971,812327,308903,86.2,19.30923,14.22106,5.40783,812327,308903,14.22106,5.40783,2021-04-11
20277,3520,23317,1126288,832604,312423,88.0,19.71743,14.57604,5.46945,832604,312423,14.57604,5.46945,2021-04-12
21081,6044,26623,1152911,853685,318467,89.7,20.18351,14.94509,5.57526,853685,318467,14.94509,5.57526,2021-04-13
19079,9008,27677,1180588,872764,327475,82.4,20.66804,15.2791,5.73296,872764,327475,15.2791,5.73296,2021-04-14
24445,10527,34359,1214947,897209,338002,83.8,21.26955,15.70705,5.91725,897209,338002,15.70705,5.91725,2021-04-15
23788,11319,34463,1249410,920997,349321,86.2,21.87288,16.12349,6.11541,920997,349321,16.12349,6.11541,2021-04-16
24688,12208,36209,1285619,945685,361529,88.7,22.50677,16.5557,6.32913,945685,361529,16.5557,6.32913,2021-04-17
18324,9390,27229,1312848,964009,370919,90.6,22.98346,16.87649,6.49352,964009,370919,16.87649,6.49352,2021-04-18
19201,12095,30798,1343646,983210,383014,90.3,23.52263,17.21263,6.70526,983210,383014,17.21263,6.70526,2021-04-19
20854,11918,32197,1375843,1004064,394932,92.5,24.08628,17.57771,6.9139,1004064,394932,17.57771,6.9139,2021-04-20
18150,12718,30383,1406226,1022214,407650,83.9,24.61819,17.89546,7.13655,1022214,407650,17.89546,7.13655,2021-04-21
21575,13159,34125,1440351,1043789,420809,85.0,25.2156,18.27316,7.36692,1043789,420809,18.27316,7.36692,2021-04-22
23203,9831,32367,1472718,1066992,430640,86.9,25.78223,18.67936,7.53903,1066992,430640,18.67936,7.53903,2021-04-23
25145,11971,36400,1509118,1092137,442611,89.1,26.41947,19.11957,7.7486,1092137,442611,19.11957,7.7486,2021-04-24
25337,6587,30746,1539864,1117474,449198,90.9,26.95773,19.56313,7.86391,1117474,449198,19.56313,7.86391,2021-04-25
28426,6782,34056,1573920,1145900,455980,91.0,27.55393,20.06077,7.98264,1145900,455980,20.06077,7.98264,2021-04-26
24245,8864,32177,1606097,1170145,464844,92.9,28.11724,20.48522,8.13782,1170145,464844,20.48522,8.13782,2021-04-27
26648,11213,36414,1642511,1196793,476057,84.2,28.75472,20.95173,8.33412,1196793,476057,20.95173,8.33412,2021-04-28
24808,18231,41560,1684071,1221601,494288,86.3,29.4823,21.38604,8.65328,1221601,494288,21.38604,8.65328,2021-04-29
25816,17652,42333,1726404,1247417,511940,88.5,30.2234,21.83799,8.96231,1247417,511940,21.83799,8.96231,2021-04-30
30240,17283,46362,1772766,1277657,529223,81.4,31.03504,22.36738,9.26488,1277657,529223,22.36738,9.26488,2021-05-01
32116,12870,43503,1816269,1309773,542093,83.4,31.79663,22.92963,9.49019,1309773,542093,22.92963,9.49019,2021-05-02
28889,12859,40769,1857038,1338662,554952,85.2,32.51036,23.43537,9.7153,1338662,554952,23.43537,9.7153,2021-05-03
39583,10834,48494,1905532,1378245,565786,87.5,33.35932,24.12834,9.90497,1378245,565786,24.12834,9.90497,2021-05-04
44786,8064,51187,1956719,1423031,573850,81.7,34.25543,24.91238,10.04614,1423031,573850,24.91238,10.04614,2021-05-05
42853,16523,57634,2014353,1465884,590373,84.1,35.2644,25.66259,10.3354,1465884,590373,25.66259,10.3354,2021-05-06
43821,17755,59806,2074159,1509705,608128,84.9,36.3114,26.42975,10.64623,1509705,608128,26.42975,10.64623,2021-05-07
40608,17649,56474,2130633,1550313,625777,87.2,37.30006,27.14065,10.95521,1550313,625777,27.14065,10.95521,2021-05-08
32108,12580,43226,2173859,1582421,638357,89.0,38.0568,27.70276,11.17544,1582421,638357,27.70276,11.17544,2021-05-09
25552,11373,35492,2209351,1607973,649730,90.4,38.67815,28.15008,11.37454,1607973,649730,28.15008,11.37454,2021-05-10
30484,10669,39897,2249248,1638457,660399,92.0,39.37661,28.68375,11.56132,1638457,660399,28.68375,11.56132,2021-05-11
31770,10446,40944,2290192,1670227,670845,86.1,40.09339,29.23994,11.74419,1670227,670845,29.23994,11.74419,2021-05-12
39431,17429,55459,2345651,1709658,688274,87.9,41.06429,29.93024,12.04931,1709658,688274,29.93024,12.04931,2021-05-13
36311,26454,61072,2406723,1745969,714728,88.5,42.13345,30.56592,12.51243,1745969,714728,30.56592,12.51243,2021-05-14
43951,21966,62855,2469578,1789920,736694,90.9,43.23383,31.33535,12.89698,1789920,736694,31.33535,12.89698,2021-05-15
33576,18826,51165,2520743,1823496,755520,92.2,44.12955,31.92315,13.22656,1823496,755520,31.92315,13.22656,2021-05-16
24113,28766,49523,2570266,1847609,784286,93.5,44.99653,32.34529,13.73015,1847609,784286,32.34529,13.73015,2021-05-17
32549,22556,52339,2622605,1880158,806842,95.4,45.9128,32.91511,14.12503,1880158,806842,32.91511,14.12503,2021-05-18
34553,19816,51334,2673939,1914711,826658,90.3,46.81149,33.52001,14.47194,1914711,826658,33.52001,14.47194,2021-05-19
43240,19494,61071,2735010,1957951,846152,92.0,47.88063,34.277,14.81321,1957951,846152,34.277,14.81321,2021-05-20
43174,22220,63884,2798894,2001125,868372,91.1,48.99902,35.03282,15.20221,2001125,868372,35.03282,15.20221,2021-05-21
46473,29178,68142,2867036,2047598,897550,93.3,50.19195,35.84641,15.71302,2047598,897550,35.84641,15.71302,2021-05-22
37860,31255,58769,2925805,2085458,928805,95.2,51.22079,36.50921,16.26018,2085458,928805,36.50921,16.26018,2021-05-23
16204,17936,31365,2957170,2101662,946741,94.0,51.76989,36.79288,16.57418,2101662,946741,36.79288,16.57418,2021-05-24
23116,28064,46581,3003751,2124778,974805,95.5,52.58536,37.19756,17.06549,2124778,974805,37.19756,17.06549,2021-05-25
21589,35273,52758,3056509,2146367,1010078,91.1,53.50897,37.57551,17.683,2146367,1010078,37.57551,17.683,2021-05-26
26386,49662,73068,3129577,2172753,1059740,91.9,54.78814,38.03744,18.55241,2172753,1059740,38.03744,18.55241,2021-05-27
26902,49265,73114,3202691,2199655,1109005,94.0,56.06812,38.5084,19.41487,2199655,1109005,38.5084,19.41487,2021-05-28
43912,26683,67893,3270584,2243567,1135688,96.0,57.25669,39.27715,19.882,2243567,1135688,39.27715,19.882,2021-05-29
38850,15555,52184,3322768,2282417,1151243,95.1,58.17025,39.95728,20.15431,2282417,1151243,39.95728,20.15431,2021-05-30
30426,12131,40841,3363609,2312843,1163374,96.2,58.88524,40.48994,20.36668,2312843,1163374,40.48994,20.36668,2021-05-31
31814,23510,42372,3405981,2344657,1186884,89.4,59.62703,41.04689,20.77826,2344657,1186884,41.04689,20.77826,2021-06-01
38224,11051,42981,3448962,2382881,1197935,90.5,60.37948,41.71606,20.97173,2382881,1197935,41.71606,20.97173,2021-06-02
61969,16144,72653,3521615,2444850,1214079,91.3,61.65138,42.80092,21.25435,2444850,1214079,42.80092,21.25435,2021-06-03
65455,13759,74599,3596214,2510305,1227838,88.0,62.95735,43.94682,21.49523,2510305,1227838,43.94682,21.49523,2021-06-04
71612,9166,77656,3673870,2581917,1237004,89.9,64.31684,45.2005,21.65569,2581917,1237004,45.2005,21.65569,2021-06-05
62585,2516,63237,3737107,2644502,1239520,90.7,65.4239,46.29614,21.69974,2644502,1239520,46.29614,21.69974,2021-06-06
53558,8172,57627,3794734,2698060,1247692,92.0,66.43276,47.23376,21.8428,2698060,1247692,47.23376,21.8428,2021-06-07
46034,13039,53118,3847852,2744094,1260731,93.3,67.36267,48.03966,22.07107,2744094,1260731,48.03966,22.07107,2021-06-08
42146,16576,53071,3900923,2786240,1277307,88.6,68.29176,48.77749,22.36126,2786240,1277307,48.77749,22.36126,2021-06-09
68903,12655,76018,3976941,2855143,1289962,90.3,69.62257,49.98375,22.5828,2855143,1289962,49.98375,22.5828,2021-06-10
64819,8659,70895,4047836,2919962,1298621,91.3,70.8637,51.1185,22.73439,2919962,1298621,51.1185,22.73439,2021-06-11
56780,10941,63998,4111834,2976742,1309562,92.8,71.98409,52.11253,22.92593,2976742,1309562,52.11253,22.92593,2021-06-12
38698,5721,43430,4155264,3015440,1315283,93.7,72.7444,52.78999,23.02609,3015440,1315283,52.78999,23.02609,2021-06-13
19108,18507,37139,4192403,3034548,1333790,93.9,73.39457,53.12451,23.35008,3034548,1333790,53.12451,23.35008,2021-06-14
11262,7753,18698,4211101,3045810,1341543,94.3,73.72191,53.32167,23.48581,3045810,1341543,53.32167,23.48581,2021-06-15
20878,11357,31660,4242761,3066688,1352900,88.4,74.27617,53.68717,23.68463,3066688,1352900,53.68717,23.68463,2021-06-16
33412,27642,60230,4302991,3100100,1380542,89.6,75.33059,54.2721,24.16855,3100100,1380542,54.2721,24.16855,2021-06-17
35588,31287,65907,4368898,3135688,1411829,90.8,76.48439,54.89512,24.71628,3135688,1411829,54.89512,24.71628,2021-06-18
24636,38500,62416,4431314,3160324,1450329,92.1,77.57708,55.32642,25.39028,3160324,1450329,55.32642,25.39028,2021-06-19
14615,33463,47628,4478942,3174939,1483792,92.1,78.41089,55.58227,25.9761,3174939,1483792,55.58227,25.9761,2021-06-20
11633,35780,46939,4525881,3186572,1519572,93.1,79.23263,55.78593,26.60249,3186572,1519572,55.78593,26.60249,2021-06-21
13448,39433,52453,4578334,3200020,1559005,94.1,80.1509,56.02136,27.29282,3200020,1559005,56.02136,27.29282,2021-06-22
10973,36264,46787,4625121,3210993,1595269,87.6,80.96998,56.21346,27.92768,3210993,1595269,56.21346,27.92768,2021-06-23
13820,52923,66150,4691271,3224813,1648192,88.3,82.12804,56.4554,28.85418,3224813,1648192,56.4554,28.85418,2021-06-24
14167,52011,65527,4756798,3238980,1700203,89.5,83.27519,56.70341,29.76471,3238980,1700203,56.70341,29.76471,2021-06-25
15089,48530,62960,4819758,3254069,1748733,89.8,84.3774,56.96757,30.61431,3254069,1748733,56.96757,30.61431,2021-06-26
14493,29795,43572,4863330,3268562,1778528,90.6,85.1402,57.22129,31.13592,3268562,1778528,57.22129,31.13592,2021-06-27
21125,26406,46547,4909877,3289687,1804934,91.5,85.95508,57.59112,31.59819,3289687,1804934,57.59112,31.59819,2021-06-28
20190,29855,49381,4959258,3309877,1834789,92.4,86.81957,57.94458,32.12085,3309877,1834789,57.94458,32.12085,2021-06-29
19013,29638,47694,5006952,3328890,1864427,87.7,87.65453,58.27743,32.63971,3328890,1864427,58.27743,32.63971,2021-06-30
20531,42065,61583,5068535,3349421,1906492,88.1,88.73264,58.63685,33.37613,3349421,1906492,58.63685,33.37613,2021-07-01
14928,41744,55899,5124434,3364349,1948236,88.6,89.71123,58.89819,34.10692,3364349,1948236,58.89819,34.10692,2021-07-02
8524,59273,67289,5191723,3372873,2007509,89.7,90.88923,59.04742,35.14459,3372873,2007509,59.04742,35.14459,2021-07-03
6497,42704,48828,5240551,3379370,2050213,88.4,91.74404,59.16116,35.89219,3379370,2050213,59.16116,35.89219,2021-07-04
13419,50815,63337,5303888,3392789,2101028,89.5,92.85286,59.39608,36.78178,3392789,2101028,59.39608,36.78178,2021-07-05
16571,41599,56694,5360582,3409360,2142627,90.4,93.84537,59.68618,37.51004,3409360,2142627,59.68618,37.51004,2021-07-06
7672,45360,52328,5412910,3417032,2187987,88.4,94.76146,59.82049,38.30414,3417032,2187987,59.82049,38.30414,2021-07-07
5976,55674,61191,5474101,3423008,2243661,89.4,95.8327,59.92511,39.2788,3423008,2243661,59.92511,39.2788,2021-07-08
4660,57302,61520,5535621,3427668,2300963,90.4,96.90971,60.00669,40.28196,3427668,2300963,60.00669,40.28196,2021-07-09
2946,64317,66916,5602537,3430614,2365280,90.4,98.08118,60.05827,41.40793,3430614,2365280,60.05827,41.40793,2021-07-10
1093,39894,40870,5643407,3431707,2405174,91.1,98.79667,60.0774,42.10633,3431707,2405174,60.0774,42.10633,2021-07-11
4101,53107,56715,5700122,3435808,2458281,92.0,99.78955,60.14919,43.03605,3435808,2458281,60.14919,43.03605,2021-07-12
5192,49109,53705,5753827,3441000,2507390,92.8,100.72974,60.24009,43.89578,3441000,2507390,60.24009,43.89578,2021-07-13
4619,47005,51134,5804961,3445619,2554395,90.8,101.62492,60.32095,44.71868,3445619,2554395,60.32095,44.71868,2021-07-14
9648,58203,66743,5871704,3455267,2612598,91.9,102.79336,60.48985,45.73762,3455267,2612598,60.48985,45.73762,2021-07-15
7149,54702,61078,5932782,3462416,2667300,92.8,103.86263,60.61501,46.69526,3462416,2667300,60.61501,46.69526,2021-07-16
3721,52024,55275,5988057,3466137,2719324,93.7,104.83031,60.68015,47.60602,3466137,2719324,60.68015,47.60602,2021-07-17
4217,27702,31392,6019449,3470354,2747026,93.2,105.37987,60.75398,48.09099,3470354,2747026,60.75398,48.09099,2021-07-18
5625,39136,44008,6063457,3475979,2786162,93.2,106.1503,60.85245,48.77612,3475979,2786162,60.85245,48.77612,2021-07-19
6768,34122,40110,6103567,3482747,2820284,93.9,106.85249,60.97094,49.37348,3482747,2820284,60.97094,49.37348,2021-07-20
9289,42020,50182,6153749,3492036,2862304,91.6,107.731,61.13355,50.10911,3492036,2862304,61.13355,50.10911,2021-07-21
7061,55503,61877,6215626,3499097,2917807,92.5,108.81426,61.25717,51.08078,3499097,2917807,61.25717,51.08078,2021-07-22
8969,53639,61855,6277481,3508066,2971446,93.4,109.89713,61.41418,52.01981,3508066,2971446,61.41418,52.01981,2021-07-23
7110,41561,48007,6325488,3515176,3013007,93.9,110.73756,61.53866,52.7474,3515176,3013007,61.53866,52.7474,2021-07-24
4494,19160,23233,6348721,3519670,3032167,94.3,111.14429,61.61733,53.08283,3519670,3032167,61.61733,53.08283,2021-07-25
10923,38791,48877,6397598,3530593,3070958,95.0,111.99996,61.80855,53.76192,3530593,3070958,61.80855,53.76192,2021-07-26
13432,36890,49187,6446785,3544025,3107848,95.0,112.86106,62.0437,54.40774,3544025,3107848,62.0437,54.40774,2021-07-27
14674,35911,49458,6496243,3558699,3143759,93.1,113.7269,62.30059,55.03642,3558699,3143759,62.30059,55.03642,2021-07-28
14334,35332,48477,6544720,3573033,3179091,93.8,114.57556,62.55153,55.65496,3573033,3179091,62.55153,55.65496,2021-07-29
15326,30847,44839,6589559,3588359,3209938,94.5,115.36054,62.81984,56.19499,3588359,3209938,62.81984,56.19499,2021-07-30
11133,20583,30738,6620297,3599492,3230521,94.9,115.89866,63.01474,56.55532,3599492,3230521,63.01474,56.55532,2021-07-31
7250,9389,16087,6636384,3606742,3239910,96.1,116.18028,63.14166,56.71969,3606742,3239910,63.14166,56.71969,2021-08-01
13746,28899,41732,6678116,3620488,3268809,96.9,116.91087,63.38231,57.22562,3620488,3268809,63.38231,57.22562,2021-08-02
15340,17857,32005,6710121,3635828,3286666,96.3,117.47117,63.65086,57.53823,3635828,3286666,63.65086,57.53823,2021-08-03
16740,14398,29844,6739965,3652568,3301064,94.0,117.99363,63.94392,57.79029,3652568,3301064,63.94392,57.79029,2021-08-04
18352,18202,35196,6775161,3670920,3319266,94.5,118.60979,64.2652,58.10894,3670920,3319266,64.2652,58.10894,2021-08-05
18585,13997,31231,6806392,3689505,3333263,95.0,119.15654,64.59056,58.35398,3689505,3333263,64.59056,58.35398,2021-08-06
11907,6122,17199,6823591,3701412,3339385,95.2,119.45764,64.79901,58.46116,3701412,3339385,64.79901,58.46116,2021-08-07
4908,2971,7575,6831166,3706320,3342356,94.6,119.59025,64.88493,58.51317,3706320,3342356,64.88493,58.51317,2021-08-08
14619,11492,25088,6856254,3720939,3353848,94.8,120.02945,65.14086,58.71436,3720939,3353848,65.14086,58.71436,2021-08-09
14692,8227,21643,6877897,3735631,3362075,95.1,120.40835,65.39807,58.85838,3735631,3362075,65.39807,58.85838,2021-08-10
12908,9346,21054,6898951,3748539,3371421,92.9,120.77693,65.62404,59.022,3748539,3371421,65.62404,59.022,2021-08-11
13212,6679,18937,6917888,3761751,3378100,93.2,121.10845,65.85534,59.13893,3761751,3378100,65.85534,59.13893,2021-08-12
10260,7326,16876,6934764,3772011,3385426,92.7,121.40389,66.03495,59.26718,3772011,3385426,66.03495,59.26718,2021-08-13
2212,3052,4924,6939688,3774223,3388478,92.8,121.4901,66.07368,59.32061,3774223,3388478,66.07368,59.32061,2021-08-14
224,998,1128,6940816,3774447,3389476,92.8,121.50984,66.0776,59.33808,3774447,3389476,66.0776,59.33808,2021-08-15
6740,6458,12472,6953288,3781187,3395934,93.0,121.72819,66.19559,59.45114,3781187,3395934,66.19559,59.45114,2021-08-16
7840,15283,22285,6975573,3789027,3411217,92.4,122.11832,66.33285,59.71869,3789027,3411217,66.33285,59.71869,2021-08-17
8299,12129,19597,6995170,3797326,3423346,88.8,122.46139,66.47813,59.93103,3797326,3423346,66.47813,59.93103,2021-08-18
10243,12780,22021,7017191,3807569,3436126,89.1,122.84691,66.65745,60.15476,3807569,3436126,66.65745,60.15476,2021-08-19
7994,10198,17422,7034613,3815563,3446324,89.3,123.15191,66.7974,60.33329,3815563,3446324,66.7974,60.33329,2021-08-20
4457,5973,9809,7044422,3820020,3452297,89.5,123.32363,66.87543,60.43786,3820020,3452297,66.87543,60.43786,2021-08-21
2682,4701,6813,7051235,3822702,3456998,89.5,123.4429,66.92238,60.52016,3822702,3456998,66.92238,60.52016,2021-08-22
10376,14419,23731,7074966,3833078,3471417,89.8,123.85835,67.10403,60.77259,3833078,3471417,67.10403,60.77259,2021-08-23
9431,14084,22627,7097593,3842509,3485501,88.4,124.25447,67.26913,61.01915,3842509,3485501,67.26913,61.01915,2021-08-24
9418,14311,22840,7120433,3851927,3499812,88.7,124.65432,67.43401,61.26968,3851927,3499812,67.43401,61.26968,2021-08-25
9005,16566,24544,7144977,3860932,3516378,85.4,125.084,67.59166,61.5597,3860932,3516378,67.59166,61.5597,2021-08-26
8520,16744,24415,7169392,3869452,3533122,85.7,125.51142,67.74081,61.85283,3869452,3533122,67.74081,61.85283,2021-08-27
5871,12454,17712,7187104,3875323,3545576,85.9,125.8215,67.84359,62.07086,3875323,3545576,67.84359,62.07086,2021-08-28
3987,6773,10265,7197369,3879310,3552349,86.0,126.0012,67.91339,62.18943,3879310,3552349,67.91339,62.18943,2021-08-29
10560,19526,29113,7226482,3889870,3571875,86.4,126.51087,68.09826,62.53126,3889870,3571875,68.09826,62.53126,2021-08-30
11812,17123,27795,7254277,3901682,3588998,86.7,126.99747,68.30505,62.83103,3901682,3588998,68.30505,62.83103,2021-08-31
11093,17200,27217,7281494,3912775,3606198,86.8,127.47394,68.49925,63.13214,3912775,3606198,68.49925,63.13214,2021-09-01
11067,15522,25531,7307025,3923842,3621720,85.3,127.9209,68.69299,63.40387,3923842,3621720,68.69299,63.40387,2021-09-02
11725,15866,26503,7333528,3935567,3637586,85.6,128.38488,68.89826,63.68163,3935567,3637586,68.89826,63.68163,2021-09-03
9620,9533,18069,7351597,3945187,3647119,85.9,128.70121,69.06667,63.84852,3945187,3647119,69.06667,63.84852,2021-09-04
5625,3134,8209,7359806,3950812,3650253,85.9,128.84492,69.16515,63.90339,3950812,3650253,69.16515,63.90339,2021-09-05
11724,12291,22792,7382598,3962536,3662544,86.2,129.24393,69.37039,64.11856,3962536,3662544,69.37039,64.11856,2021-09-06
10351,11282,20547,7403145,3972887,3673826,84.8,129.60364,69.5516,64.31607,3972887,3673826,69.5516,64.31607,2021-09-07
9508,10593,19135,7422280,3982395,3684419,83.2,129.93862,69.71806,64.50152,3982395,3684419,69.71806,64.50152,2021-09-08
9040,10313,18422,7440702,3991435,3694732,83.4,130.26113,69.87631,64.68206,3991435,3694732,69.87631,64.68206,2021-09-09
9207,10238,18488,7459190,4000642,3704970,83.6,130.58479,70.0375,64.8613,4000642,3704970,70.0375,64.8613,2021-09-10
6936,5715,11893,7471083,4007578,3710685,83.7,130.793,70.15892,64.96135,4007578,3710685,70.15892,64.96135,2021-09-11
5211,3241,7893,7478976,4012789,3713926,83.8,130.93118,70.25015,65.01809,4012789,3713926,70.25015,65.01809,2021-09-12
9038,10093,18293,7497269,4021827,3724019,84.0,131.25142,70.40837,65.19478,4021827,3724019,70.40837,65.19478,2021-09-13
7470,9124,15843,7513112,4029297,3733143,84.2,131.52878,70.53915,65.35451,4029297,3733143,70.53915,65.35451,2021-09-14
6764,9245,15310,7528422,4036061,3742388,84.4,131.79681,70.65756,65.51636,4036061,3742388,70.65756,65.51636,2021-09-15
6791,8344,14466,7542888,4042852,3750732,83.3,132.05006,70.77645,65.66243,4042852,3750732,70.77645,65.66243,2021-09-16
7774,8123,15152,7558040,4050626,3758855,83.5,132.31531,70.91255,65.80464,4050626,3758855,70.91255,65.80464,2021-09-17
7935,6722,13897,7571937,4058561,3765577,83.7,132.5586,71.05146,65.92232,4058561,3765577,71.05146,65.92232,2021-09-18
5009,4062,8625,7580562,4063570,3769639,83.8,132.7096,71.13915,65.99343,4063570,3769639,71.13915,65.99343,2021-09-19
8086,10256,17584,7598146,4071656,3779895,83.9,133.01743,71.28071,66.17298,4071656,3779895,71.28071,66.17298,2021-09-20
9860,9914,18847,7616993,4081516,3789809,84.2,133.34738,71.45332,66.34654,4081516,3789809,71.45332,66.34654,2021-09-21
7665,9854,16857,7633850,4089181,3799663,83.1,133.64249,71.58751,66.51905,4089181,3799663,71.58751,66.51905,2021-09-22
7734,9842,16828,7650678,4096915,3809505,83.3,133.93709,71.72291,66.69135,4096915,3809505,71.72291,66.69135,2021-09-23
8379,10456,18093,7668771,4105294,3819961,83.5,134.25383,71.86959,66.87439,4105294,3819961,71.86959,66.87439,2021-09-24
7097,8075,14498,7683269,4112391,3828036,83.7,134.50764,71.99384,67.01576,4112391,3828036,71.99384,67.01576,2021-09-25
4587,5286,9466,7692735,4116978,3833322,83.8,134.67336,72.07414,67.1083,4116978,3833322,72.07414,67.1083,2021-09-26
7093,10399,16815,7709550,4124071,3843721,84.0,134.96773,72.19832,67.29035,4124071,3843721,72.19832,67.29035,2021-09-27
6861,10212,16441,7725991,4130932,3853933,84.2,135.25556,72.31843,67.46913,4130932,3853933,72.31843,67.46913,2021-09-28
5914,8462,13856,7739847,4136846,3862395,84.3,135.49813,72.42196,67.61727,4136846,3862395,72.42196,67.61727,2021-09-29
5723,8570,13627,7753474,4142569,3870965,84.5,135.73669,72.52215,67.7673,4142569,3870965,72.52215,67.7673,2021-09-30
5789,8569,13764,7767238,4148358,3879534,84.6,135.97765,72.6235,67.91731,4148358,3879534,72.6235,67.91731,2021-10-01
4656,6042,10254,7777492,4153014,3885576,84.7,136.15717,72.70501,68.02309,4153014,3885576,72.70501,68.02309,2021-10-02
2499,3658,5900,7783392,4155513,3889234,84.8,136.26045,72.74876,68.08713,4155513,3889234,72.74876,68.08713,2021-10-03
5303,8422,13212,7796604,4160816,3897656,84.9,136.49175,72.84159,68.23457,4160816,3897656,72.84159,68.23457,2021-10-04
4692,6542,10783,7807387,4165508,3904198,85.0,136.68052,72.92373,68.34909,4165508,3904198,72.92373,68.34909,2021-10-05
4890,5768,10184,7817571,4170398,3909966,85.2,136.85881,73.00934,68.45007,4170398,3909966,73.00934,68.45007,2021-10-06
6847,8895,15108,7832679,4177245,3918861,85.3,137.1233,73.12921,68.60579,4177245,3918861,73.12921,68.60579,2021-10-07
5347,6222,11062,7843741,4182592,3925083,85.4,137.31696,73.22282,68.71472,4182592,3925083,73.22282,68.71472,2021-10-08
5286,5900,10646,7854387,4187878,3930983,85.6,137.50333,73.31536,68.81801,4187878,3930983,73.31536,68.81801,2021-10-09
2808,3340,5875,7860262,4190686,3934323,85.6,137.60618,73.36451,68.87648,4190686,3934323,73.36451,68.87648,2021-10-10
7452,7724,14540,7874802,4198138,3942047,85.8,137.86073,73.49497,69.0117,4198138,3942047,73.49497,69.0117,2021-10-11
6412,6793,12714,7887516,4204550,3948840,85.9,138.08331,73.60723,69.13062,4204550,3948840,73.60723,69.13062,2021-10-12
7093,6688,13279,7900795,4211643,3955528,86.1,138.31578,73.7314,69.24771,4211643,3955528,73.7314,69.24771,2021-10-13
12436,9973,21621,7922416,4224079,3965501,86.3,138.69429,73.94911,69.4223,4224079,3965501,73.94911,69.4223,2021-10-14
9287,8648,17334,7939750,4233366,3974149,86.5,138.99775,74.1117,69.5737,4233366,3974149,74.1117,69.5737,2021-10-15
7167,7574,14152,7953902,4240533,3981723,86.6,139.2455,74.23716,69.70629,4240533,3981723,74.23716,69.70629,2021-10-16
5324,6712,11644,7965546,4245857,3988435,86.8,139.44935,74.33037,69.82379,4245857,3988435,74.33037,69.82379,2021-10-17
6501,7708,13725,7979271,4252358,3996143,86.9,139.68962,74.44418,69.95874,4252358,3996143,74.44418,69.95874,2021-10-18
5202,8535,13325,7992596,4257560,4004678,87.1,139.9229,74.53525,70.10815,4257560,4004678,74.53525,70.10815,2021-10-19
4223,6476,10361,8002957,4261783,4011154,87.2,140.10428,74.60918,70.22153,4261783,4011154,74.60918,70.22153,2021-10-20
3505,5639,8787,8011744,4265288,4016793,87.3,140.25811,74.67054,70.32025,4265288,4016793,74.67054,70.32025,2021-10-21
3563,6001,9114,8020858,4268851,4022794,87.4,140.41767,74.73292,70.4253,4268851,4022794,74.73292,70.4253,2021-10-22
2701,4847,7198,8028056,4271552,4027641,87.5,140.54368,74.7802,70.51016,4271552,4027641,74.7802,70.51016,2021-10-23
1336,2807,4006,8032062,4272888,4030448,87.5,140.61381,74.80359,70.5593,4272888,4030448,74.80359,70.5593,2021-10-24
3221,5683,8580,8040642,4276109,4036131,87.6,140.76402,74.85998,70.65879,4276109,4036131,74.85998,70.65879,2021-10-25
3051,4952,7716,8048358,4279160,4041083,87.7,140.8991,74.91339,70.74548,4279160,4041083,74.91339,70.74548,2021-10-26
2630,4509,6884,8055242,4281790,4045592,87.8,141.01961,74.95943,70.82442,4281790,4045592,74.95943,70.82442,2021-10-27
2459,4310,6504,8061746,4284249,4049902,87.8,141.13348,75.00248,70.89987,4284249,4049902,75.00248,70.89987,2021-10-28
2469,5100,7320,8069066,4286718,4055002,87.9,141.26162,75.04571,70.98915,4286718,4055002,75.04571,70.98915,2021-10-29
1850,4432,6051,8075117,4288568,4059434,88.0,141.36756,75.07809,71.06674,4288568,4059434,75.07809,71.06674,2021-10-30
1021,2188,3091,8078208,4289589,4061622,88.0,141.42167,75.09597,71.10505,4289589,4061622,75.09597,71.10505,2021-10-31
711,2641,3278,8081486,4290300,4064263,88.0,141.47906,75.10841,71.15128,4290300,4064263,75.10841,71.15128,2021-11-01
1973,5583,7370,8088856,4292273,4069846,88.1,141.60808,75.14295,71.24902,4292273,4069846,75.14295,71.24902,2021-11-02
1857,5631,7304,8096160,4294130,4075477,88.2,141.73595,75.17546,71.3476,4294130,4075477,75.17546,71.3476,2021-11-03
1928,6260,7999,8104159,4296058,4081737,88.3,141.87598,75.20922,71.45719,4296058,4081737,75.20922,71.45719,2021-11-04
2270,6854,8929,8113088,4298328,4088591,88.4,142.0323,75.24896,71.57718,4298328,4088591,75.24896,71.57718,2021-11-05
1810,5323,6904,8119992,4300138,4093914,88.5,142.15316,75.28064,71.67037,4300138,4093914,75.28064,71.67037,2021-11-06
1025,2716,3648,8123640,4301163,4096630,88.5,142.21703,75.29859,71.71792,4301163,4096630,75.29859,71.71792,2021-11-07
2394,5709,7931,8131571,4303557,4102339,88.6,142.35587,75.3405,71.81786,4303557,4102339,75.3405,71.81786,2021-11-08
2414,4585,6844,8138415,4305971,4106924,88.7,142.47569,75.38276,71.89813,4305971,4106924,75.38276,71.89813,2021-11-09
2317,4151,6315,8144730,4308288,4111075,88.7,142.58624,75.42332,71.9708,4308288,4111075,75.42332,71.9708,2021-11-10
2481,3922,6239,8150969,4310769,4114997,88.8,142.69546,75.46676,72.03946,4310769,4114997,75.46676,72.03946,2021-11-11
2459,4123,6479,8157448,4313228,4119120,88.9,142.80889,75.5098,72.11164,4313228,4119120,75.5098,72.11164,2021-11-12
2223,3265,5353,8162801,4315451,4122385,88.9,142.9026,75.54872,72.1688,4315451,4122385,75.54872,72.1688,2021-11-13
1051,1707,2718,8165519,4316502,4124092,89.0,142.95019,75.56712,72.19868,4316502,4124092,75.56712,72.19868,2021-11-14
2549,3855,6273,8171792,4319051,4127947,89.0,143.06,75.61175,72.26617,4319051,4127947,75.61175,72.26617,2021-11-15
2748,3540,6166,8177958,4321799,4131487,89.1,143.16795,75.65985,72.32814,4321799,4131487,75.65985,72.32814,2021-11-16
2464,2911,5253,8183211,4324263,4134398,89.1,143.25991,75.70299,72.37911,4324263,4134398,75.70299,72.37911,2021-11-17
2568,3162,5656,8188867,4326831,4137560,89.2,143.35893,75.74795,72.43446,4326831,4137560,75.74795,72.43446,2021-11-18
2811,2898,5607,8194474,4329642,4140458,89.3,143.45709,75.79716,72.4852,4329642,4140458,75.79716,72.4852,2021-11-19
2449,2084,4427,8198901,4332091,4142542,89.3,143.53459,75.84003,72.52168,4332091,4142542,75.84003,72.52168,2021-11-20
1114,1177,2265,8201166,4333205,4143719,89.3,143.57424,75.85953,72.54228,4333205,4143719,75.85953,72.54228,2021-11-21
2844,2259,5038,8206204,4336049,4145978,89.4,143.66244,75.90932,72.58183,4336049,4145978,75.90932,72.58183,2021-11-22
2765,2538,5223,8211427,4338814,4148516,89.5,143.75388,75.95773,72.62626,4338814,4148516,75.95773,72.62626,2021-11-23
2667,3604,6206,8217633,4341481,4152120,89.5,143.86252,76.00442,72.68936,4341481,4152120,76.00442,72.68936,2021-11-24
2879,2208,5034,8222667,4344360,4154328,89.6,143.95065,76.05482,72.72801,4344360,4154328,76.05482,72.72801,2021-11-25
3258,2545,5740,8228407,4347618,4156873,89.6,144.05114,76.11186,72.77257,4347618,4156873,76.11186,72.77257,2021-11-26
2628,2008,4574,8232981,4350246,4158881,89.7,144.13121,76.15786,72.80772,4350246,4158881,76.15786,72.80772,2021-11-27
1528,1161,2669,8235650,4351774,4160042,89.7,144.17794,76.18461,72.82804,4351774,4160042,76.18461,72.82804,2021-11-28
3514,2604,6059,8241709,4355288,4162646,89.8,144.28401,76.24613,72.87363,4355288,4162646,76.24613,72.87363,2021-11-29
3320,2549,5816,8247525,4358608,4165195,89.8,144.38583,76.30425,72.91826,4358608,4165195,76.30425,72.91826,2021-11-30
2830,2016,4795,8252320,4361438,4167211,87.3,144.46977,76.3538,72.95355,4361438,4167211,76.3538,72.95355,2021-12-01
3098,2504,5539,8257859,4364536,4169715,86.7,144.56674,76.40803,72.99738,4364536,4169715,76.40803,72.99738,2021-12-02
3496,2773,6206,8264065,4368032,4172488,86.7,144.67539,76.46923,73.04593,4368032,4172488,76.46923,73.04593,2021-12-03
3160,2604,5707,8269772,4371192,4175092,86.8,144.7753,76.52455,73.09152,4371192,4175092,76.52455,73.09152,2021-12-04
2195,1411,3577,8273349,4373387,4176503,86.8,144.83792,76.56298,73.11622,4373387,4176503,76.56298,73.11622,2021-12-05
4643,3227,7820,8281169,4378030,4179730,86.9,144.97482,76.64426,73.17271,4378030,4179730,76.64426,73.17271,2021-12-06
5085,3196,8211,8289380,4383115,4182926,87.0,145.11857,76.73329,73.22866,4383115,4182926,76.73329,73.22866,2021-12-07
2146,1374,3493,8292873,4385261,4184300,87.0,145.17972,76.77085,73.25272,4385261,4184300,76.77085,73.25272,2021-12-08
4187,3357,7492,8300365,4389448,4187657,87.1,145.31088,76.84415,73.31149,4389448,4187657,76.84415,73.31149,2021-12-09
3983,3518,7455,8307820,4393431,4191175,86.3,145.44139,76.91388,73.37308,4393431,4191175,76.91388,73.37308,2021-12-10
3290,2784,6032,8313852,4396721,4193959,86.3,145.54699,76.97148,73.42181,4396721,4193959,76.97148,73.42181,2021-12-11
1580,1344,2910,8316762,4398301,4195303,86.4,145.59793,76.99914,73.44534,4398301,4195303,76.99914,73.44534,2021-12-12
4064,3239,7236,8323998,4402365,4198542,86.4,145.72461,77.07029,73.50205,4402365,4198542,77.07029,73.50205,2021-12-13
3869,3040,6874,8330872,4406234,4201582,86.5,145.84495,77.13802,73.55527,4406234,4201582,77.13802,73.55527,2021-12-14
3261,2883,6113,8336985,4409495,4204465,83.9,145.95197,77.19511,73.60574,4409495,4204465,77.19511,73.60574,2021-12-15
5035,2924,7901,8344886,4414530,4207389,82.7,146.09029,77.28325,73.65693,4414530,4207389,77.28325,73.65693,2021-12-16
3723,4806,8497,8353383,4418253,4212195,82.8,146.23904,77.34843,73.74106,4418253,4212195,77.34843,73.74106,2021-12-17
0,0,0,8353383,4418253,4212195,82.8,146.23904,77.34843,73.74106,4418253,4212195,77.34843,73.74106,2021-12-18
3434,2607,353055,8706438,4421687,4214802,96.8,152.41982,77.40855,73.7867,4421687,4214802,77.40855,73.7867,2021-12-19
3434,2608,353055,9059493,4425121,4217410,96.8,158.6006,77.46867,73.83236,4425121,4217410,77.46867,73.83236,2021-12-20
3434,2608,353055,9412548,4428555,4220018,96.8,164.78138,77.52878,73.87802,4428555,4220018,77.52878,73.87802,2021-12-21
3435,2608,353055,9765603,4431990,4222626,96.8,170.96216,77.58892,73.92367,4431990,4222626,77.58892,73.92367,2021-12-22
4266,3054,58117,9823720,4436256,4225680,95.3,171.97959,77.6636,73.97714,4436256,4225680,77.6636,73.97714,2021-12-23
2248,930,24059,9847779,4438504,4226610,95.5,172.40078,77.70296,73.99342,4438504,4226610,77.70296,73.99342,2021-12-24
49,-261,1828,9849607,4438553,4226349,95.6,172.43278,77.70381,73.98885,4438553,4226349,77.70381,73.98885,2021-12-25
398,1286,13080,9862687,4438951,4227635,95.7,172.66177,77.71078,74.01136,4438951,4227635,77.71078,74.01136,2021-12-26
2076,3365,30054,9892741,4441027,4231000,94.8,173.18791,77.74713,74.07027,4441027,4231000,77.74713,74.07027,2021-12-27
4905,4403,68253,9960994,4445932,4235403,95.5,174.38278,77.833,74.14736,4445932,4235403,77.833,74.14736,2021-12-28
6686,3594,66462,10027456,4452618,4238997,96.1,175.54631,77.95004,74.21027,4452618,4238997,77.95004,74.21027,2021-12-29
5886,2896,61321,10088777,4458504,4241893,96.7,176.61983,78.05309,74.26097,4458504,4241893,78.05309,74.26097,2021-12-30
4171,1306,40450,10129227,4462675,4243199,97.1,177.32797,78.12611,74.28384,4462675,4243199,78.12611,74.28384,2021-12-31
653,-218,7837,10137064,4463328,4242981,97.2,177.46517,78.13754,74.28002,4463328,4242981,78.13754,74.28002,2022-01-01
934,2487,22177,10159241,4464262,4245468,97.4,177.85341,78.15389,74.32356,4464262,4245468,78.15389,74.32356,2022-01-02
2582,3106,44999,10204240,4466844,4248574,97.8,178.64119,78.19909,74.37793,4466844,4248574,78.19909,74.37793,2022-01-03
7085,4349,74625,10278865,4473929,4252923,98.5,179.94761,78.32313,74.45407,4473929,4252923,78.32313,74.45407,2022-01-04
8475,3941,76941,10355806,4482404,4256864,96.7,181.29459,78.47149,74.52306,4482404,4256864,78.47149,74.52306,2022-01-05
7093,2793,65664,10421470,4489497,4259657,97.3,182.44414,78.59567,74.57196,4489497,4259657,78.59567,74.57196,2022-01-06
5466,3710,48854,10470324,4494963,4263367,97.8,183.2994,78.69136,74.63691,4494963,4263367,78.69136,74.63691,2022-01-07
9067,5265,81638,10551962,4504030,4268632,98.5,184.7286,78.85009,74.72908,4504030,4268632,78.85009,74.72908,2022-01-08
6805,2660,58636,10610598,4510835,4271292,99.1,185.75512,78.96922,74.77565,4510835,4271292,78.96922,74.77565,2022-01-09
9793,6984,52340,10662938,4520628,4278276,99.6,186.67141,79.14067,74.89791,4520628,4278276,79.14067,74.89791,2022-01-10
9090,6132,73929,10736867,4529718,4284408,100.0,187.96565,79.2998,75.00527,4529718,4284408,79.2998,75.00527,2022-01-11
9979,4999,68833,10805700,4539697,4289407,97.9,189.17068,79.4745,75.09278,4539697,4289407,79.4745,75.09278,2022-01-12
10141,5619,69777,10875477,4549838,4295026,97.7,190.39224,79.65203,75.19115,4549838,4295026,79.65203,75.19115,2022-01-13
8806,4893,64536,10940013,4558644,4299919,98.3,191.52204,79.8062,75.27681,4558644,4299919,79.8062,75.27681,2022-01-14
12491,5113,77069,11017082,4571135,4305032,99.0,192.87126,80.02487,75.36632,4571135,4305032,80.02487,75.36632,2022-01-15
8508,1891,51738,11068820,4579643,4306923,99.4,193.77701,80.17382,75.39943,4579643,4306923,80.17382,75.39943,2022-01-16
4122,3991,38877,11107697,4583765,4310914,99.8,194.45761,80.24598,75.46929,4583765,4310914,80.24598,75.46929,2022-01-17
9619,5884,63419,11171116,4593384,4316798,100.1,195.56786,80.41437,75.5723,4593384,4316798,80.41437,75.5723,2022-01-18
7541,5785,59959,11231075,4600925,4322583,98.6,196.61754,80.54639,75.67358,4600925,4322583,80.54639,75.67358,2022-01-19
7292,7086,60424,11291499,4608217,4329669,98.4,197.67536,80.67405,75.79763,4608217,4329669,80.67405,75.79763,2022-01-20
6871,6084,54702,11346201,4615088,4335753,98.9,198.633,80.79434,75.90414,4615088,4335753,80.79434,75.90414,2022-01-21
4814,2579,65072,11411273,4619902,4338332,99.5,199.77219,80.87861,75.94929,4619902,4338332,80.87861,75.94929,2022-01-22
11942,4775,38683,11449956,4631844,4343107,99.8,200.44939,81.08768,76.03288,4631844,4343107,81.08768,76.03288,2022-01-23
4078,4843,31957,11481913,4635922,4347950,100.1,201.00885,81.15907,76.11767,4635922,4347950,81.15907,76.11767,2022-01-24
3008,1773,24754,11506667,4638930,4349723,99.4,201.44221,81.21173,76.14871,4638930,4349723,81.21173,76.14871,2022-01-25
7106,11996,73365,11580032,4646036,4361719,99.4,202.72658,81.33613,76.35872,4646036,4361719,81.33613,76.35872,2022-01-26
4839,7510,46514,11626546,4650875,4369229,99.0,203.54088,81.42084,76.49019,4650875,4369229,81.42084,76.49019,2022-01-27
4340,6251,43489,11670035,4655215,4375480,99.3,204.30222,81.49682,76.59962,4655215,4375480,81.49682,76.59962,2022-01-28
6293,7634,49607,11719642,4661508,4383114,99.7,205.17067,81.60699,76.73327,4661508,4383114,81.60699,76.73327,2022-01-29
2912,5434,29755,11749397,4664420,4388548,100.0,205.69158,81.65797,76.8284,4664420,4388548,81.65797,76.8284,2022-01-30
2971,5473,26735,11776132,4667391,4394021,100.2,206.15961,81.70998,76.92421,4667391,4394021,81.70998,76.92421,2022-01-31
4310,6422,39798,11815930,4671701,4400443,100.6,206.85634,81.78543,77.03664,4671701,4400443,81.78543,77.03664,2022-02-01
4130,7593,39473,11855403,4675831,4408036,99.0,207.54738,81.85774,77.16957,4675831,4408036,81.85774,77.16957,2022-02-02
3770,7881,37781,11893184,4679601,4415917,98.5,208.20879,81.92374,77.30754,4679601,4415917,81.92374,77.30754,2022-02-03
1794,4260,17044,11910228,4681395,4420177,98.6,208.50717,81.95514,77.38211,4681395,4420177,81.95514,77.38211,2022-02-04
6170,17773,63504,11973732,4687565,4437950,99.1,209.61891,82.06316,77.69326,4687565,4437950,82.06316,77.69326,2022-02-05
2321,7767,21460,11995192,4689886,4445717,99.3,209.9946,82.10379,77.82923,4689886,4445717,82.10379,77.82923,2022-02-06
1914,6984,19648,12014840,4691800,4452701,99.5,210.33857,82.1373,77.9515,4691800,4452701,82.1373,77.9515,2022-02-07
2841,8550,27358,12042198,4694641,4461251,99.7,210.81752,82.18704,78.10118,4694641,4461251,82.18704,78.10118,2022-02-08
2772,7555,26206,12068404,4697413,4468806,97.7,211.27629,82.23556,78.23344,4697413,4468806,82.23556,78.23344,2022-02-09
2328,8178,25406,12093810,4699741,4476984,97.9,211.72107,82.27632,78.37661,4699741,4476984,82.27632,78.37661,2022-02-10
2436,6758,23881,12117691,4702177,4483742,98.1,212.13914,82.31897,78.49492,4702177,4483742,82.31897,78.49492,2022-02-11
2849,11198,29272,12146963,4705026,4494940,98.3,212.65159,82.36884,78.69096,4705026,4494940,82.36884,78.69096,2022-02-12
915,5157,11893,12158856,4705941,4500097,98.4,212.8598,82.38486,78.78124,4705941,4500097,82.38486,78.78124,2022-02-13
1053,5507,13247,12172103,4706994,4505604,98.5,213.09171,82.40329,78.87765,4706994,4505604,82.40329,78.87765,2022-02-14
1368,5520,16401,12188504,4708362,4511124,98.6,213.37883,82.42724,78.97428,4708362,4511124,82.42724,78.97428,2022-02-15
1662,5738,16224,12204728,4710024,4516862,84.0,213.66286,82.45634,79.07474,4710024,4516862,82.45634,79.07474,2022-02-16
1401,6403,15320,12220048,4711425,4523265,97.7,213.93106,82.48087,79.18683,4711425,4523265,82.48087,79.18683,2022-02-17
1144,5194,13562,12233610,4712569,4528459,97.8,214.16848,82.50089,79.27776,4712569,4528459,82.50089,79.27776,2022-02-18
1679,7934,18432,12252042,4714248,4536393,97.9,214.49116,82.53029,79.41666,4714248,4536393,82.53029,79.41666,2022-02-19
540,2773,6476,12258518,4714788,4539166,98.0,214.60454,82.53974,79.4652,4714788,4539166,82.53974,79.4652,2022-02-20
613,3924,8646,12267164,4715401,4543090,98.0,214.7559,82.55047,79.5339,4715401,4543090,82.55047,79.5339,2022-02-21
848,4377,11559,12278723,4716249,4547467,98.1,214.95826,82.56532,79.61052,4716249,4547467,82.56532,79.61052,2022-02-22
878,4200,10346,12289069,4717127,4551667,96.8,215.13938,82.58069,79.68405,4717127,4551667,82.58069,79.68405,2022-02-23
923,4733,11179,12300248,4718050,4556400,96.9,215.33509,82.59685,79.76691,4718050,4556400,82.59685,79.76691,2022-02-24
789,3704,9321,12309569,4718839,4560104,97.0,215.49826,82.61066,79.83175,4718839,4560104,82.61066,79.83175,2022-02-25
867,4889,11851,12321420,4719706,4564993,97.1,215.70573,82.62584,79.91734,4719706,4564993,82.62584,79.91734,2022-02-26
281,1777,4091,12325511,4719987,4566770,97.1,215.77735,82.63076,79.94845,4719987,4566770,82.63076,79.94845,2022-02-27
325,2814,6554,12332065,4720312,4569584,97.1,215.89209,82.63645,79.99772,4720312,4569584,82.63645,79.99772,2022-02-28
643,2863,8577,12340642,4720955,4572447,96.5,216.04225,82.6477,80.04784,4720955,4572447,82.6477,80.04784,2022-03-01
429,2752,7088,12347730,4721384,4575199,95.0,216.16633,82.65521,80.09602,4721384,4575199,82.65521,80.09602,2022-03-02
461,3500,7722,12355452,4721845,4578699,95.0,216.30152,82.66328,80.15729,4721845,4578699,82.66328,80.15729,2022-03-03
430,2859,7185,12362637,4722275,4581558,95.1,216.4273,82.67081,80.20734,4722275,4581558,82.67081,80.20734,2022-03-04
565,3583,8299,12370936,4722840,4585141,95.2,216.57259,82.6807,80.27007,4722840,4585141,82.6807,80.27007,2022-03-05
160,1341,3157,12374093,4723000,4586482,95.2,216.62786,82.6835,80.29354,4723000,4586482,82.6835,80.29354,2022-03-06
256,1712,4746,12378839,4723256,4588194,95.2,216.71094,82.68799,80.32351,4723256,4588194,82.68799,80.32351,2022-03-07
397,1808,5767,12384606,4723653,4590002,95.3,216.8119,82.69494,80.35517,4723653,4590002,82.69494,80.35517,2022-03-08
392,2002,5440,12390046,4724045,4592004,93.8,216.90714,82.7018,80.39021,4724045,4592004,82.7018,80.39021,2022-03-09
314,2179,5527,12395573,4724359,4594183,93.8,217.0039,82.7073,80.42836,4724359,4594183,82.7073,80.42836,2022-03-10
431,1885,5643,12401216,4724790,4596068,93.9,217.10269,82.71484,80.46136,4724790,4596068,82.71484,80.46136,2022-03-11
209,1053,2785,12404001,4724999,4597121,93.9,217.15144,82.7185,80.4798,4724999,4597121,82.7185,80.4798,2022-03-12
469,2131,6720,12410721,4725468,4599252,94.0,217.26909,82.72671,80.5171,4725468,4599252,82.72671,80.5171,2022-03-13
282,1217,3817,12414538,4725750,4600469,94.0,217.33591,82.73165,80.53841,4725750,4600469,82.73165,80.53841,2022-03-14
365,1343,5131,12419669,4726115,4601812,94.0,217.42574,82.73804,80.56192,4726115,4601812,82.73804,80.56192,2022-03-15
381,1256,4153,12423822,4726496,4603068,94.1,217.49844,82.74471,80.58391,4726496,4603068,82.74471,80.58391,2022-03-16
162,610,1902,12425724,4726658,4603678,94.1,217.53174,82.74754,80.59459,4726658,4603678,82.74754,80.59459,2022-03-17
459,1877,6347,12432071,4727117,4605555,94.1,217.64285,82.75558,80.62745,4727117,4605555,82.75558,80.62745,2022-03-18
364,1630,4686,12436757,4727481,4607185,94.2,217.72489,82.76195,80.65598,4727481,4607185,82.76195,80.65598,2022-03-19
146,416,1642,12438399,4727627,4607601,94.2,217.75363,82.76451,80.66326,4727627,4607601,82.76451,80.66326,2022-03-20
170,745,2511,12440910,4727797,4608346,94.2,217.79759,82.76748,80.67631,4727797,4608346,82.76748,80.67631,2022-03-21
258,888,3478,12444388,4728055,4609234,94.2,217.85848,82.772,80.69185,4728055,4609234,82.772,80.69185,2022-03-22
194,688,2832,12447220,4728249,4609922,94.2,217.90806,82.7754,80.7039,4728249,4609922,82.7754,80.7039,2022-03-23
187,907,3316,12450536,4728436,4610829,94.3,217.96611,82.77867,80.71978,4728436,4610829,82.77867,80.71978,2022-03-24
308,1148,3636,12454172,4728744,4611977,94.3,218.02977,82.78406,80.73987,4728744,4611977,82.78406,80.73987,2022-03-25
282,976,4056,12458228,4729026,4612953,94.3,218.10077,82.789,80.75696,4729026,4612953,82.789,80.75696,2022-03-26
102,383,1513,12459741,4729128,4613336,94.3,218.12726,82.79078,80.76366,4729128,4613336,82.79078,80.76366,2022-03-27
121,621,2148,12461889,4729249,4613957,94.4,218.16486,82.7929,80.77454,4729249,4613957,82.7929,80.77454,2022-03-28
187,677,3159,12465048,4729436,4614634,94.4,218.22017,82.79618,80.78639,4729436,4614634,82.79618,80.78639,2022-03-29
191,715,2838,12467886,4729627,4615349,94.4,218.26985,82.79952,80.79891,4729627,4615349,82.79952,80.79891,2022-03-30
199,686,2824,12470710,4729826,4616035,94.4,218.31929,82.803,80.81091,4729826,4616035,82.803,80.81091,2022-03-31
120,550,2376,12473086,4729946,4616585,94.4,218.36088,82.8051,80.82054,4729946,4616585,82.8051,80.82054,2022-04-01
200,725,2388,12475474,4730146,4617310,94.5,218.40269,82.80861,80.83324,4730146,4617310,82.80861,80.83324,2022-04-02
