delta_1d,delta_2d,delta_all,sum_doses,sum_1d,sum_2d,perc_doses,perc_inh_tot,perc_inh_1d,perc_inh_2d,sum_monotone_1d,sum_monotone_2d,perc_inh_monotone_1d,perc_inh_monotone_2d,date
0,0,0,0,0,0,0,0,0,0,0,0,0,0,2020-12-26
968,0,968,968,968,0,99.3,0.02168,0.02168,0.0,968,0,0.02168,0.0,2020-12-27
0,0,0,968,968,0,99.3,0.02168,0.02168,0.0,968,0,0.02168,0.0,2020-12-28
0,0,0,968,968,0,99.3,0.02168,0.02168,0.0,968,0,0.02168,0.0,2020-12-29
0,0,0,968,968,0,3.1,0.02168,0.02168,0.0,968,0,0.02168,0.0,2020-12-30
2204,0,2204,3172,3172,0,7.2,0.07106,0.07106,0.0,3172,0,0.07106,0.0,2020-12-31
0,0,0,3172,3172,0,7.2,0.07106,0.07106,0.0,3172,0,0.07106,0.0,2021-01-01
2347,0,2347,5519,5519,0,12.6,0.12363,0.12363,0.0,5519,0,0.12363,0.0,2021-01-02
2729,0,2729,8248,8248,0,18.8,0.18476,0.18476,0.0,8248,0,0.18476,0.0,2021-01-03
7258,0,7258,15506,15506,0,35.3,0.34735,0.34735,0.0,15506,0,0.34735,0.0,2021-01-04
9324,0,9324,24830,24830,0,41.1,0.55621,0.55621,0.0,24830,0,0.55621,0.0,2021-01-05
8263,0,8263,33093,33093,0,54.7,0.74131,0.74131,0.0,33093,0,0.74131,0.0,2021-01-06
10208,0,10208,43301,43301,0,48.8,0.96998,0.96998,0.0,43301,0,0.96998,0.0,2021-01-07
10808,0,10808,54109,54109,0,61.0,1.21209,1.21209,0.0,54109,0,1.21209,0.0,2021-01-08
9874,0,9874,63983,63983,0,72.1,1.43327,1.43327,0.0,63983,0,1.43327,0.0,2021-01-09
7126,0,7126,71109,71109,0,80.1,1.5929,1.5929,0.0,71109,0,1.5929,0.0,2021-01-10
9323,0,9323,80432,80432,0,85.9,1.80174,1.80174,0.0,80432,0,1.80174,0.0,2021-01-11
9315,0,9315,89747,89747,0,67.7,2.01041,2.01041,0.0,89747,0,2.01041,0.0,2021-01-12
9062,0,9062,98809,98809,0,70.6,2.2134,2.2134,0.0,98809,0,2.2134,0.0,2021-01-13
8090,0,8090,106899,106899,0,76.4,2.39463,2.39463,0.0,106899,0,2.39463,0.0,2021-01-14
7699,0,7699,114598,114598,0,81.9,2.56709,2.56709,0.0,114598,0,2.56709,0.0,2021-01-15
5592,0,5592,120190,120190,0,85.8,2.69236,2.69236,0.0,120190,0,2.69236,0.0,2021-01-16
2644,246,2890,123080,122834,246,87.9,2.75709,2.75158,0.00551,122834,246,2.75158,0.00551,2021-01-17
2448,677,3125,126205,125282,923,84.5,2.8271,2.80642,0.02068,125282,923,2.80642,0.02068,2021-01-18
2016,17,2033,128238,127298,940,85.9,2.87264,2.85158,0.02106,127298,940,2.85158,0.02106,2021-01-19
1320,1,1321,129559,128618,941,84.8,2.90223,2.88115,0.02108,128618,941,2.88115,0.02108,2021-01-20
809,1342,2151,131710,129427,2283,78.9,2.95041,2.89927,0.05114,129427,2283,2.89927,0.05114,2021-01-21
1088,739,1827,133537,130515,3022,80.0,2.99134,2.92365,0.0677,130515,3022,2.92365,0.0677,2021-01-22
442,2002,2444,135981,130957,5024,81.5,3.04609,2.93355,0.11254,130957,5024,2.93355,0.11254,2021-01-23
299,2143,2442,138423,131256,7167,82.9,3.10079,2.94024,0.16055,131256,7167,2.94024,0.16055,2021-01-24
221,6192,6413,144836,131477,13359,86.8,3.24445,2.94519,0.29925,131477,13359,2.94519,0.29925,2021-01-25
217,8108,8325,153161,131694,21467,77.2,3.43093,2.95006,0.48088,131694,21467,2.95006,0.48088,2021-01-26
463,7855,8318,161479,132157,29322,72.8,3.61726,2.96043,0.65684,132157,29322,2.96043,0.65684,2021-01-27
349,9874,10223,171702,132506,39196,77.4,3.84627,2.96825,0.87802,132506,39196,2.96825,0.87802,2021-01-28
290,10042,10332,182034,132796,49238,82.0,4.07771,2.97474,1.10297,132796,49238,2.97474,1.10297,2021-01-29
143,9895,10038,192072,132939,59133,86.6,4.30257,2.97794,1.32463,132939,59133,2.97794,1.32463,2021-01-30
242,7451,7693,199765,133181,66584,90.0,4.4749,2.98337,1.49154,133181,66584,2.98337,1.49154,2021-01-31
365,9924,10289,210054,133546,76508,92.6,4.70539,2.99154,1.71384,133546,76508,2.99154,1.71384,2021-02-01
496,8936,9432,219486,134042,85444,79.2,4.91667,3.00265,1.91402,134042,85444,3.00265,1.91402,2021-02-02
953,8317,9270,228756,134995,93761,82.6,5.12433,3.024,2.10032,134995,93761,3.024,2.10032,2021-02-03
1240,8667,9907,238663,136235,102428,86.1,5.34625,3.05178,2.29447,136235,102428,3.05178,2.29447,2021-02-04
1625,7668,9293,247956,137860,110096,89.5,5.55442,3.08818,2.46624,137860,110096,3.08818,2.46624,2021-02-05
2122,5406,7528,255484,139982,115502,92.2,5.72306,3.13571,2.58734,139982,115502,3.13571,2.58734,2021-02-06
1727,3059,4786,260270,141709,118561,93.9,5.83027,3.1744,2.65587,141709,118561,3.1744,2.65587,2021-02-07
2290,2895,5185,265455,143999,121456,95.8,5.94641,3.2257,2.72072,143999,121456,3.2257,2.72072,2021-02-08
2304,1845,4149,269604,146303,123301,90.2,6.03936,3.27731,2.76205,146303,123301,3.27731,2.76205,2021-02-09
2735,1194,3929,273533,149038,124495,81.9,6.12737,3.33858,2.78879,149038,124495,3.33858,2.78879,2021-02-10
3406,838,4244,277777,152444,125333,83.2,6.22244,3.41487,2.80756,152444,125333,3.41487,2.80756,2021-02-11
3909,1401,5310,283087,156353,126734,84.8,6.34139,3.50244,2.83895,156353,126734,3.50244,2.83895,2021-02-12
3006,599,3605,286692,159359,127333,78.2,6.42214,3.56977,2.85237,159359,127333,3.56977,2.85237,2021-02-13
1280,120,1400,288092,160639,127453,78.6,6.4535,3.59845,2.85505,160639,127453,3.59845,2.85505,2021-02-14
2764,126,2890,290982,163403,127579,79.4,6.51824,3.66036,2.85788,163403,127579,3.66036,2.85788,2021-02-15
5198,530,5728,296710,168601,128109,81.0,6.64655,3.7768,2.86975,168601,128109,3.7768,2.86975,2021-02-16
5760,773,6533,303243,174361,128882,82.8,6.7929,3.90583,2.88706,174361,128882,3.90583,2.88706,2021-02-17
6462,583,7045,310288,180823,129465,74.2,6.95071,4.05059,2.90012,180823,129465,4.05059,2.90012,2021-02-18
6790,503,7293,317581,187613,129968,74.3,7.11408,4.20269,2.91139,187613,129968,4.20269,2.91139,2021-02-19
5045,264,5309,322890,192658,130232,71.0,7.23301,4.3157,2.91731,192658,130232,4.3157,2.91731,2021-02-20
3969,437,4406,327296,196627,130669,71.9,7.3317,4.40461,2.92709,196627,130669,4.40461,2.92709,2021-02-21
7199,264,7463,334759,203826,130933,73.6,7.49888,4.56587,2.93301,203826,130933,4.56587,2.93301,2021-02-22
7809,385,8194,342953,211635,131318,67.6,7.68243,4.7408,2.94163,211635,131318,4.7408,2.94163,2021-02-23
8412,859,9271,352224,220047,132177,69.4,7.89011,4.92924,2.96088,220047,132177,4.92924,2.96088,2021-02-24
8207,955,9162,361386,228254,133132,71.2,8.09535,5.11308,2.98227,228254,133132,5.11308,2.98227,2021-02-25
6625,1038,7663,369049,234879,134170,72.7,8.26701,5.26149,3.00552,234879,134170,5.26149,3.00552,2021-02-26
9213,1733,10946,379995,244092,135903,70.5,8.51221,5.46786,3.04434,244092,135903,5.46786,3.04434,2021-02-27
4971,1845,6816,386811,249063,137748,71.8,8.66489,5.57922,3.08567,249063,137748,5.57922,3.08567,2021-02-28
7759,2241,10000,396811,256822,139989,70.8,8.8889,5.75303,3.13587,256822,139989,5.75303,3.13587,2021-03-01
9680,1976,11656,408467,266502,141965,66.4,9.15,5.96987,3.18013,266502,141965,5.96987,3.18013,2021-03-02
13253,2443,15696,424163,279755,144408,68.9,9.50161,6.26675,3.23486,279755,144408,6.26675,3.23486,2021-03-03
13351,2988,16339,440502,293106,147396,71.6,9.86761,6.56582,3.30179,293106,147396,6.56582,3.30179,2021-03-04
14168,3396,17564,458066,307274,150792,74.4,10.26106,6.88319,3.37787,307274,150792,6.88319,3.37787,2021-03-05
17715,2691,20406,478472,324989,153483,77.7,10.71817,7.28003,3.43815,324989,153483,7.28003,3.43815,2021-03-06
5025,1517,6542,485014,330014,155000,78.8,10.86472,7.39259,3.47213,330014,155000,7.39259,3.47213,2021-03-07
8887,2623,11510,496524,338901,157623,80.7,11.12255,7.59167,3.53089,338901,157623,7.59167,3.53089,2021-03-08
10419,3939,14358,510882,349320,161562,75.8,11.44418,7.82506,3.61912,349320,161562,7.82506,3.61912,2021-03-09
12798,5623,18421,529303,362118,167185,73.3,11.85683,8.11175,3.74508,362118,167185,8.11175,3.74508,2021-03-10
11173,5824,16997,546300,373291,173009,75.7,12.23758,8.36203,3.87555,373291,173009,8.36203,3.87555,2021-03-11
11144,6680,17824,564124,384435,179689,78.2,12.63685,8.61167,4.02518,384435,179689,8.61167,4.02518,2021-03-12
10580,5286,15866,579990,395015,184975,78.4,12.99226,8.84867,4.14359,395015,184975,8.84867,4.14359,2021-03-13
4719,3775,8494,588484,399734,188750,79.5,13.18253,8.95438,4.22816,399734,188750,8.95438,4.22816,2021-03-14
6331,6422,12753,601237,406065,195172,75.4,13.46821,9.0962,4.37202,406065,195172,9.0962,4.37202,2021-03-15
4796,7235,12031,613268,410861,202407,76.9,13.73772,9.20363,4.53409,410861,202407,9.20363,4.53409,2021-03-16
5760,7732,13492,626760,416621,210139,78.6,14.03995,9.33266,4.70729,416621,210139,9.33266,4.70729,2021-03-17
5618,7824,13442,640202,422239,217963,80.3,14.34106,9.45851,4.88255,422239,217963,9.45851,4.88255,2021-03-18
6884,7434,14318,654520,429123,225397,82.1,14.6618,9.61271,5.04908,429123,225397,9.61271,5.04908,2021-03-19
8702,6912,15614,670134,437825,232309,84.0,15.01156,9.80765,5.20392,437825,232309,9.80765,5.20392,2021-03-20
6835,4598,11433,681567,444660,236907,85.5,15.26767,9.96076,5.30691,444660,236907,9.96076,5.30691,2021-03-21
10138,6839,16977,698544,454798,243746,75.9,15.64797,10.18786,5.46011,454798,243746,10.18786,5.46011,2021-03-22
11641,6490,18131,716675,466439,250236,77.8,16.05412,10.44862,5.6055,466439,250236,10.44862,5.6055,2021-03-23
13137,7040,20177,736852,479576,257276,80.0,16.5061,10.7429,5.7632,479576,257276,10.7429,5.7632,2021-03-24
13657,6734,20391,757243,493233,264010,80.5,16.96288,11.04883,5.91404,493233,264010,11.04883,5.91404,2021-03-25
16633,6100,22733,779976,509866,270110,82.9,17.47211,11.42142,6.05069,509866,270110,11.42142,6.05069,2021-03-26
14428,6750,21178,801154,524294,276860,85.2,17.94652,11.74462,6.2019,524294,276860,11.74462,6.2019,2021-03-27
8525,3184,11709,812863,532819,280044,86.4,18.20881,11.93559,6.27322,532819,280044,11.93559,6.27322,2021-03-28
16139,4436,20575,833438,548958,284480,81.2,18.66971,12.29712,6.37259,548958,284480,12.29712,6.37259,2021-03-29
14275,3761,18036,851474,563233,288241,82.9,19.07373,12.61689,6.45684,563233,288241,12.61689,6.45684,2021-03-30
18546,5221,23767,875241,581779,293462,85.2,19.60613,13.03234,6.57379,581779,293462,13.03234,6.57379,2021-03-31
18131,4383,22514,897755,599910,297845,87.4,20.11046,13.43849,6.67198,599910,297845,13.43849,6.67198,2021-04-01
16634,4282,20916,918671,616544,302127,86.0,20.579,13.8111,6.7679,616544,302127,13.8111,6.7679,2021-04-02
13701,3496,17197,935868,630245,305623,80.7,20.96423,14.11802,6.84621,630245,305623,14.11802,6.84621,2021-04-03
6386,2125,8511,944379,636631,307748,81.4,21.15488,14.26107,6.89381,636631,307748,14.26107,6.89381,2021-04-04
9597,2739,12336,956715,646228,310487,82.4,21.43122,14.47605,6.95517,646228,310487,14.47605,6.95517,2021-04-05
17941,4403,22344,979059,664169,314890,76.0,21.93174,14.87794,7.0538,664169,314890,14.87794,7.0538,2021-04-06
4428,1703,6131,985190,668597,316593,76.4,22.06908,14.97713,7.09195,668597,316593,14.97713,7.09195,2021-04-07
