delta_1d,delta_2d,delta_all,sum_doses,sum_1d,sum_2d,perc_doses,perc_inh_tot,perc_inh_1d,perc_inh_2d,sum_monotone_1d,sum_monotone_2d,perc_inh_monotone_1d,perc_inh_monotone_2d,date
0,0,0,0,0,0,0,0,0,0,0,0,0,0,2020-12-26
969,0,969,969,969,0,99.4,0.02171,0.02171,0.0,969,0,0.02171,0.0,2020-12-27
0,0,0,969,969,0,99.4,0.02171,0.02171,0.0,969,0,0.02171,0.0,2020-12-28
0,0,0,969,969,0,99.4,0.02171,0.02171,0.0,969,0,0.02171,0.0,2020-12-29
0,0,0,969,969,0,3.1,0.02171,0.02171,0.0,969,0,0.02171,0.0,2020-12-30
2205,0,2205,3174,3174,0,7.2,0.0711,0.0711,0.0,3174,0,0.0711,0.0,2020-12-31
0,0,0,3174,3174,0,7.2,0.0711,0.0711,0.0,3174,0,0.0711,0.0,2021-01-01
2352,0,2352,5526,5526,0,12.6,0.12379,0.12379,0.0,5526,0,0.12379,0.0,2021-01-02
2753,0,2753,8279,8279,0,18.9,0.18546,0.18546,0.0,8279,0,0.18546,0.0,2021-01-03
7268,0,7268,15547,15547,0,35.4,0.34827,0.34827,0.0,15547,0,0.34827,0.0,2021-01-04
9346,0,9346,24893,24893,0,41.2,0.55762,0.55762,0.0,24893,0,0.55762,0.0,2021-01-05
8262,0,8262,33155,33155,0,54.8,0.7427,0.7427,0.0,33155,0,0.7427,0.0,2021-01-06
10215,0,10215,43370,43370,0,48.9,0.97152,0.97152,0.0,43370,0,0.97152,0.0,2021-01-07
10830,0,10830,54200,54200,0,61.1,1.21413,1.21413,0.0,54200,0,1.21413,0.0,2021-01-08
9937,0,9937,64137,64137,0,72.3,1.43672,1.43672,0.0,64137,0,1.43672,0.0,2021-01-09
7129,0,7129,71266,71266,0,80.3,1.59642,1.59642,0.0,71266,0,1.59642,0.0,2021-01-10
9331,0,9331,80597,80597,0,86.1,1.80544,1.80544,0.0,80597,0,1.80544,0.0,2021-01-11
9409,0,9409,90006,90006,0,67.9,2.01621,2.01621,0.0,90006,0,2.01621,0.0,2021-01-12
9069,0,9069,99075,99075,0,70.8,2.21936,2.21936,0.0,99075,0,2.21936,0.0,2021-01-13
8094,0,8094,107169,107169,0,76.5,2.40068,2.40068,0.0,107169,0,2.40068,0.0,2021-01-14
7705,0,7705,114874,114874,0,82.1,2.57327,2.57327,0.0,114874,0,2.57327,0.0,2021-01-15
5593,0,5593,120467,120467,0,86.0,2.69856,2.69856,0.0,120467,0,2.69856,0.0,2021-01-16
2644,246,2890,123357,123111,246,88.1,2.7633,2.75779,0.00551,123111,246,2.75779,0.00551,2021-01-17
2449,677,3126,126483,125560,923,84.7,2.83333,2.81265,0.02068,125560,923,2.81265,0.02068,2021-01-18
2016,17,2033,128516,127576,940,86.0,2.87887,2.85781,0.02106,127576,940,2.85781,0.02106,2021-01-19
1321,1,1322,129838,128897,941,84.9,2.90848,2.8874,0.02108,128897,941,2.8874,0.02108,2021-01-20
809,1345,2154,131992,129706,2286,79.1,2.95673,2.90552,0.05121,129706,2286,2.90552,0.05121,2021-01-21
1088,740,1828,133820,130794,3026,80.2,2.99768,2.9299,0.06778,130794,3026,2.9299,0.06778,2021-01-22
443,2003,2446,136266,131237,5029,81.6,3.05247,2.93982,0.11265,131237,5029,2.93982,0.11265,2021-01-23
299,2144,2443,138709,131536,7173,83.1,3.1072,2.94652,0.16068,131536,7173,2.94652,0.16068,2021-01-24
202,6218,6420,145129,131738,13391,87.0,3.25101,2.95104,0.29997,131738,13391,2.95104,0.29997,2021-01-25
215,8117,8332,153461,131953,21508,77.3,3.43765,2.95586,0.4818,131953,21508,2.95586,0.4818,2021-01-26
464,7891,8355,161816,132417,29399,72.9,3.62481,2.96625,0.65856,132417,29399,2.96625,0.65856,2021-01-27
351,9886,10237,172053,132768,39285,77.5,3.85413,2.97411,0.88002,132768,39285,2.97411,0.88002,2021-01-28
290,10118,10408,182461,133058,49403,82.2,4.08728,2.98061,1.10667,133058,49403,2.98061,1.10667,2021-01-29
142,9933,10075,192536,133200,59336,86.8,4.31297,2.98379,1.32918,133200,59336,2.98379,1.32918,2021-01-30
242,7453,7695,200231,133442,66789,90.2,4.48534,2.98921,1.49613,133442,66789,2.98921,1.49613,2021-01-31
365,9937,10302,210533,133807,76726,92.8,4.71612,2.99739,1.71873,133807,76726,2.99739,1.71873,2021-02-01
516,8945,9461,219994,134323,85671,79.4,4.92805,3.00895,1.9191,134323,85671,3.00895,1.9191,2021-02-02
972,8327,9299,229293,135295,93998,82.7,5.13636,3.03072,2.10563,135295,93998,3.03072,2.10563,2021-02-03
1250,8676,9926,239219,136545,102674,86.3,5.35871,3.05872,2.29998,136545,102674,3.05872,2.29998,2021-02-04
1635,7675,9310,248529,138180,110349,89.7,5.56726,3.09535,2.47191,138180,110349,3.09535,2.47191,2021-02-05
2123,5418,7541,256070,140303,115767,92.4,5.73618,3.1429,2.59328,140303,115767,3.1429,2.59328,2021-02-06
1728,3060,4788,260858,142031,118827,94.1,5.84344,3.18161,2.66182,142031,118827,3.18161,2.66182,2021-02-07
2313,2907,5220,266078,144344,121734,96.0,5.96037,3.23343,2.72694,144344,121734,3.23343,2.72694,2021-02-08
2305,1845,4150,270228,146649,123579,90.4,6.05333,3.28506,2.76827,146649,123579,3.28506,2.76827,2021-02-09
2755,1244,3999,274227,149404,124823,82.1,6.14291,3.34677,2.79614,149404,124823,3.34677,2.79614,2021-02-10
3406,839,4245,278472,152810,125662,83.4,6.23801,3.42307,2.81493,152810,125662,3.42307,2.81493,2021-02-11
3914,1402,5316,283788,156724,127064,85.0,6.35709,3.51075,2.84634,156724,127064,3.51075,2.84634,2021-02-12
3019,598,3617,287405,159743,127662,78.4,6.43811,3.57838,2.85974,159743,127662,3.57838,2.85974,2021-02-13
1280,120,1400,288805,161023,127782,78.8,6.46947,3.60705,2.86242,161023,127782,3.60705,2.86242,2021-02-14
2769,126,2895,291700,163792,127908,79.6,6.53432,3.66908,2.86525,163792,127908,3.66908,2.86525,2021-02-15
5204,531,5735,297435,168996,128439,81.2,6.66279,3.78565,2.87714,168996,128439,3.78565,2.87714,2021-02-16
5764,773,6537,303972,174760,129212,83.0,6.80923,3.91477,2.89446,174760,129212,3.91477,2.89446,2021-02-17
6456,583,7039,311011,181216,129795,74.4,6.96691,4.05939,2.90752,181216,129795,4.05939,2.90752,2021-02-18
6808,514,7322,318333,188024,130309,74.5,7.13093,4.21189,2.91903,188024,130309,4.21189,2.91903,2021-02-19
5034,264,5298,323631,193058,130573,71.1,7.24961,4.32466,2.92494,193058,130573,4.32466,2.92494,2021-02-20
3985,440,4425,328056,197043,131013,72.1,7.34873,4.41393,2.9348,197043,131013,4.41393,2.9348,2021-02-21
7206,275,7481,335537,204249,131288,73.7,7.51631,4.57535,2.94096,204249,131288,4.57535,2.94096,2021-02-22
7828,386,8214,343751,212077,131674,67.7,7.70031,4.7507,2.94961,212077,131674,4.7507,2.94961,2021-02-23
8419,877,9296,353047,220496,132551,69.5,7.90855,4.93929,2.96925,220496,132551,4.93929,2.96925,2021-02-24
8258,955,9213,362260,228754,133506,71.4,8.11493,5.12428,2.99065,228754,133506,5.12428,2.99065,2021-02-25
6760,1046,7806,370066,235514,134552,72.9,8.28979,5.27571,3.01408,235514,134552,5.27571,3.01408,2021-02-26
9218,1732,10950,381016,244732,136284,70.7,8.53508,5.4822,3.05288,244732,136284,5.4822,3.05288,2021-02-27
4977,1845,6822,387838,249709,138129,72.0,8.6879,5.59369,3.09421,249709,138129,5.59369,3.09421,2021-02-28
7805,2245,10050,397888,257514,140374,71.0,8.91302,5.76853,3.1445,257514,140374,5.76853,3.1445,2021-03-01
9732,2000,11732,409620,267246,142374,66.5,9.17583,5.98653,3.1893,267246,142374,5.98653,3.1893,2021-03-02
13296,2459,15755,425375,280542,144833,69.1,9.52876,6.28438,3.24438,280542,144833,6.28438,3.24438,2021-03-03
13389,3002,16391,441766,293931,147835,71.8,9.89593,6.5843,3.31163,293931,147835,6.5843,3.31163,2021-03-04
14188,3423,17611,459377,308119,151258,74.6,10.29043,6.90212,3.38831,308119,151258,6.90212,3.38831,2021-03-05
17799,2723,20522,479899,325918,153981,78.0,10.75014,7.30084,3.4493,325918,153981,7.30084,3.4493,2021-03-06
5330,1517,6847,486746,331248,155498,79.1,10.90352,7.42023,3.48329,331248,155498,7.42023,3.48329,2021-03-07
9324,2667,11991,498737,340572,158165,81.0,11.17213,7.6291,3.54303,340572,158165,7.6291,3.54303,2021-03-08
10636,3953,14589,513326,351208,162118,76.2,11.49893,7.86735,3.63158,351208,162118,7.86735,3.63158,2021-03-09
13016,5639,18655,531981,364224,167757,73.7,11.91682,8.15892,3.7579,364224,167757,8.15892,3.7579,2021-03-10
11339,5851,17190,549171,375563,173608,76.1,12.30189,8.41293,3.88896,375563,173608,8.41293,3.88896,2021-03-11
11350,6716,18066,567237,386913,180324,78.6,12.70658,8.66717,4.03941,386913,180324,8.66717,4.03941,2021-03-12
10728,5310,16038,583275,397641,185634,78.8,13.06585,8.90749,4.15836,397641,185634,8.90749,4.15836,2021-03-13
4895,3795,8690,591965,402536,189429,80.0,13.26051,9.01714,4.24337,402536,189429,9.01714,4.24337,2021-03-14
6723,6450,13173,605138,409259,195879,75.9,13.5556,9.16774,4.38785,409259,195879,9.16774,4.38785,2021-03-15
4934,7270,12204,617342,414193,203149,77.4,13.82898,9.27827,4.55071,414193,203149,9.27827,4.55071,2021-03-16
5863,7828,13691,631033,420056,210977,79.1,14.13567,9.40961,4.72606,420056,210977,9.40961,4.72606,2021-03-17
5658,7996,13654,644687,425714,218973,80.9,14.44153,9.53635,4.90518,425714,218973,9.53635,4.90518,2021-03-18
7532,7760,15292,659979,433246,226733,82.8,14.78408,9.70507,5.07901,433246,226733,9.70507,5.07901,2021-03-19
9098,6934,16032,676011,442344,233667,84.8,15.14321,9.90888,5.23434,442344,233667,9.90888,5.23434,2021-03-20
7298,4604,11902,687913,449642,238271,86.3,15.40983,10.07236,5.33747,449642,238271,10.07236,5.33747,2021-03-21
10576,6863,17439,705352,460218,245134,76.6,15.80047,10.30927,5.49121,460218,245134,10.30927,5.49121,2021-03-22
11986,6685,18671,724023,472204,251819,78.6,16.21872,10.57776,5.64096,472204,251819,10.57776,5.64096,2021-03-23
13580,7355,20935,744958,485784,259174,80.9,16.68768,10.88197,5.80571,485784,259174,10.88197,5.80571,2021-03-24
14364,6985,21349,766307,500148,266159,81.5,17.16592,11.20373,5.96218,500148,266159,11.20373,5.96218,2021-03-25
16945,6417,23362,789669,517093,272576,84.0,17.68925,11.58332,6.10593,517093,272576,11.58332,6.10593,2021-03-26
14618,6891,21509,811178,531711,279467,86.3,18.17107,11.91077,6.26029,531711,279467,11.91077,6.26029,2021-03-27
9158,3487,12645,823823,540869,282954,87.6,18.45432,12.11592,6.33841,540869,282954,12.11592,6.33841,2021-03-28
16487,4605,21092,844915,557356,287559,82.3,18.9268,12.48524,6.44156,557356,287559,12.48524,6.44156,2021-03-29
18224,5032,23256,868171,575580,292591,84.5,19.44776,12.89347,6.55428,575580,292591,12.89347,6.55428,2021-03-30
19498,5419,24917,893088,595078,298010,87.0,20.00592,13.33025,6.67567,595078,298010,13.33025,6.67567,2021-03-31
19265,4462,23727,916815,614343,302472,89.3,20.53742,13.7618,6.77563,614343,302472,13.7618,6.77563,2021-04-01
18714,4455,23169,939984,633057,306927,88.0,21.05643,14.18101,6.87542,633057,306927,14.18101,6.87542,2021-04-02
16170,3732,19902,959886,649227,310659,82.7,21.50225,14.54323,6.95902,649227,310659,14.54323,6.95902,2021-04-03
7599,2269,9868,969754,656826,312928,83.6,21.7233,14.71345,7.00985,656826,312928,14.71345,7.00985,2021-04-04
11895,2882,14777,984531,668721,315810,84.8,22.05432,14.97991,7.07441,668721,315810,14.97991,7.07441,2021-04-05
19843,4731,24574,1009105,688564,320541,78.3,22.6048,15.42441,7.18039,688564,320541,15.42441,7.18039,2021-04-06
19645,5978,25623,1034728,708209,326519,80.3,23.17877,15.86447,7.3143,708209,326519,15.86447,7.3143,2021-04-07
25206,5267,30473,1065201,733415,331786,82.6,23.86139,16.42911,7.43228,733415,331786,16.42911,7.43228,2021-04-08
19668,5591,25259,1090460,753083,337377,84.6,24.42722,16.86969,7.55753,753083,337377,16.86969,7.55753,2021-04-09
16652,4124,20776,1111236,769735,341501,86.2,24.89262,17.24271,7.64991,769735,341501,17.24271,7.64991,2021-04-10
12069,3021,15090,1126326,781804,344522,87.4,25.23064,17.51306,7.71758,781804,344522,17.51306,7.71758,2021-04-11
14648,4390,19038,1145364,796452,348912,88.9,25.65711,17.84119,7.81592,796452,348912,17.84119,7.81592,2021-04-12
19146,4245,23391,1168755,815598,353157,90.7,26.18109,18.27008,7.91101,815598,353157,18.27008,7.91101,2021-04-13
20654,6009,26663,1195418,836252,359166,85.3,26.77836,18.73274,8.04562,836252,359166,18.73274,8.04562,2021-04-14
19131,9553,28684,1224102,855383,368719,86.3,27.42091,19.16129,8.25961,855383,368719,19.16129,8.25961,2021-04-15
19819,8741,28560,1252662,875202,377460,88.3,28.06068,19.60526,8.45542,875202,377460,19.60526,8.45542,2021-04-16
17646,9266,26912,1279574,892848,386726,90.2,28.66353,20.00054,8.66299,892848,386726,20.00054,8.66299,2021-04-17
12496,4860,17356,1296930,905344,391586,91.5,29.05232,20.28046,8.77185,905344,391586,20.28046,8.77185,2021-04-18
14472,6234,20706,1317636,919816,397820,91.0,29.51615,20.60465,8.9115,919816,397820,20.60465,8.9115,2021-04-19
14086,8258,22344,1339980,933902,406078,92.6,30.01667,20.92019,9.09649,933902,406078,20.92019,9.09649,2021-04-20
13920,9543,23463,1363443,947822,415621,85.7,30.54226,21.23201,9.31026,947822,415621,21.23201,9.31026,2021-04-21
8328,8543,16871,1380314,956150,424164,86.1,30.92019,21.41856,9.50163,956150,424164,21.41856,9.50163,2021-04-22
9819,9083,18902,1399216,965969,433247,87.3,31.34361,21.63851,9.7051,965969,433247,21.63851,9.7051,2021-04-23
15142,13734,28876,1428092,981111,446981,90.9,31.99046,21.97771,10.01275,981111,446981,21.97771,10.01275,2021-04-24
15143,13734,28877,1456969,996254,460715,90.9,32.63732,22.31692,10.3204,996254,460715,22.31692,10.3204,2021-04-25
