delta_1d,delta_2d,delta_all,sum_doses,sum_1d,sum_2d,perc_doses,perc_inh_tot,perc_inh_1d,perc_inh_2d,sum_monotone_1d,sum_monotone_2d,perc_inh_monotone_1d,perc_inh_monotone_2d,date
0,0,0,0,0,0,0,0,0,0,0,0,0,0,2020-12-26
968,0,968,968,968,0,99.3,0.02168,0.02168,0.0,968,0,0.02168,0.0,2020-12-27
0,0,0,968,968,0,99.3,0.02168,0.02168,0.0,968,0,0.02168,0.0,2020-12-28
0,0,0,968,968,0,99.3,0.02168,0.02168,0.0,968,0,0.02168,0.0,2020-12-29
0,0,0,968,968,0,3.1,0.02168,0.02168,0.0,968,0,0.02168,0.0,2020-12-30
2205,0,2205,3173,3173,0,7.2,0.07108,0.07108,0.0,3173,0,0.07108,0.0,2020-12-31
0,0,0,3173,3173,0,7.2,0.07108,0.07108,0.0,3173,0,0.07108,0.0,2021-01-01
2347,0,2347,5520,5520,0,12.6,0.12365,0.12365,0.0,5520,0,0.12365,0.0,2021-01-02
2730,0,2730,8250,8250,0,18.8,0.18481,0.18481,0.0,8250,0,0.18481,0.0,2021-01-03
7254,0,7254,15504,15504,0,35.3,0.3473,0.3473,0.0,15504,0,0.3473,0.0,2021-01-04
9325,0,9325,24829,24829,0,41.1,0.55619,0.55619,0.0,24829,0,0.55619,0.0,2021-01-05
8256,0,8256,33085,33085,0,54.7,0.74113,0.74113,0.0,33085,0,0.74113,0.0,2021-01-06
10204,0,10204,43289,43289,0,48.8,0.96971,0.96971,0.0,43289,0,0.96971,0.0,2021-01-07
10802,0,10802,54091,54091,0,61.0,1.21168,1.21168,0.0,54091,0,1.21168,0.0,2021-01-08
9872,0,9872,63963,63963,0,72.1,1.43282,1.43282,0.0,63963,0,1.43282,0.0,2021-01-09
7121,0,7121,71084,71084,0,80.1,1.59234,1.59234,0.0,71084,0,1.59234,0.0,2021-01-10
9323,0,9323,80407,80407,0,85.9,1.80118,1.80118,0.0,80407,0,1.80118,0.0,2021-01-11
9313,0,9313,89720,89720,0,67.7,2.0098,2.0098,0.0,89720,0,2.0098,0.0,2021-01-12
9063,0,9063,98783,98783,0,70.6,2.21282,2.21282,0.0,98783,0,2.21282,0.0,2021-01-13
8085,0,8085,106868,106868,0,76.3,2.39393,2.39393,0.0,106868,0,2.39393,0.0,2021-01-14
7699,0,7699,114567,114567,0,81.8,2.5664,2.5664,0.0,114567,0,2.5664,0.0,2021-01-15
5591,0,5591,120158,120158,0,85.8,2.69164,2.69164,0.0,120158,0,2.69164,0.0,2021-01-16
2643,246,2889,123047,122801,246,87.9,2.75636,2.75085,0.00551,122801,246,2.75085,0.00551,2021-01-17
2448,677,3125,126172,125249,923,84.5,2.82636,2.80568,0.02068,125249,923,2.80568,0.02068,2021-01-18
2022,17,2039,128211,127271,940,85.8,2.87203,2.85098,0.02106,127271,940,2.85098,0.02106,2021-01-19
1320,1,1321,129532,128591,941,84.7,2.90163,2.88055,0.02108,128591,941,2.88055,0.02108,2021-01-20
809,1341,2150,131682,129400,2282,78.9,2.94979,2.89867,0.05112,129400,2282,2.89867,0.05112,2021-01-21
1089,739,1828,133510,130489,3021,80.0,2.99074,2.92306,0.06767,130489,3021,2.92306,0.06767,2021-01-22
441,2002,2443,135953,130930,5023,81.5,3.04546,2.93294,0.11252,130930,5023,2.93294,0.11252,2021-01-23
301,2141,2442,138395,131231,7164,82.9,3.10016,2.93968,0.16048,131231,7164,2.93968,0.16048,2021-01-24
220,6191,6411,144806,131451,13355,86.8,3.24378,2.94461,0.29916,131451,13355,2.94461,0.29916,2021-01-25
218,8106,8324,153130,131669,21461,77.1,3.43024,2.9495,0.48074,131669,21461,2.9495,0.48074,2021-01-26
463,7851,8314,161444,132132,29312,72.8,3.61648,2.95987,0.65661,132132,29312,2.95987,0.65661,2021-01-27
351,9868,10219,171663,132483,39180,77.4,3.84539,2.96773,0.87766,132483,39180,2.96773,0.87766,2021-01-28
289,10035,10324,181987,132772,49215,82.0,4.07666,2.9742,1.10246,132772,49215,2.9742,1.10246,2021-01-29
142,9892,10034,192021,132914,59107,86.5,4.30143,2.97738,1.32405,132914,59107,2.97738,1.32405,2021-01-30
242,7450,7692,199713,133156,66557,90.0,4.47374,2.98281,1.49093,133156,66557,2.98281,1.49093,2021-01-31
365,9921,10286,209999,133521,76478,92.6,4.70415,2.99098,1.71317,133521,76478,2.99098,1.71317,2021-02-01
498,8932,9430,219429,134019,85410,79.2,4.91539,3.00214,1.91326,134019,85410,3.00214,1.91326,2021-02-02
949,8315,9264,228693,134968,93725,82.5,5.12291,3.0234,2.09952,134968,93725,3.0234,2.09952,2021-02-03
1239,8659,9898,238591,136207,102384,86.1,5.34464,3.05115,2.29349,136207,102384,3.05115,2.29349,2021-02-04
1614,7667,9281,247872,137821,110051,89.4,5.55254,3.08731,2.46523,137821,110051,3.08731,2.46523,2021-02-05
2106,5403,7509,255381,139927,115454,92.2,5.72075,3.13448,2.58627,139927,115454,3.13448,2.58627,2021-02-06
1726,3059,4785,260166,141653,118513,93.9,5.82794,3.17315,2.65479,141653,118513,3.17315,2.65479,2021-02-07
2282,2894,5176,265342,143935,121407,95.8,5.94388,3.22426,2.71962,143935,121407,3.22426,2.71962,2021-02-08
2291,1846,4137,269479,146226,123253,90.2,6.03656,3.27558,2.76097,146226,123253,3.27558,2.76097,2021-02-09
2725,1197,3922,273401,148951,124450,81.9,6.12441,3.33663,2.78778,148951,124450,3.33663,2.78778,2021-02-10
3401,839,4240,277641,152352,125289,83.1,6.21939,3.41281,2.80658,152352,125289,3.41281,2.80658,2021-02-11
3894,1397,5291,282932,156246,126686,84.7,6.33791,3.50004,2.83787,156246,126686,3.50004,2.83787,2021-02-12
3003,597,3600,286532,159249,127283,78.2,6.41856,3.56731,2.85125,159249,127283,3.56731,2.85125,2021-02-13
1276,120,1396,287928,160525,127403,78.6,6.44983,3.59589,2.85393,160525,127403,3.59589,2.85393,2021-02-14
2754,125,2879,290807,163279,127528,79.4,6.51432,3.65759,2.85673,163279,127528,3.65759,2.85673,2021-02-15
5148,528,5676,296483,168427,128056,80.9,6.64147,3.77291,2.86856,168427,128056,3.77291,2.86856,2021-02-16
5745,774,6519,303002,174172,128830,82.7,6.7875,3.9016,2.8859,174172,128830,3.9016,2.8859,2021-02-17
6432,581,7013,310015,180604,129411,74.2,6.9446,4.04568,2.89891,180604,129411,4.04568,2.89891,2021-02-18
6794,502,7296,317311,187398,129913,74.2,7.10803,4.19787,2.91016,187398,129913,4.19787,2.91016,2021-02-19
5025,264,5289,322600,192423,130177,70.9,7.22651,4.31044,2.91607,192423,130177,4.31044,2.91607,2021-02-20
3956,434,4390,326990,196379,130611,71.9,7.32485,4.39905,2.9258,196379,130611,4.39905,2.9258,2021-02-21
7119,260,7379,334369,203498,130871,73.5,7.49015,4.55853,2.93162,203498,130871,4.55853,2.93162,2021-02-22
5438,198,5636,340005,208936,131069,74.7,7.6164,4.68034,2.93606,208936,131069,4.68034,2.93606,2021-02-23
8092,592,8684,348689,217028,131661,76.6,7.81093,4.86161,2.94932,217028,131661,4.86161,2.94932,2021-02-24
8302,1065,9367,358056,225330,132726,78.7,8.02075,5.04758,2.97317,225330,132726,5.04758,2.97317,2021-02-25
8357,1114,9471,367527,233687,133840,72.4,8.23291,5.23478,2.99813,233687,133840,5.23478,2.99813,2021-02-26
6363,1568,7931,375458,240050,135408,74.0,8.41057,5.37732,3.03325,240050,135408,5.37732,3.03325,2021-02-27
5631,1856,7487,382945,245681,137264,75.4,8.57829,5.50346,3.07483,245681,137264,5.50346,3.07483,2021-02-28
2490,1263,3753,386698,248171,138527,71.8,8.66236,5.55924,3.10312,248171,138527,5.55924,3.10312,2021-03-01
6916,2297,9213,395911,255087,140824,70.8,8.86874,5.71416,3.15458,255087,140824,5.71416,3.15458,2021-03-02
7217,2200,9417,405328,262304,143024,72.5,9.07969,5.87583,3.20386,262304,143024,5.87583,3.20386,2021-03-03
23358,3553,26911,432239,285662,146577,77.3,9.68252,6.39907,3.28345,285662,146577,6.39907,3.28345,2021-03-04
12721,2721,15442,447681,298383,149298,80.0,10.02843,6.68403,3.3444,298383,149298,6.68403,3.3444,2021-03-05
16935,2702,19637,467318,315318,152000,83.5,10.46831,7.06339,3.40493,315318,152000,7.06339,3.40493,2021-03-06
8688,2073,10761,478079,324006,154073,85.5,10.70937,7.25801,3.45136,324006,154073,7.25801,3.45136,2021-03-07
5907,2040,7947,486026,329913,156113,79.0,10.88739,7.39033,3.49706,329913,156113,7.39033,3.49706,2021-03-08
9333,3128,12461,498487,339246,159241,81.0,11.16653,7.59939,3.56713,339246,159241,7.59939,3.56713,2021-03-09
14958,6197,21155,519642,354204,165438,84.4,11.64042,7.93447,3.70595,354204,165438,7.93447,3.70595,2021-03-10
7739,3306,11045,530687,361943,168744,86.2,11.88783,8.10783,3.78001,361943,168744,8.10783,3.78001,2021-03-11
15075,9062,24137,554824,377018,177806,90.1,12.42852,8.44552,3.983,377018,177806,8.44552,3.983,2021-03-12
8308,3750,12058,566882,385326,181556,92.1,12.69863,8.63162,4.06701,385326,181556,8.63162,4.06701,2021-03-13
10043,6459,16502,583384,395369,188015,88.0,13.06829,8.8566,4.21169,395369,188015,8.8566,4.21169,2021-03-14
3294,2585,5879,589263,398663,190600,81.6,13.19998,8.93038,4.2696,398663,190600,8.93038,4.2696,2021-03-15
7589,9765,17354,606617,406252,200365,84.0,13.58873,9.10038,4.48834,406252,200365,9.10038,4.48834,2021-03-16
5777,7780,13557,620174,412029,208145,83.8,13.89242,9.22979,4.66262,412029,208145,9.22979,4.66262,2021-03-17
5945,7498,13443,633617,417974,215643,79.5,14.19355,9.36297,4.83058,417974,215643,9.36297,4.83058,2021-03-18
5862,8002,13864,647481,423836,223645,81.2,14.50412,9.49428,5.00984,423836,223645,9.49428,5.00984,2021-03-19
7033,6448,13481,660962,430869,230093,82.9,14.8061,9.65183,5.15428,430869,230093,9.65183,5.15428,2021-03-20
8035,5231,13266,674228,438904,235324,84.6,15.10327,9.83182,5.27145,438904,235324,9.83182,5.27145,2021-03-21
4627,2915,7542,681770,443531,238239,85.5,15.27222,9.93547,5.33675,443531,238239,9.93547,5.33675,2021-03-22
9574,6247,15821,697591,453105,244486,84.6,15.62662,10.14993,5.47669,453105,244486,10.14993,5.47669,2021-03-23
12823,7475,20298,717889,465928,251961,87.0,16.08131,10.43718,5.64414,465928,251961,10.43718,5.64414,2021-03-24
12593,6736,19329,737218,478521,258697,89.4,16.5143,10.71927,5.79503,478521,258697,10.71927,5.79503,2021-03-25
20636,9341,29977,767195,499157,268038,93.0,17.18581,11.18153,6.00428,499157,268038,11.18153,6.00428,2021-03-26
16546,6547,23093,790288,515703,274585,85.8,17.70311,11.55218,6.15093,515703,274585,11.55218,6.15093,2021-03-27
5973,2419,8392,798680,521676,277004,86.7,17.8911,11.68598,6.20512,521676,277004,11.68598,6.20512,2021-03-28
11776,3780,15556,814236,533452,280784,86.6,18.23957,11.94977,6.2898,533452,280784,11.94977,6.2898,2021-03-29
19670,5454,25124,839360,553122,286238,89.3,18.80237,12.3904,6.41197,553122,286238,12.3904,6.41197,2021-03-30
11389,3394,14783,854143,564511,289632,90.8,19.13352,12.64552,6.488,564511,289632,12.64552,6.488,2021-03-31
17850,4632,22482,876625,582361,294264,85.4,19.63713,13.04537,6.59176,582361,294264,13.04537,6.59176,2021-04-01
22801,5026,27827,904452,605162,299290,88.1,20.26048,13.55614,6.70435,605162,299290,13.55614,6.70435,2021-04-02
14094,3062,17156,921608,619256,302352,86.3,20.64479,13.87185,6.77294,619256,302352,13.87185,6.77294,2021-04-03
7767,2077,9844,931452,627023,304429,87.2,20.8653,14.04584,6.81946,627023,304429,14.04584,6.81946,2021-04-04
7658,1843,9501,940953,634681,306272,81.1,21.07813,14.21739,6.86075,634681,306272,14.21739,6.86075,2021-04-05
0,0,0,940953,634681,306272,81.1,21.07813,14.21739,6.86075,634681,306272,14.21739,6.86075,2021-04-06
