delta_1d,delta_2d,delta_all,sum_doses,sum_1d,sum_2d,perc_doses,perc_inh_tot,perc_inh_1d,perc_inh_2d,sum_monotone_1d,sum_monotone_2d,perc_inh_monotone_1d,perc_inh_monotone_2d,date
0,0,0,0,0,0,0,0,0,0,0,0,0,0,2020-12-26
969,0,969,969,969,0,99.4,0.02171,0.02171,0.0,969,0,0.02171,0.0,2020-12-27
0,0,0,969,969,0,99.4,0.02171,0.02171,0.0,969,0,0.02171,0.0,2020-12-28
0,0,0,969,969,0,99.4,0.02171,0.02171,0.0,969,0,0.02171,0.0,2020-12-29
0,0,0,969,969,0,3.1,0.02171,0.02171,0.0,969,0,0.02171,0.0,2020-12-30
2205,0,2205,3174,3174,0,7.2,0.0711,0.0711,0.0,3174,0,0.0711,0.0,2020-12-31
0,0,0,3174,3174,0,7.2,0.0711,0.0711,0.0,3174,0,0.0711,0.0,2021-01-01
2352,0,2352,5526,5526,0,12.6,0.12379,0.12379,0.0,5526,0,0.12379,0.0,2021-01-02
2753,0,2753,8279,8279,0,18.9,0.18546,0.18546,0.0,8279,0,0.18546,0.0,2021-01-03
7268,0,7268,15547,15547,0,35.4,0.34827,0.34827,0.0,15547,0,0.34827,0.0,2021-01-04
9347,0,9347,24894,24894,0,41.2,0.55765,0.55765,0.0,24894,0,0.55765,0.0,2021-01-05
8262,0,8262,33156,33156,0,54.8,0.74272,0.74272,0.0,33156,0,0.74272,0.0,2021-01-06
10215,0,10215,43371,43371,0,48.9,0.97155,0.97155,0.0,43371,0,0.97155,0.0,2021-01-07
10832,0,10832,54203,54203,0,61.1,1.21419,1.21419,0.0,54203,0,1.21419,0.0,2021-01-08
9938,0,9938,64141,64141,0,72.3,1.43681,1.43681,0.0,64141,0,1.43681,0.0,2021-01-09
7129,0,7129,71270,71270,0,80.3,1.59651,1.59651,0.0,71270,0,1.59651,0.0,2021-01-10
9331,0,9331,80601,80601,0,86.1,1.80553,1.80553,0.0,80601,0,1.80553,0.0,2021-01-11
9409,0,9409,90010,90010,0,67.9,2.0163,2.0163,0.0,90010,0,2.0163,0.0,2021-01-12
9070,0,9070,99080,99080,0,70.8,2.21947,2.21947,0.0,99080,0,2.21947,0.0,2021-01-13
8095,0,8095,107175,107175,0,76.6,2.40081,2.40081,0.0,107175,0,2.40081,0.0,2021-01-14
7742,0,7742,114917,114917,0,82.1,2.57424,2.57424,0.0,114917,0,2.57424,0.0,2021-01-15
5595,0,5595,120512,120512,0,86.1,2.69957,2.69957,0.0,120512,0,2.69957,0.0,2021-01-16
2644,246,2890,123402,123156,246,88.1,2.76431,2.7588,0.00551,123156,246,2.7588,0.00551,2021-01-17
2449,677,3126,126528,125605,923,84.7,2.83433,2.81366,0.02068,125605,923,2.81366,0.02068,2021-01-18
2028,17,2045,128573,127633,940,86.1,2.88014,2.85909,0.02106,127633,940,2.85909,0.02106,2021-01-19
1321,1,1322,129895,128954,941,85.0,2.90976,2.88868,0.02108,128954,941,2.88868,0.02108,2021-01-20
810,1345,2155,132050,129764,2286,79.1,2.95803,2.90682,0.05121,129764,2286,2.90682,0.05121,2021-01-21
1088,740,1828,133878,130852,3026,80.2,2.99898,2.93119,0.06778,130852,3026,2.93119,0.06778,2021-01-22
443,2003,2446,136324,131295,5029,81.7,3.05377,2.94112,0.11265,131295,5029,2.94112,0.11265,2021-01-23
299,2144,2443,138767,131594,7173,83.1,3.1085,2.94782,0.16068,131594,7173,2.94782,0.16068,2021-01-24
202,6233,6435,145202,131796,13406,87.0,3.25265,2.95234,0.30031,131796,13406,2.95234,0.30031,2021-01-25
215,8118,8333,153535,132011,21524,77.3,3.43931,2.95716,0.48216,132011,21524,2.95716,0.48216,2021-01-26
464,7893,8357,161892,132475,29417,73.0,3.62652,2.96755,0.65897,132475,29417,2.96755,0.65897,2021-01-27
351,9890,10241,172133,132826,39307,77.6,3.85592,2.97541,0.88051,132826,39307,2.97541,0.88051,2021-01-28
290,10119,10409,182542,133116,49426,82.3,4.08909,2.98191,1.10718,133116,49426,2.98191,1.10718,2021-01-29
142,9933,10075,192617,133258,59359,86.8,4.31478,2.98509,1.32969,133258,59359,2.98509,1.32969,2021-01-30
242,7453,7695,200312,133500,66812,90.3,4.48716,2.99051,1.49664,133500,66812,2.99051,1.49664,2021-01-31
365,9952,10317,210629,133865,76764,92.9,4.71827,2.99869,1.71958,133865,76764,2.99869,1.71958,2021-02-01
516,8948,9464,220093,134381,85712,79.4,4.93027,3.01025,1.92002,134381,85712,3.01025,1.92002,2021-02-02
972,8363,9335,229428,135353,94075,82.8,5.13938,3.03202,2.10736,135353,94075,3.03202,2.10736,2021-02-03
1251,8677,9928,239356,136604,102752,86.4,5.36177,3.06004,2.30173,136604,102752,3.06004,2.30173,2021-02-04
1637,7675,9312,248668,138241,110427,89.7,5.57037,3.09671,2.47366,138241,110427,3.09671,2.47366,2021-02-05
2130,5467,7597,256265,140371,115894,92.5,5.74055,3.14443,2.59612,140371,115894,3.14443,2.59612,2021-02-06
1729,3061,4790,261055,142100,118955,94.2,5.84785,3.18316,2.66469,142100,118955,3.18316,2.66469,2021-02-07
2313,2914,5227,266282,144413,121869,96.1,5.96494,3.23497,2.72997,144413,121869,3.23497,2.72997,2021-02-08
2306,1845,4151,270433,146719,123714,90.5,6.05793,3.28663,2.7713,146719,123714,3.28663,2.7713,2021-02-09
2758,1253,4011,274444,149477,124967,82.2,6.14778,3.34841,2.79937,149477,124967,3.34841,2.79937,2021-02-10
3407,839,4246,278690,152884,125806,83.4,6.24289,3.42473,2.81816,152884,125806,3.42473,2.81816,2021-02-11
3914,1402,5316,284006,156798,127208,85.0,6.36197,3.51241,2.84957,156798,127208,3.51241,2.84957,2021-02-12
3025,598,3623,287629,159823,127806,78.5,6.44313,3.58017,2.86296,159823,127806,3.58017,2.86296,2021-02-13
1281,120,1401,289030,161104,127926,78.9,6.47451,3.60886,2.86565,161104,127926,3.60886,2.86565,2021-02-14
2769,126,2895,291925,163873,128052,79.7,6.53936,3.67089,2.86847,163873,128052,3.67089,2.86847,2021-02-15
5235,531,5766,297691,169108,128583,81.2,6.66853,3.78816,2.88037,169108,128583,3.78816,2.88037,2021-02-16
5764,773,6537,304228,174872,129356,83.0,6.81496,3.91728,2.89768,174872,129356,3.91728,2.89768,2021-02-17
6456,583,7039,311267,181328,129939,74.5,6.97264,4.0619,2.91074,181328,129939,4.0619,2.91074,2021-02-18
6809,514,7323,318590,188137,130453,74.5,7.13668,4.21443,2.92226,188137,130453,4.21443,2.92226,2021-02-19
5052,264,5316,323906,193189,130717,71.2,7.25577,4.3276,2.92817,193189,130717,4.3276,2.92817,2021-02-20
4010,440,4450,328356,197199,131157,72.2,7.35545,4.41742,2.93803,197199,131157,4.41742,2.93803,2021-02-21
7205,275,7480,335836,204404,131432,73.8,7.52301,4.57882,2.94419,204404,131432,4.57882,2.94419,2021-02-22
7828,386,8214,344050,212232,131818,67.8,7.70701,4.75417,2.95283,212232,131818,4.75417,2.95283,2021-02-23
8443,877,9320,353370,220675,132695,69.6,7.91578,4.9433,2.97248,220675,132695,4.9433,2.97248,2021-02-24
8271,955,9226,362596,228946,133650,71.4,8.12245,5.12858,2.99387,228946,133650,5.12858,2.99387,2021-02-25
6790,1046,7836,370432,235736,134696,73.0,8.29799,5.28068,3.0173,235736,134696,5.28068,3.0173,2021-02-26
9219,1738,10957,381389,244955,136434,70.8,8.54343,5.4872,3.05624,244955,136434,5.4872,3.05624,2021-02-27
4977,1845,6822,388211,249932,138279,72.0,8.69625,5.59869,3.09757,249932,138279,5.59869,3.09757,2021-02-28
7830,2251,10081,398292,257762,140530,71.1,8.92207,5.77408,3.14799,257762,140530,5.77408,3.14799,2021-03-01
9799,2011,11810,410102,267561,142541,66.6,9.18663,5.99359,3.19304,267561,142541,5.99359,3.19304,2021-03-02
13300,2460,15760,425862,280861,145001,69.2,9.53967,6.29152,3.24814,280861,145001,6.29152,3.24814,2021-03-03
13389,3002,16391,442253,294250,148003,71.9,9.90684,6.59145,3.31539,294250,148003,6.59145,3.31539,2021-03-04
14188,3435,17623,459876,308438,151438,74.7,10.30161,6.90927,3.39234,308438,151438,6.90927,3.39234,2021-03-05
17802,2723,20525,480401,326240,154161,78.0,10.76138,7.30805,3.45334,326240,154161,7.30805,3.45334,2021-03-06
5334,1517,6851,487252,331574,155678,79.2,10.91485,7.42753,3.48732,331574,155678,7.42753,3.48732,2021-03-07
9347,2668,12015,499267,340921,158346,81.1,11.184,7.63692,3.54708,340921,158346,7.63692,3.54708,2021-03-08
10660,3955,14615,513882,351581,162301,76.2,11.51139,7.87571,3.63568,351581,162301,7.87571,3.63568,2021-03-09
13018,5639,18657,532539,364599,167940,73.8,11.92932,8.16732,3.762,364599,167940,8.16732,3.762,2021-03-10
11348,5851,17199,549738,375947,173791,76.2,12.31459,8.42153,3.89306,375947,173791,8.42153,3.89306,2021-03-11
11351,6716,18067,567805,387298,180507,78.7,12.71931,8.6758,4.04351,387298,180507,8.6758,4.04351,2021-03-12
10730,5310,16040,583845,398028,185817,78.9,13.07862,8.91616,4.16246,398028,185817,8.91616,4.16246,2021-03-13
4895,3795,8690,592535,402923,189612,80.1,13.27328,9.02581,4.24747,402923,189612,9.02581,4.24747,2021-03-14
6727,6495,13222,605757,409650,196107,76.0,13.56946,9.1765,4.39296,409650,196107,9.1765,4.39296,2021-03-15
4934,7282,12216,617973,414584,203389,77.5,13.84311,9.28703,4.55608,414584,203389,9.28703,4.55608,2021-03-16
5863,7828,13691,631664,420447,211217,79.2,14.1498,9.41836,4.73144,420447,211217,9.41836,4.73144,2021-03-17
5658,7996,13654,645318,426105,219213,80.9,14.45566,9.54511,4.91055,426105,219213,9.54511,4.91055,2021-03-18
7533,7761,15294,660612,433638,226974,82.9,14.79826,9.71385,5.08441,433638,226974,9.71385,5.08441,2021-03-19
9098,6934,16032,676644,442736,233908,84.9,15.15739,9.91766,5.23973,442736,233908,9.91766,5.23973,2021-03-20
7298,4604,11902,688546,450034,238512,86.4,15.42401,10.08114,5.34287,450034,238512,10.08114,5.34287,2021-03-21
10576,6864,17440,705986,460610,245376,76.7,15.81468,10.31805,5.49663,460610,245376,10.31805,5.49663,2021-03-22
11987,6685,18672,724658,472597,252061,78.7,16.23295,10.58657,5.64638,472597,252061,10.58657,5.64638,2021-03-23
13591,7355,20946,745604,486188,259416,81.0,16.70215,10.89102,5.81114,486188,259416,10.89102,5.81114,2021-03-24
14365,6985,21350,766954,500553,266401,81.6,17.18041,11.21281,5.96761,500553,266401,11.21281,5.96761,2021-03-25
16951,6417,23368,790322,517504,272818,84.0,17.70387,11.59252,6.11135,517504,272818,11.59252,6.11135,2021-03-26
14619,6891,21510,811832,532123,279709,86.3,18.18572,11.92,6.26572,532123,279709,11.92,6.26572,2021-03-27
9157,3488,12645,824477,541280,283197,87.7,18.46897,12.12512,6.34385,541280,283197,12.12512,6.34385,2021-03-28
16488,4605,21093,845570,557768,287802,82.3,18.94148,12.49447,6.44701,557768,287802,12.49447,6.44701,2021-03-29
18225,5032,23257,868827,575993,292834,84.6,19.46245,12.90273,6.55973,575993,292834,12.90273,6.55973,2021-03-30
19500,5419,24919,893746,595493,298253,87.0,20.02066,13.33954,6.68112,595493,298253,13.33954,6.68112,2021-03-31
19271,4462,23733,917479,614764,302715,89.3,20.5523,13.77123,6.78107,614764,302715,13.77123,6.78107,2021-04-01
18724,4455,23179,940658,633488,307170,88.1,21.07153,14.19066,6.88086,633488,307170,14.19066,6.88086,2021-04-02
16182,3732,19914,960572,649670,310902,82.8,21.51762,14.55315,6.96446,649670,310902,14.55315,6.96446,2021-04-03
7609,2269,9878,970450,657279,313171,83.6,21.73889,14.7236,7.01529,657279,313171,14.7236,7.01529,2021-04-04
11896,2882,14778,985228,669175,316053,84.9,22.06993,14.99008,7.07985,669175,316053,14.99008,7.07985,2021-04-05
19845,4732,24577,1009805,689020,320785,78.3,22.62048,15.43462,7.18585,689020,320785,15.43462,7.18585,2021-04-06
19663,5978,25641,1035446,708683,326763,80.3,23.19486,15.87509,7.31976,708683,326763,15.87509,7.31976,2021-04-07
25306,5267,30573,1066019,733989,332030,82.7,23.87972,16.44197,7.43775,733989,332030,16.44197,7.43775,2021-04-08
19678,5591,25269,1091288,753667,337621,84.7,24.44576,16.88277,7.56299,753667,337621,16.88277,7.56299,2021-04-09
16663,4124,20787,1112075,770330,341745,86.3,24.91141,17.25604,7.65537,770330,341745,17.25604,7.65537,2021-04-10
12069,3021,15090,1127165,782399,344766,87.4,25.24944,17.52639,7.72305,782399,344766,17.52639,7.72305,2021-04-11
14651,4390,19041,1146206,797050,349156,88.9,25.67597,17.85459,7.82139,797050,349156,17.85459,7.82139,2021-04-12
19159,4246,23405,1169611,816209,353402,90.7,26.20026,18.28376,7.9165,816209,353402,18.28376,7.9165,2021-04-13
20662,6009,26671,1196282,836871,359411,85.4,26.79772,18.74661,8.05111,836871,359411,18.74661,8.05111,2021-04-14
19164,9553,28717,1224999,856035,368964,86.4,27.441,19.1759,8.2651,856035,368964,19.1759,8.2651,2021-04-15
19835,8752,28587,1253586,875870,377716,88.4,28.08138,19.62022,8.46115,875870,377716,19.62022,8.46115,2021-04-16
17673,9269,26942,1280528,893543,386985,90.3,28.6849,20.01611,8.66879,893543,386985,20.01611,8.66879,2021-04-17
12504,4862,17366,1297894,906047,391847,91.5,29.07391,20.29621,8.7777,906047,391847,20.29621,8.7777,2021-04-18
14490,6237,20727,1318621,920537,398084,91.1,29.53821,20.6208,8.91741,920537,398084,20.6208,8.91741,2021-04-19
14108,8263,22371,1340992,934645,406347,92.6,30.03934,20.93683,9.10251,934645,406347,20.93683,9.10251,2021-04-20
13986,9584,23570,1364562,948631,415931,85.8,30.56733,21.25013,9.3172,948631,415931,21.25013,9.3172,2021-04-21
14659,13745,28404,1392966,963290,429676,86.9,31.2036,21.5785,9.6251,963290,429676,21.5785,9.6251,2021-04-22
14316,14400,28716,1421682,977606,444076,88.7,31.84687,21.89919,9.94767,977606,444076,21.89919,9.94767,2021-04-23
14145,14026,28171,1449853,991751,458102,90.4,32.47792,22.21605,10.26187,991751,458102,22.21605,10.26187,2021-04-24
9954,5138,15092,1464945,1001705,463240,91.4,32.81599,22.43903,10.37696,1001705,463240,22.43903,10.37696,2021-04-25
17059,8531,25590,1490535,1018764,471771,91.4,33.38923,22.82117,10.56807,1018764,471771,22.82117,10.56807,2021-04-26
17348,11151,28499,1519034,1036112,482922,93.2,34.02763,23.20978,10.81786,1036112,482922,23.20978,10.81786,2021-04-27
16496,11220,27716,1546750,1052608,494142,86.5,34.64849,23.5793,11.06919,1052608,494142,23.5793,11.06919,2021-04-28
14528,8826,23354,1570104,1067136,502968,87.8,35.17164,23.90474,11.2669,1067136,502968,23.90474,11.2669,2021-04-29
31673,26981,58654,1628758,1098809,529949,91.0,36.48554,24.61424,11.8713,1098809,529949,24.61424,11.8713,2021-04-30
0,0,0,1628758,1098809,529949,91.0,36.48554,24.61424,11.8713,1098809,529949,24.61424,11.8713,2021-05-01
