delta_1d,delta_2d,delta_all,sum_doses,sum_1d,sum_2d,perc_doses,perc_inh_tot,perc_inh_1d,perc_inh_2d,sum_monotone_1d,sum_monotone_2d,perc_inh_monotone_1d,perc_inh_monotone_2d,date
0,0,0,0,0,0,0,0,0,0,0,0,0,0,2020-12-26
973,0,973,973,973,0,99.8,0.0218,0.0218,0.0,973,0,0.0218,0.0,2020-12-27
0,0,0,973,973,0,99.8,0.0218,0.0218,0.0,973,0,0.0218,0.0,2020-12-28
0,0,0,973,973,0,99.8,0.0218,0.0218,0.0,973,0,0.0218,0.0,2020-12-29
1,0,1,974,974,0,3.1,0.02182,0.02182,0.0,974,0,0.02182,0.0,2020-12-30
2222,5,2222,3196,3196,5,7.3,0.07159,0.07159,0.00011,3196,5,0.07159,0.00011,2020-12-31
0,0,0,3196,3196,5,7.3,0.07159,0.07159,0.00011,3196,5,0.07159,0.00011,2021-01-01
2381,1,2381,5577,5577,6,12.7,0.12493,0.12493,0.00013,5577,6,0.12493,0.00013,2021-01-02
2766,0,2766,8343,8343,6,19.0,0.18689,0.18689,0.00013,8343,6,0.18689,0.00013,2021-01-03
7324,13,7324,15667,15667,19,35.7,0.35095,0.35095,0.00043,15667,19,0.35095,0.00043,2021-01-04
9379,19,9379,25046,25046,38,41.4,0.56105,0.56105,0.00085,25046,38,0.56105,0.00085,2021-01-05
8306,57,8306,33352,33352,95,55.2,0.74711,0.74711,0.00213,33352,95,0.74711,0.00213,2021-01-06
10306,16,10306,43658,43658,111,49.2,0.97798,0.97798,0.00249,43658,111,0.97798,0.00249,2021-01-07
10896,59,10896,54554,54554,170,61.5,1.22206,1.22206,0.00381,54554,170,1.22206,0.00381,2021-01-08
10030,24,10030,64584,64584,194,72.8,1.44674,1.44674,0.00435,64584,194,1.44674,0.00435,2021-01-09
7182,11,7182,71766,71766,205,80.9,1.60762,1.60762,0.00459,71766,205,1.60762,0.00459,2021-01-10
9362,22,9362,81128,81128,227,86.7,1.81734,1.81734,0.00508,81128,227,1.81734,0.00508,2021-01-11
9488,26,9488,90616,90616,253,68.3,2.02987,2.02987,0.00567,90616,253,2.02987,0.00567,2021-01-12
9089,49,9089,99705,99705,302,71.2,2.23348,2.23348,0.00677,99705,302,2.23348,0.00677,2021-01-13
8138,42,8138,107843,107843,344,77.0,2.41577,2.41577,0.00771,107843,344,2.41577,0.00771,2021-01-14
7762,13,7762,115605,115605,357,82.6,2.58965,2.58965,0.008,115605,357,2.58965,0.008,2021-01-15
5633,41,5633,121238,121238,398,86.6,2.71583,2.71583,0.00892,121238,398,2.71583,0.00892,2021-01-16
2652,253,2901,124139,123890,651,88.7,2.78082,2.77524,0.01458,123890,651,2.77524,0.01458,2021-01-17
2454,688,3135,127274,126344,1339,85.2,2.85104,2.83021,0.02999,126344,1339,2.83021,0.02999,2021-01-18
2036,18,2053,129327,128380,1357,86.6,2.89703,2.87582,0.0304,128380,1357,2.87582,0.0304,2021-01-19
1332,3,1333,130660,129712,1360,85.5,2.92689,2.90566,0.03047,129712,1360,2.90566,0.03047,2021-01-20
823,1350,2172,132832,130535,2710,79.6,2.97555,2.92409,0.06071,130535,2710,2.92409,0.06071,2021-01-21
1091,753,1839,134671,131626,3463,80.7,3.01674,2.94853,0.07757,131626,3463,2.94853,0.07757,2021-01-22
438,2009,2447,137118,132064,5472,82.2,3.07156,2.95834,0.12258,132064,5472,2.95834,0.12258,2021-01-23
299,2148,2447,139565,132363,7620,83.6,3.12637,2.96504,0.17069,132363,7620,2.96504,0.17069,2021-01-24
204,6270,6472,146037,132567,13890,87.5,3.27135,2.96961,0.31115,132567,13890,2.96961,0.31115,2021-01-25
209,8133,8340,154377,132776,22023,77.8,3.45817,2.97429,0.49333,132776,22023,2.97429,0.49333,2021-01-26
461,7913,8373,162750,133237,29936,73.3,3.64574,2.98462,0.67059,133237,29936,2.98462,0.67059,2021-01-27
347,9920,10263,173013,133584,39856,78.0,3.87564,2.99239,0.89281,133584,39856,2.99239,0.89281,2021-01-28
287,10153,10438,183451,133871,50009,82.7,4.10946,2.99882,1.12024,133871,50009,2.99882,1.12024,2021-01-29
136,9969,10104,193555,134007,59978,87.2,4.33579,3.00187,1.34356,134007,59978,3.00187,1.34356,2021-01-30
240,7477,7717,201272,134247,67455,90.7,4.50866,3.00725,1.51105,134247,67455,3.00725,1.51105,2021-01-31
356,9981,10335,211607,134603,77436,93.3,4.74017,3.01522,1.73463,134603,77436,3.01522,1.73463,2021-02-01
535,8970,9503,221110,135138,86406,79.8,4.95305,3.0272,1.93557,135138,86406,3.0272,1.93557,2021-02-02
966,8398,9362,230472,136104,94804,83.2,5.16277,3.04884,2.12369,136104,94804,3.04884,2.12369,2021-02-03
1241,8703,9942,240414,137345,103507,86.8,5.38547,3.07664,2.31864,137345,103507,3.07664,2.31864,2021-02-04
1623,7702,9319,249733,138968,111209,90.1,5.59423,3.113,2.49117,138968,111209,3.113,2.49117,2021-02-05
2116,5503,7612,257345,141084,116712,92.9,5.76474,3.1604,2.61445,141084,116712,3.1604,2.61445,2021-02-06
1728,3076,4799,262144,142812,119788,94.6,5.87224,3.19911,2.68335,142812,119788,3.19911,2.68335,2021-02-07
2323,2927,5246,267390,145135,122715,96.5,5.98976,3.25115,2.74892,145135,122715,3.25115,2.74892,2021-02-08
2311,1858,4164,271554,147446,124573,90.8,6.08304,3.30291,2.79054,147446,124573,3.30291,2.79054,2021-02-09
2765,1271,4028,275582,150211,125844,82.5,6.17327,3.36485,2.81901,150211,125844,3.36485,2.81901,2021-02-10
3416,866,4261,279843,153627,126710,83.8,6.26872,3.44137,2.83841,153627,126710,3.44137,2.83841,2021-02-11
3931,1443,5339,285182,157558,128153,85.4,6.38832,3.52943,2.87073,157558,128153,3.52943,2.87073,2021-02-12
3038,619,3637,288819,160596,128772,78.8,6.46979,3.59748,2.8846,160596,128772,3.59748,2.8846,2021-02-13
1287,131,1407,290226,161883,128903,79.2,6.50131,3.62631,2.88754,161883,128903,3.62631,2.88754,2021-02-14
2781,202,2906,293132,164664,129105,80.0,6.5664,3.68861,2.89206,164664,129105,3.68861,2.89206,2021-02-15
5248,558,5779,298911,169912,129663,81.6,6.69586,3.80617,2.90456,169912,129663,3.80617,2.90456,2021-02-16
5770,802,6544,305455,175682,130465,83.4,6.84245,3.93542,2.92253,175682,130465,3.93542,2.92253,2021-02-17
6456,614,7047,312502,182138,131079,74.8,7.00031,4.08004,2.93628,182138,131079,4.08004,2.93628,2021-02-18
6816,542,7331,319833,188954,131621,74.8,7.16453,4.23273,2.94842,188954,131621,4.23273,2.94842,2021-02-19
5058,283,5321,325154,194012,131904,71.5,7.28372,4.34603,2.95476,194012,131904,4.34603,2.95476,2021-02-20
4011,454,4451,329605,198023,132358,72.4,7.38343,4.43588,2.96493,198023,132358,4.43588,2.96493,2021-02-21
7217,309,7490,337095,205240,132667,74.1,7.55121,4.59755,2.97185,205240,132667,4.59755,2.97185,2021-02-22
7830,416,8216,345311,213070,133083,68.0,7.73526,4.77295,2.98117,213070,133083,4.77295,2.98117,2021-02-23
8472,922,9360,354671,221542,134005,69.9,7.94493,4.96273,3.00182,221542,134005,4.96273,3.00182,2021-02-24
8291,1004,9246,363917,229833,135009,71.7,8.15205,5.14845,3.02431,229833,135009,5.14845,3.02431,2021-02-25
8586,1099,9642,373559,238419,136108,73.6,8.36803,5.34079,3.04893,238419,136108,5.34079,3.04893,2021-02-26
9229,1802,10971,384530,247648,137910,71.4,8.61379,5.54752,3.0893,247648,137910,5.54752,3.0893,2021-02-27
4980,1891,6834,391364,252628,139801,72.6,8.76688,5.65908,3.13166,252628,139801,5.65908,3.13166,2021-02-28
7841,2313,10105,401469,260469,142114,71.6,8.99324,5.83472,3.18347,260469,142114,5.83472,3.18347,2021-03-01
10589,2191,12676,414145,271058,144305,67.3,9.27719,6.07193,3.23255,271058,144305,6.07193,3.23255,2021-03-02
13424,2600,15910,430055,284482,146905,69.9,9.63359,6.37263,3.29079,284482,146905,6.37263,3.29079,2021-03-03
13473,3182,16494,446549,297955,150087,72.5,10.00307,6.67444,3.36207,297955,150087,6.67444,3.36207,2021-03-04
14421,3714,17936,464485,312376,153801,75.5,10.40485,6.99748,3.44527,312376,153801,6.99748,3.44527,2021-03-05
18307,2978,21054,485539,330683,156779,78.9,10.87648,7.40758,3.51198,330683,156779,7.40758,3.51198,2021-03-06
6324,1604,7853,493392,337007,158383,80.1,11.05239,7.54924,3.54791,337007,158383,7.54924,3.54791,2021-03-07
9558,2805,12231,505623,346565,161188,82.1,11.32638,7.76335,3.61075,346565,161188,7.76335,3.61075,2021-03-08
10862,4113,14818,520441,357427,165301,77.2,11.65831,8.00666,3.70288,357427,165301,8.00666,3.70288,2021-03-09
13173,5897,18822,539263,370600,171198,74.7,12.07994,8.30175,3.83498,370600,171198,8.30175,3.83498,2021-03-10
11645,6107,17504,556767,382245,177305,77.1,12.47205,8.56261,3.97178,382245,177305,8.56261,3.97178,2021-03-11
11612,7071,18336,575103,393857,184376,79.6,12.88279,8.82273,4.13018,393857,184376,8.82273,4.13018,2021-03-12
10835,5595,16148,591251,404692,189971,79.8,13.24452,9.06544,4.25551,404692,189971,9.06544,4.25551,2021-03-13
5012,3885,8813,600064,409704,193856,81.0,13.44194,9.17771,4.34254,409704,193856,9.17771,4.34254,2021-03-14
6965,6634,13480,613544,416669,200490,76.9,13.7439,9.33373,4.49114,416669,200490,9.33373,4.49114,2021-03-15
4940,7394,12258,625802,421609,207884,78.4,14.01849,9.44439,4.65678,421609,207884,9.44439,4.65678,2021-03-16
5865,7925,13722,639524,427474,215809,80.1,14.32587,9.57578,4.8343,427474,215809,9.57578,4.8343,2021-03-17
5775,8109,13784,653308,433249,223918,81.8,14.63465,9.70514,5.01595,433249,223918,9.70514,5.01595,2021-03-18
7955,8151,15924,669232,441204,232069,83.8,14.99136,9.88334,5.19854,441204,232069,9.88334,5.19854,2021-03-19
9130,7156,16096,685328,450334,239225,85.8,15.35192,10.08786,5.35884,450334,239225,10.08786,5.35884,2021-03-20
7360,4720,11964,697292,457694,243945,87.3,15.61992,10.25273,5.46457,457694,243945,10.25273,5.46457,2021-03-21
10794,7065,17669,714961,468488,251010,77.6,16.01572,10.49452,5.62283,468488,251010,10.49452,5.62283,2021-03-22
12119,6903,18814,733775,480607,257913,79.6,16.43717,10.766,5.77747,480607,257913,10.766,5.77747,2021-03-23
13863,7654,21253,755028,494470,265567,81.9,16.91326,11.07654,5.94892,494470,265567,11.07654,5.94892,2021-03-24
14499,7298,21494,776522,508969,272865,82.5,17.39474,11.40133,6.1124,508969,272865,11.40133,6.1124,2021-03-25
17301,6777,23748,800270,526270,279642,85.0,17.92672,11.78889,6.26421,526270,279642,11.78889,6.26421,2021-03-26
14776,7192,21687,821957,541046,286834,87.3,18.41252,12.11988,6.42532,541046,286834,12.11988,6.42532,2021-03-27
9677,4052,13576,835533,550723,290886,88.7,18.71664,12.33666,6.51609,550723,290886,12.33666,6.51609,2021-03-28
16794,4943,21461,856994,567517,295829,83.3,19.19738,12.71286,6.62682,567517,295829,12.71286,6.62682,2021-03-29
18317,5394,23360,880354,585834,301223,85.6,19.72067,13.12317,6.74765,585834,301223,13.12317,6.74765,2021-03-30
19837,5834,25312,905666,605671,307057,88.0,20.28768,13.56754,6.87833,605671,307057,13.56754,6.87833,2021-03-31
19422,4937,23985,929651,625093,311994,90.4,20.82496,14.00261,6.98893,625093,311994,14.00261,6.98893,2021-04-01
18932,4880,23423,953074,644025,316874,89.1,21.34965,14.4267,7.09824,644025,316874,14.4267,7.09824,2021-04-02
16207,4066,20014,973088,660232,320940,83.7,21.79799,14.78975,7.18932,660232,320940,14.78975,7.18932,2021-04-03
7615,2369,9892,982980,667847,323309,84.6,22.01957,14.96033,7.24239,667847,323309,14.96033,7.24239,2021-04-04
11970,3089,14865,997845,679817,326398,85.9,22.35256,15.22847,7.31159,679817,326398,15.22847,7.31159,2021-04-05
20026,5068,24778,1022623,699843,331466,79.2,22.90761,15.67707,7.42512,699843,331466,15.67707,7.42512,2021-04-06
20819,6465,26909,1049532,720662,337931,81.3,23.51039,16.14343,7.56994,720662,337931,16.14343,7.56994,2021-04-07
26080,6109,31420,1080952,746742,344040,83.7,24.21423,16.72765,7.70678,746742,344040,16.72765,7.70678,2021-04-08
20047,6304,25812,1106764,766789,350344,85.7,24.79244,17.17672,7.848,766789,350344,17.17672,7.848,2021-04-09
16795,4495,20944,1127708,783584,354839,87.3,25.2616,17.55294,7.94869,783584,354839,17.55294,7.94869,2021-04-10
12243,3315,15291,1142999,795827,358154,88.5,25.60413,17.82719,8.02295,795827,358154,17.82719,8.02295,2021-04-11
14815,4840,19274,1162273,810642,362994,90.0,26.03589,18.15906,8.13137,810642,362994,18.15906,8.13137,2021-04-12
19389,4723,23735,1186008,830031,367717,91.9,26.56757,18.59339,8.23717,830031,367717,18.59339,8.23717,2021-04-13
20955,6571,27068,1213076,850986,374288,86.4,27.17392,19.0628,8.38436,850986,374288,19.0628,8.38436,2021-04-14
19691,10151,29375,1242451,870677,384439,87.5,27.83194,19.50389,8.61176,870677,384439,19.50389,8.61176,2021-04-15
20404,9245,29244,1271695,891081,393684,89.5,28.48703,19.96096,8.81885,891081,393684,19.96096,8.81885,2021-04-16
17971,9771,27328,1299023,909052,403455,91.5,29.0992,20.36353,9.03773,909052,403455,20.36353,9.03773,2021-04-17
12609,5176,17546,1316569,921661,408631,92.7,29.49225,20.64598,9.15368,921661,408631,20.64598,9.15368,2021-04-18
14638,6592,20920,1337489,936299,415223,92.3,29.96087,20.97388,9.30134,936299,415223,20.97388,9.30134,2021-04-19
14294,8775,22661,1360150,950593,423998,93.8,30.4685,21.29408,9.49791,950593,423998,21.29408,9.49791,2021-04-20
14235,10116,23977,1384127,964828,434114,86.9,31.0056,21.61295,9.72452,964828,434114,21.61295,9.72452,2021-04-21
14984,14458,29067,1413194,979812,448572,88.0,31.65673,21.94861,10.04839,979812,448572,21.94861,10.04839,2021-04-22
14688,15287,29585,1442779,994500,463859,89.9,32.31946,22.27763,10.39083,994500,463859,22.27763,10.39083,2021-04-23
14414,14620,28660,1471439,1008914,478479,91.7,32.96146,22.60052,10.71833,1008914,478479,22.60052,10.71833,2021-04-24
14846,7987,22361,1493800,1023760,486466,93.0,33.46237,22.93308,10.89725,1023760,486466,22.93308,10.89725,2021-04-25
18604,9904,27927,1521727,1042364,496370,93.2,34.08796,23.34983,11.1191,1042364,496370,23.34983,11.1191,2021-04-26
19671,15133,32141,1553868,1062035,511503,95.2,34.80794,23.79047,11.4581,1062035,511503,23.79047,11.4581,2021-04-27
20870,14990,33768,1587636,1082905,526493,88.6,35.56437,24.25798,11.79388,1082905,526493,24.25798,11.79388,2021-04-28
27431,19489,44998,1632634,1110336,545982,91.2,36.57237,24.87246,12.23045,1110336,545982,24.87246,12.23045,2021-04-29
21855,17691,36669,1669303,1132191,563673,93.2,37.39378,25.36203,12.62675,1132191,563673,25.36203,12.62675,2021-04-30
15643,14841,28443,1697746,1147834,578514,86.8,38.03093,25.71244,12.9592,1147834,578514,25.71244,12.9592,2021-05-01
13598,13645,25603,1723349,1161432,592159,88.1,38.60446,26.01705,13.26486,1161432,592159,26.01705,13.26486,2021-05-02
17858,13675,28745,1752094,1179290,605834,89.6,39.24837,26.41708,13.57119,1179290,605834,26.41708,13.57119,2021-05-03
15647,15061,29331,1781425,1194937,620895,91.1,39.90541,26.76759,13.90857,1194937,620895,26.76759,13.90857,2021-05-04
18877,12658,30157,1811582,1213814,633553,85.9,40.58095,27.19045,14.19212,1213814,633553,27.19045,14.19212,2021-05-05
22885,14427,35995,1847577,1236699,647980,87.6,41.38727,27.70309,14.51529,1236699,647980,27.70309,14.51529,2021-05-06
23447,13448,35348,1882925,1260146,661428,88.1,42.1791,28.22832,14.81654,1260146,661428,28.22832,14.81654,2021-05-07
20946,13421,32392,1915317,1281092,674849,89.7,42.9047,28.69753,15.11718,1281092,674849,28.69753,15.11718,2021-05-08
18675,8899,25655,1940972,1299767,683748,90.9,43.4794,29.11587,15.31653,1299767,683748,29.11587,15.31653,2021-05-09
26637,8314,33904,1974876,1326404,692062,92.4,44.23887,29.71256,15.50277,1326404,692062,29.71256,15.50277,2021-05-10
28561,8696,35831,2010707,1354965,700758,94.1,45.04152,30.35235,15.69757,1354965,700758,30.35235,15.69757,2021-05-11
29269,11359,38983,2049690,1384234,712117,89.5,45.91477,31.008,15.95202,1384234,712117,31.008,15.95202,2021-05-12
28022,8794,35889,2085579,1412256,720911,91.0,46.71871,31.63572,16.14901,1412256,720911,31.63572,16.14901,2021-05-13
27706,10803,37368,2122947,1439962,731714,91.4,47.55579,32.25635,16.39101,1439962,731714,32.25635,16.39101,2021-05-14
22858,11502,33302,2156249,1462820,743216,92.8,48.30178,32.76839,16.64866,1462820,743216,32.76839,16.64866,2021-05-15
18746,9243,25905,2182154,1481566,752459,93.9,48.88208,33.18832,16.85571,1481566,752459,33.18832,16.85571,2021-05-16
22927,11819,32494,2214648,1504493,764278,95.3,49.60997,33.7019,17.12047,1504493,764278,33.7019,17.12047,2021-05-17
18591,12067,29244,2243892,1523084,776345,96.6,50.26506,34.11836,17.39078,1523084,776345,34.11836,17.39078,2021-05-18
18577,16286,33850,2277742,1541661,792631,92.0,51.02333,34.5345,17.7556,1541661,792631,34.5345,17.7556,2021-05-19
18913,22587,40421,2318163,1560574,815218,93.6,51.92879,34.95816,18.26157,1560574,815218,34.95816,18.26157,2021-05-20
22253,18790,39393,2357556,1582827,834008,93.7,52.81123,35.45665,18.68248,1582827,834008,35.45665,18.68248,2021-05-21
16930,18694,33191,2390747,1599757,852702,95.0,53.55473,35.8359,19.10124,1599757,852702,35.8359,19.10124,2021-05-22
13900,13669,25510,2416257,1613657,866371,96.0,54.12618,36.14727,19.40744,1613657,866371,36.14727,19.40744,2021-05-23
18490,14243,30023,2446280,1632147,880614,95.4,54.79872,36.56146,19.72649,1632147,880614,36.56146,19.72649,2021-05-24
11723,14191,25257,2471537,1643870,894805,96.4,55.3645,36.82406,20.04438,1643870,894805,36.82406,20.04438,2021-05-25
10298,24431,33358,2504895,1654168,919236,92.3,56.11174,37.05475,20.59166,1654168,919236,37.05475,20.59166,2021-05-26
14064,29369,42365,2547260,1668232,948605,93.9,57.06075,37.36979,21.24955,1668232,948605,37.36979,21.24955,2021-05-27
17874,26263,41319,2588579,1686106,974868,95.4,57.98634,37.77018,21.83786,1686106,974868,37.77018,21.83786,2021-05-28
17186,23346,37967,2626546,1703292,998214,96.8,58.83683,38.15517,22.36083,1703292,998214,38.15517,22.36083,2021-05-29
13389,15935,27108,2653654,1716681,1014149,95.7,59.44407,38.45509,22.71779,1716681,1014149,38.45509,22.71779,2021-05-30
18288,14178,29833,2683487,1734969,1028327,96.8,60.11235,38.86476,23.03539,1734969,1028327,38.86476,23.03539,2021-05-31
17276,12558,27211,2710698,1752245,1040885,90.0,60.7219,39.25175,23.31669,1752245,1040885,39.25175,23.31669,2021-06-01
19152,9617,24132,2734830,1771397,1050502,90.8,61.26248,39.68077,23.53212,1771397,1050502,39.68077,23.53212,2021-06-02
30382,11233,37949,2772779,1801779,1061735,92.1,62.11257,40.36136,23.78375,1801779,1061735,40.36136,23.78375,2021-06-03
37563,14943,45779,2818558,1839342,1076678,89.7,63.13806,41.2028,24.11849,1839342,1076678,41.2028,24.11849,2021-06-04
37412,14257,44348,2862906,1876754,1090935,91.2,64.13149,42.04086,24.43786,1876754,1090935,42.04086,24.43786,2021-06-05
32195,13714,36613,2899519,1908949,1104649,91.6,64.95165,42.76205,24.74506,1908949,1104649,42.76205,24.74506,2021-06-06
34317,9839,40590,2940109,1943266,1114488,92.9,65.8609,43.53078,24.96546,1943266,1114488,43.53078,24.96546,2021-06-07
37613,10478,45167,2985276,1980879,1124966,94.3,66.87268,44.37335,25.20018,1980879,1124966,44.37335,25.20018,2021-06-08
36760,9381,43209,3028485,2017639,1134347,90.0,67.8406,45.1968,25.41032,2017639,1134347,45.1968,25.41032,2021-06-09
39737,7399,45129,3073614,2057376,1141746,91.3,68.85152,46.08694,25.57607,2057376,1141746,46.08694,25.57607,2021-06-10
39439,8397,46009,3119623,2096815,1150143,92.3,69.88216,46.97041,25.76417,2096815,1150143,46.97041,25.76417,2021-06-11
36474,6428,41397,3161020,2133289,1156571,93.6,70.80949,47.78746,25.90816,2133289,1156571,47.78746,25.90816,2021-06-12
24498,5232,28788,3189808,2157787,1161803,94.4,71.45437,48.33623,26.02536,2157787,1161803,48.33623,26.02536,2021-06-13
28267,13972,41355,3231163,2186054,1175775,94.9,72.38075,48.96944,26.33834,2186054,1175775,48.96944,26.33834,2021-06-14
28810,16201,43888,3275051,2214864,1191976,96.2,73.36388,49.61481,26.70126,2214864,1191976,49.61481,26.70126,2021-06-15
25999,21127,45979,3321030,2240863,1213103,91.3,74.39385,50.19721,27.17452,2240863,1213103,50.19721,27.17452,2021-06-16
22479,25203,46725,3367755,2263342,1238306,92.3,75.44053,50.70075,27.73909,2263342,1238306,50.70075,27.73909,2021-06-17
16854,26636,42810,3410565,2280196,1264942,93.5,76.39951,51.0783,28.33576,2280196,1264942,51.0783,28.33576,2021-06-18
17288,20146,36706,3447271,2297484,1285088,94.5,77.22175,51.46556,28.78705,2297484,1285088,51.46556,28.78705,2021-06-19
16076,15325,30764,3478035,2313560,1300413,94.0,77.91089,51.82568,29.13034,2313560,1300413,51.82568,29.13034,2021-06-20
16707,21723,37619,3515654,2330267,1322136,95.0,78.75359,52.19993,29.61695,2330267,1322136,52.19993,29.61695,2021-06-21
16897,20502,36555,3552209,2347164,1342638,96.0,79.57245,52.57844,30.07621,2347164,1342638,52.57844,30.07621,2021-06-22
19196,19852,38098,3590307,2366360,1362490,89.6,80.42588,53.00844,30.52092,2366360,1362490,53.00844,30.52092,2021-06-23
21079,20580,40663,3630970,2387439,1383070,90.6,81.33677,53.48063,30.98192,2387439,1383070,53.48063,30.98192,2021-06-24
20550,23285,42878,3673848,2407989,1406355,91.6,82.29727,53.94097,31.50353,2407989,1406355,53.94097,31.50353,2021-06-25
21947,16726,37499,3711347,2429936,1423081,91.6,83.13728,54.4326,31.8782,2429936,1423081,54.4326,31.8782,2021-06-26
16869,13530,29611,3740958,2446805,1436611,92.3,83.80059,54.81048,32.18129,2446805,1436611,54.81048,32.18129,2021-06-27
20502,20721,40097,3781055,2467307,1457332,93.3,84.69879,55.26974,32.64546,2467307,1457332,55.26974,32.64546,2021-06-28
18932,19847,37736,3818791,2486239,1477179,94.3,85.54411,55.69383,33.09005,2486239,1477179,55.69383,33.09005,2021-06-29
18595,16853,34282,3853073,2504834,1494032,89.3,86.31206,56.11038,33.46757,2504834,1494032,56.11038,33.46757,2021-06-30
15685,20093,34556,3887629,2520519,1514125,90.1,87.08614,56.46173,33.91767,2520519,1514125,56.46173,33.91767,2021-07-01
13029,22568,34780,3922409,2533548,1536693,89.5,87.86524,56.75359,34.42321,2533548,1536693,56.75359,34.42321,2021-07-02
12104,21074,32140,3954549,2545652,1557767,90.2,88.58521,57.02473,34.89528,2545652,1557767,57.02473,34.89528,2021-07-03
10663,14313,24281,3978830,2556315,1572080,86.8,89.12912,57.26359,35.21591,2556315,1572080,57.26359,35.21591,2021-07-04
11865,22349,33262,4012092,2568180,1594429,87.5,89.87422,57.52938,35.71654,2568180,1594429,57.52938,35.71654,2021-07-05
13609,24231,36834,4048926,2581789,1618660,88.3,90.69933,57.83423,36.25934,2581789,1618660,57.83423,36.25934,2021-07-06
14191,24880,37941,4086867,2595980,1643540,86.4,91.54924,58.15212,36.81667,2595980,1643540,58.15212,36.81667,2021-07-07
5124,36856,41370,4128237,2601104,1680396,87.3,92.47596,58.26691,37.64228,2601104,1680396,58.26691,37.64228,2021-07-08
5817,39987,44962,4173199,2606921,1720383,88.3,93.48315,58.39721,38.53802,2606921,1720383,58.39721,38.53802,2021-07-09
7432,35718,42124,4215323,2614353,1756101,88.3,94.42676,58.56369,39.33813,2614353,1756101,58.56369,39.33813,2021-07-10
2995,27874,30406,4245729,2617348,1783975,88.9,95.10788,58.63078,39.96253,2617348,1783975,58.63078,39.96253,2021-07-11
5927,38844,44087,4289816,2623275,1822819,89.9,96.09547,58.76355,40.83267,2623275,1822819,58.76355,40.83267,2021-07-12
7135,42363,48534,4338350,2630410,1865182,90.9,97.18267,58.92338,41.78164,2630410,1865182,58.92338,41.78164,2021-07-13
6124,42628,48016,4386366,2636534,1907810,89.2,98.25827,59.06057,42.73654,2636534,1907810,59.06057,42.73654,2021-07-14
8582,42746,50431,4436797,2645116,1950556,90.2,99.38796,59.25281,43.69409,2645116,1950556,59.25281,43.69409,2021-07-15
7679,42989,49816,4486613,2652795,1993545,91.3,100.50388,59.42483,44.65708,2652795,1993545,59.42483,44.65708,2021-07-16
7898,36824,43692,4530305,2660693,2030369,92.1,101.48262,59.60175,45.48196,2660693,2030369,59.60175,45.48196,2021-07-17
8755,26620,34609,4564914,2669448,2056989,91.7,102.25789,59.79787,46.07827,2669448,2056989,59.79787,46.07827,2021-07-18
7227,35651,42033,4606947,2676675,2092640,92.6,103.19947,59.95976,46.87689,2676675,2092640,59.95976,46.87689,2021-07-19
7346,36823,43176,4650123,2684021,2129463,93.4,104.16665,60.12432,47.70175,2684021,2129463,60.12432,47.70175,2021-07-20
11391,33339,43715,4693838,2695412,2162802,91.7,105.1459,60.37948,48.44857,2695412,2162802,60.37948,48.44857,2021-07-21
16166,25655,40418,4734256,2711578,2188457,92.5,106.05129,60.74162,49.02327,2711578,2188457,60.74162,49.02327,2021-07-22
20948,21114,40456,4774712,2732526,2209571,93.1,106.95754,61.21087,49.49624,2732526,2209571,61.21087,49.49624,2021-07-23
18234,22197,38902,4813614,2750760,2231768,93.9,107.82898,61.61933,49.99347,2750760,2231768,61.61933,49.99347,2021-07-24
11037,18273,28493,4842107,2761797,2250041,94.4,108.46725,61.86656,50.4028,2761797,2250041,61.86656,50.4028,2021-07-25
16687,24200,39594,4881701,2778484,2274241,95.2,109.35419,62.24037,50.9449,2778484,2274241,62.24037,50.9449,2021-07-26
17804,24670,41164,4922865,2796288,2298911,95.9,110.27629,62.63919,51.49753,2796288,2298911,62.63919,51.49753,2021-07-27
14663,25131,38728,4961593,2810951,2324042,94.0,111.14383,62.96765,52.06048,2810951,2324042,62.96765,52.06048,2021-07-28
15230,26877,40817,5002410,2826181,2350919,94.7,112.05817,63.30882,52.66255,2826181,2350919,63.30882,52.66255,2021-07-29
16402,24547,39892,5042302,2842583,2375466,95.5,112.95178,63.67624,53.21243,2842583,2375466,63.67624,53.21243,2021-07-30
12832,24603,36257,5078559,2855415,2400069,96.2,113.76397,63.96368,53.76355,2855415,2400069,63.96368,53.76355,2021-07-31
10664,20030,30082,5108641,2866079,2420099,96.8,114.43783,64.20257,54.21224,2866079,2420099,64.20257,54.21224,2021-08-01
15451,24212,38570,5147211,2881530,2444311,97.5,115.30183,64.54868,54.75461,2881530,2444311,64.54868,54.75461,2021-08-02
16223,23394,38543,5185754,2897753,2467705,97.5,116.16523,64.91209,55.27866,2897753,2467705,64.91209,55.27866,2021-08-03
13672,22903,35380,5221134,2911425,2490608,95.5,116.95777,65.21836,55.7917,2911425,2490608,65.21836,55.7917,2021-08-04
19376,18743,36805,5257939,2930801,2509351,96.2,117.78223,65.65239,56.21156,2930801,2509351,65.65239,56.21156,2021-08-05
19702,16192,34704,5292643,2950503,2525543,96.8,118.55963,66.09374,56.57428,2950503,2525543,66.09374,56.57428,2021-08-06
18801,13786,31034,5323677,2969304,2539329,97.4,119.25482,66.51489,56.88309,2969304,2539329,66.51489,56.88309,2021-08-07
11140,11448,21655,5345332,2980444,2550777,97.1,119.73991,66.76444,57.13954,2980444,2550777,66.76444,57.13954,2021-08-08
17732,14047,30305,5375637,2998176,2564824,97.7,120.41877,67.16165,57.4542,2998176,2564824,67.16165,57.4542,2021-08-09
16436,16267,31368,5407005,3014612,2581091,98.3,121.12144,67.52983,57.8186,3014612,2581091,67.52983,57.8186,2021-08-10
12910,15925,27806,5434811,3027522,2597016,96.2,121.74431,67.81903,58.17533,3027522,2597016,67.81903,58.17533,2021-08-11
20890,8851,27778,5462589,3048412,2605867,96.7,122.36656,68.28698,58.3736,3048412,2605867,68.28698,58.3736,2021-08-12
15209,7361,21302,5483891,3063621,2613228,96.4,122.84375,68.62767,58.53849,3063621,2613228,68.62767,58.53849,2021-08-13
8790,7676,15824,5499715,3072411,2620904,96.6,123.19822,68.82458,58.71044,3072411,2620904,68.82458,58.71044,2021-08-14
3463,3455,6667,5506382,3075874,2624359,96.8,123.34756,68.90215,58.78784,3075874,2624359,68.90215,58.78784,2021-08-15
13673,7892,20264,5526646,3089547,2632251,97.1,123.80149,69.20844,58.96462,3089547,2632251,69.20844,58.96462,2021-08-16
15575,8169,22451,5549097,3105122,2640420,96.8,124.30441,69.55733,59.14762,3105122,2640420,69.55733,59.14762,2021-08-17
15671,8039,22341,5571438,3120793,2648459,93.3,124.80487,69.90837,59.3277,3120793,2648459,69.90837,59.3277,2021-08-18
12856,9878,21608,5593046,3133649,2658337,93.6,125.28891,70.19636,59.54897,3133649,2658337,70.19636,59.54897,2021-08-19
11248,9752,19790,5612836,3144897,2668089,93.9,125.73222,70.44832,59.76743,3144897,2668089,70.44832,59.76743,2021-08-20
11354,8961,19155,5631991,3156251,2677050,94.3,126.16131,70.70266,59.96816,3156251,2677050,70.70266,59.96816,2021-08-21
7385,9952,16501,5648492,3163636,2687002,94.5,126.53095,70.86809,60.19109,3163636,2687002,70.86809,60.19109,2021-08-22
13158,11033,22654,5671146,3176794,2698035,94.9,127.03841,71.16284,60.43824,3176794,2698035,71.16284,60.43824,2021-08-23
11659,13093,23446,5694592,3188453,2711128,93.5,127.56362,71.42401,60.73154,3188453,2711128,71.42401,60.73154,2021-08-24
10572,15868,25209,5719801,3199025,2726996,93.9,128.12833,71.66084,61.08699,3199025,2726996,71.66084,61.08699,2021-08-25
10356,18560,27709,5747510,3209381,2745556,90.6,128.74903,71.89282,61.50275,3209381,2745556,71.89282,61.50275,2021-08-26
7708,21159,27977,5775487,3217089,2766715,91.0,129.37574,72.06548,61.97673,3217089,2766715,72.06548,61.97673,2021-08-27
9459,17905,26359,5801846,3226548,2784620,91.4,129.9662,72.27737,62.37782,3226548,2784620,72.27737,62.37782,2021-08-28
9423,12261,20710,5822556,3235971,2796881,91.8,130.43013,72.48846,62.65247,3235971,2796881,72.48846,62.65247,2021-08-29
8695,19574,27098,5849654,3244666,2816455,92.2,131.03714,72.68323,63.09095,3244666,2816455,72.68323,63.09095,2021-08-30
9424,19905,28137,5877791,3254090,2836360,92.6,131.66744,72.89434,63.53684,3254090,2836360,72.89434,63.53684,2021-08-31
7967,15635,22674,5900465,3262057,2851995,92.9,132.17535,73.07281,63.88707,3262057,2851995,73.07281,63.88707,2021-09-01
7188,18728,25094,5925559,3269245,2870723,91.3,132.73748,73.23382,64.3066,3269245,2870723,73.23382,64.3066,2021-09-02
6936,17643,23828,5949387,3276181,2888366,91.6,133.27125,73.3892,64.70181,3276181,2888366,73.3892,64.70181,2021-09-03
9310,15575,23823,5973210,3285491,2903941,92.0,133.8049,73.59775,65.05071,3285491,2903941,73.59775,65.05071,2021-09-04
7173,10832,17197,5990407,3292664,2914773,92.3,134.19013,73.75843,65.29335,3292664,2914773,73.75843,65.29335,2021-09-05
7865,18522,25404,6015811,3300529,2933295,92.7,134.7592,73.93461,65.70826,3300529,2933295,73.93461,65.70826,2021-09-06
6454,20430,26167,6041978,3306983,2953725,91.3,135.34536,74.07919,66.16591,3306983,2953725,74.07919,66.16591,2021-09-07
6465,17871,23597,6065575,3313448,2971596,89.7,135.87395,74.22401,66.56624,3313448,2971596,74.22401,66.56624,2021-09-08
5843,19764,24846,6090421,3319291,2991360,90.1,136.43053,74.3549,67.00897,3319291,2991360,74.3549,67.00897,2021-09-09
5954,21103,26265,6116686,3325245,3012463,90.4,137.01888,74.48827,67.48169,3325245,3012463,74.48827,67.48169,2021-09-10
5129,20558,24993,6141679,3330374,3033021,90.8,137.57875,74.60316,67.94221,3330374,3033021,74.60316,67.94221,2021-09-11
4411,10999,14871,6156550,3334785,3044020,91.0,137.91187,74.70197,68.18859,3334785,3044020,74.70197,68.18859,2021-09-12
5477,19560,24246,6180796,3340262,3063580,91.4,138.455,74.82466,68.62675,3340262,3063580,74.82466,68.62675,2021-09-13
5196,16022,20588,6201384,3345458,3079602,91.7,138.91619,74.94106,68.98566,3345458,3079602,74.94106,68.98566,2021-09-14
5244,15691,20032,6221416,3350702,3095293,91.3,139.36492,75.05853,69.33715,3350702,3095293,75.05853,69.33715,2021-09-15
4310,18489,22192,6243608,3355012,3113782,90.4,139.86204,75.15508,69.75132,3355012,3113782,75.15508,69.75132,2021-09-16
4958,13676,18053,6261661,3359970,3127458,92.4,140.26644,75.26614,70.05768,3359970,3127458,75.26614,70.05768,2021-09-17
9268,13643,21834,6283495,3369238,3141101,92.7,140.75554,75.47375,70.36329,3369238,3141101,75.47375,70.36329,2021-09-18
6240,10103,15662,6299157,3375478,3151204,93.0,141.10639,75.61353,70.58961,3375478,3151204,75.61353,70.58961,2021-09-19
5885,14375,19664,6318821,3381363,3165579,93.2,141.54688,75.74536,70.91162,3381363,3165579,75.74536,70.91162,2021-09-20
7603,12501,19429,6338250,3388966,3178080,93.5,141.9821,75.91567,71.19165,3388966,3178080,75.91567,71.19165,2021-09-21
7850,11794,18976,6357226,3396816,3189874,92.1,142.40718,76.09152,71.45585,3396816,3189874,76.09152,71.45585,2021-09-22
7647,10133,17210,6374436,3404463,3200007,92.3,142.7927,76.26282,71.68283,3404463,3200007,76.26282,71.68283,2021-09-23
8089,9191,16554,6390990,3412552,3209198,92.5,143.16352,76.44402,71.88872,3412552,3209198,76.44402,71.88872,2021-09-24
7883,11402,18613,6409603,3420435,3220600,92.8,143.58047,76.62061,72.14413,3420435,3220600,76.62061,72.14413,2021-09-25
6520,8005,13985,6423588,3426955,3228605,93.0,143.89374,76.76666,72.32345,3426955,3228605,76.76666,72.32345,2021-09-26
6124,10623,16266,6439854,3433079,3239228,93.3,144.25812,76.90384,72.56142,3433079,3239228,76.90384,72.56142,2021-09-27
6580,9158,15191,6455045,3439659,3248386,93.5,144.59841,77.05124,72.76656,3439659,3248386,77.05124,72.76656,2021-09-28
6050,7395,12991,6468036,3445709,3255781,89.2,144.88942,77.18676,72.93222,3445709,3255781,77.18676,72.93222,2021-09-29
6949,7758,14163,6482199,3452658,3263539,89.4,145.20668,77.34243,73.106,3452658,3263539,77.34243,73.106,2021-09-30
5666,6848,12079,6494278,3458324,3270387,89.6,145.47726,77.46935,73.2594,3458324,3270387,77.46935,73.2594,2021-10-01
7028,6511,13047,6507325,3465352,3276898,89.8,145.76952,77.62678,73.40526,3465352,3276898,77.62678,73.40526,2021-10-02
3744,4652,8097,6515422,3469096,3281550,89.9,145.9509,77.71065,73.50947,3469096,3281550,77.71065,73.50947,2021-10-03
4374,5996,10015,6525437,3473470,3287546,90.0,146.17525,77.80863,73.64378,3473470,3287546,77.80863,73.64378,2021-10-04
4646,5689,9979,6535416,3478116,3293235,90.2,146.39879,77.91271,73.77122,3478116,3293235,77.91271,73.77122,2021-10-05
4325,4833,8734,6544150,3482441,3298068,89.3,146.59443,78.00959,73.87948,3482441,3298068,78.00959,73.87948,2021-10-06
4688,4170,8469,6552619,3487129,3302238,89.4,146.78415,78.11461,73.97289,3487129,3302238,78.11461,73.97289,2021-10-07
5182,4970,9663,6562282,3492311,3307208,89.5,147.00061,78.23069,74.08423,3492311,3307208,78.23069,74.08423,2021-10-08
5857,7991,13365,6575647,3498168,3315199,89.7,147.29999,78.36189,74.26323,3498168,3315199,78.36189,74.26323,2021-10-09
3683,5440,8769,6584416,3501851,3320639,89.8,147.49643,78.44439,74.38509,3501851,3320639,78.44439,74.38509,2021-10-10
3560,5409,8623,6593039,3505411,3326048,90.0,147.68959,78.52414,74.50626,3505411,3326048,78.52414,74.50626,2021-10-11
5089,7519,12214,6605253,3510500,3333567,90.1,147.96319,78.63814,74.67469,3510500,3333567,78.63814,74.67469,2021-10-12
4765,6764,11107,6616360,3515265,3340331,90.3,148.212,78.74488,74.82621,3515265,3340331,78.74488,74.82621,2021-10-13
5561,6992,12158,6628518,3520826,3347323,90.4,148.48435,78.86945,74.98284,3520826,3347323,78.86945,74.98284,2021-10-14
4830,7480,11899,6640417,3525656,3354803,90.6,148.7509,78.97764,75.15039,3525656,3354803,78.97764,75.15039,2021-10-15
3817,6055,9513,6649930,3529473,3360858,90.7,148.96399,79.06315,75.28603,3529473,3360858,79.06315,75.28603,2021-10-16
3391,7624,10751,6660681,3532864,3368482,90.9,149.20483,79.13911,75.45681,3532864,3368482,79.13911,75.45681,2021-10-17
3333,5905,8949,6669630,3536197,3374387,91.0,149.40529,79.21377,75.58909,3536197,3374387,79.21377,75.58909,2021-10-18
2709,5057,7471,6677101,3538906,3379444,91.1,149.57265,79.27445,75.70237,3538906,3379444,79.27445,75.70237,2021-10-19
2668,4745,7097,6684198,3541574,3384189,91.2,149.73163,79.33422,75.80866,3541574,3384189,79.33422,75.80866,2021-10-20
2680,5627,8017,6692215,3544254,3389816,91.3,149.91121,79.39425,75.93471,3544254,3389816,79.39425,75.93471,2021-10-21
2343,5607,7636,6699851,3546597,3395423,91.4,150.08227,79.44674,76.06032,3546597,3395423,79.44674,76.06032,2021-10-22
2031,5722,7459,6707310,3548628,3401145,91.5,150.24935,79.49224,76.18849,3548628,3401145,79.49224,76.18849,2021-10-23
1131,2621,3623,6710933,3549759,3403766,91.6,150.33051,79.51757,76.24721,3549759,3403766,79.51757,76.24721,2021-10-24
1701,3873,5378,6716311,3551460,3407639,91.6,150.45098,79.55567,76.33396,3551460,3407639,79.55567,76.33396,2021-10-25
1633,4191,5626,6721937,3553093,3411830,91.7,150.57701,79.59226,76.42785,3553093,3411830,79.59226,76.42785,2021-10-26
1403,3837,5035,6726972,3554496,3415667,91.8,150.6898,79.62368,76.5138,3554496,3415667,79.62368,76.5138,2021-10-27
1741,4599,6121,6733093,3556237,3420266,91.9,150.82692,79.66268,76.61682,3556237,3420266,79.66268,76.61682,2021-10-28
1509,4501,5813,6738906,3557746,3424767,91.9,150.95713,79.69649,76.71765,3557746,3424767,79.69649,76.71765,2021-10-29
1638,5431,6843,6745749,3559384,3430198,92.0,151.11042,79.73318,76.8393,3559384,3430198,79.73318,76.8393,2021-10-30
807,2867,3540,6749289,3560191,3433065,92.1,151.18972,79.75126,76.90353,3560191,3433065,79.75126,76.90353,2021-10-31
730,1891,2547,6751836,3560921,3434956,92.1,151.24677,79.76761,76.94589,3560921,3434956,79.76761,76.94589,2021-11-01
1185,4799,5829,6757665,3562106,3439755,92.2,151.37735,79.79415,77.05339,3562106,3439755,79.79415,77.05339,2021-11-02
1061,4041,4961,6762626,3563167,3443796,92.3,151.48848,79.81792,77.14391,3563167,3443796,79.81792,77.14391,2021-11-03
1199,4378,5428,6768054,3564366,3448174,92.3,151.61007,79.84478,77.24198,3564366,3448174,79.84478,77.24198,2021-11-04
1140,4050,5068,6773122,3565506,3452224,92.4,151.7236,79.87032,77.33271,3565506,3452224,79.87032,77.33271,2021-11-05
1703,3804,5316,6778438,3567209,3456028,92.5,151.84268,79.90847,77.41792,3567209,3456028,79.90847,77.41792,2021-11-06
751,2523,3188,6781626,3567960,3458551,92.5,151.9141,79.92529,77.47444,3567960,3458551,79.92529,77.47444,2021-11-07
1149,3080,4083,6785709,3569109,3461631,92.6,152.00556,79.95103,77.54343,3569109,3461631,79.95103,77.54343,2021-11-08
1131,3267,4304,6790013,3570240,3464898,92.6,152.10197,79.97636,77.61661,3570240,3464898,79.97636,77.61661,2021-11-09
1080,2723,3696,6793709,3571320,3467621,92.7,152.18476,80.00056,77.67761,3571320,3467621,80.00056,77.67761,2021-11-10
1229,3224,4362,6798071,3572549,3470845,92.7,152.28248,80.02809,77.74983,3572549,3470845,80.02809,77.74983,2021-11-11
1064,2797,3769,6801840,3573613,3473642,92.8,152.36691,80.05192,77.81249,3573613,3473642,80.05192,77.81249,2021-11-12
1688,2523,4065,6805905,3575301,3476165,92.9,152.45797,80.08973,77.869,3575301,3476165,80.08973,77.869,2021-11-13
566,1042,1545,6807450,3575867,3477207,92.9,152.49257,80.10241,77.89235,3575867,3477207,80.10241,77.89235,2021-11-14
1203,2140,3220,6810670,3577070,3479347,92.9,152.56471,80.12936,77.94028,3577070,3479347,80.12936,77.94028,2021-11-15
1122,1710,2751,6813421,3578192,3481057,93.0,152.62633,80.15449,77.97859,3578192,3481057,80.15449,77.97859,2021-11-16
1004,2007,2940,6816361,3579196,3483064,93.0,152.69219,80.17698,78.02355,3579196,3483064,80.17698,78.02355,2021-11-17
1437,1785,3130,6819491,3580633,3484849,93.0,152.7623,80.20917,78.06353,3580633,3484849,80.20917,78.06353,2021-11-18
1264,1938,3121,6822612,3581897,3486787,93.1,152.83222,80.23749,78.10695,3581897,3486787,80.23749,78.10695,2021-11-19
1377,1844,3134,6825746,3583274,3488631,93.1,152.90242,80.26834,78.14825,3583274,3488631,80.26834,78.14825,2021-11-20
391,612,974,6826720,3583665,3489243,93.1,152.92424,80.27709,78.16196,3583665,3489243,80.27709,78.16196,2021-11-21
1380,1674,2970,6829690,3585045,3490917,91.3,152.99077,80.30801,78.19946,3585045,3490917,80.30801,78.19946,2021-11-22
1554,1253,2723,6832413,3586599,3492170,91.4,153.05177,80.34282,78.22753,3586599,3492170,80.34282,78.22753,2021-11-23
1413,1233,2573,6834986,3588012,3493403,91.4,153.1094,80.37447,78.25515,3588012,3493403,80.37447,78.25515,2021-11-24
2032,1263,3211,6838197,3590044,3494666,91.4,153.18133,80.41999,78.28344,3590044,3494666,80.41999,78.28344,2021-11-25
1878,1186,2972,6841169,3591922,3495852,91.5,153.24791,80.46206,78.31001,3591922,3495852,80.46206,78.31001,2021-11-26
2227,1705,3824,6844993,3594149,3497557,91.5,153.33357,80.51194,78.3482,3594149,3497557,80.51194,78.3482,2021-11-27
719,533,1213,6846206,3594868,3498090,91.5,153.36074,80.52805,78.36014,3594868,3498090,80.52805,78.36014,2021-11-28
2285,1506,3697,6849903,3597153,3499596,91.6,153.44356,80.57924,78.39388,3597153,3499596,80.57924,78.39388,2021-11-29
1807,1350,3095,6852998,3598960,3500946,91.6,153.51289,80.61971,78.42412,3598960,3500946,80.61971,78.42412,2021-11-30
1834,992,2769,6855767,3600794,3501938,89.2,153.57492,80.6608,78.44634,3600794,3501938,80.6608,78.44634,2021-12-01
2007,1289,3231,6858998,3602801,3503227,88.6,153.64729,80.70576,78.47522,3602801,3503227,80.70576,78.47522,2021-12-02
2280,1158,3378,6862376,3605081,3504385,88.6,153.72296,80.75683,78.50116,3605081,3504385,80.75683,78.50116,2021-12-03
1764,1643,3339,6865715,3606845,3506028,88.7,153.79776,80.79635,78.53796,3606845,3506028,80.79635,78.53796,2021-12-04
1292,530,1790,6867505,3608137,3506558,88.7,153.83786,80.82529,78.54983,3608137,3506558,80.82529,78.54983,2021-12-05
2868,1459,4252,6871757,3611005,3508017,88.8,153.93311,80.88953,78.58252,3611005,3508017,80.88953,78.58252,2021-12-06
2734,1225,3924,6875681,3613739,3509242,88.8,154.02101,80.95078,78.60996,3613739,3509242,80.95078,78.60996,2021-12-07
1779,675,2421,6878102,3615518,3509917,88.8,154.07524,80.99063,78.62508,3615518,3509917,80.99063,78.62508,2021-12-08
2384,1575,3906,6882008,3617902,3511492,88.9,154.16274,81.04403,78.66036,3617902,3511492,81.04403,78.66036,2021-12-09
2002,1321,3255,6885263,3619904,3512813,88.3,154.23565,81.08888,78.68995,3619904,3512813,81.08888,78.68995,2021-12-10
1698,1501,3139,6888402,3621602,3514314,88.3,154.30597,81.12691,78.72357,3621602,3514314,81.12691,78.72357,2021-12-11
1439,613,2021,6890423,3623041,3514927,88.4,154.35124,81.15915,78.73731,3623041,3514927,81.15915,78.73731,2021-12-12
1915,1127,2983,6893406,3624956,3516054,88.4,154.41806,81.20205,78.76255,3624956,3516054,81.20205,78.76255,2021-12-13
1830,1041,2828,6896234,3626786,3517095,88.4,154.48141,81.24304,78.78587,3626786,3517095,81.24304,78.78587,2021-12-14
1758,902,2596,6898830,3628544,3517997,85.9,154.53956,81.28242,78.80608,3628544,3517997,81.28242,78.80608,2021-12-15
2673,1102,3725,6902555,3631217,3519099,84.8,154.62301,81.3423,78.83076,3631217,3519099,81.3423,78.83076,2021-12-16
2274,1039,3263,6905818,3633491,3520138,84.8,154.6961,81.39324,78.85404,3633491,3520138,81.39324,78.85404,2021-12-17
0,0,0,6905818,3633491,3520138,84.8,154.6961,81.39324,78.85404,3633491,3520138,81.39324,78.85404,2021-12-18
2855,1395,304467,7210285,3636346,3521533,99.8,161.51642,81.45719,78.88529,3636346,3521533,81.45719,78.88529,2021-12-19
2856,1395,304467,7514752,3639202,3522928,99.8,168.33673,81.52117,78.91653,3639202,3522928,81.52117,78.91653,2021-12-20
2856,1395,304467,7819219,3642058,3524323,99.8,175.15705,81.58515,78.94778,3642058,3524323,81.58515,78.94778,2021-12-21
2856,1396,304467,8123686,3644914,3525719,99.8,181.97736,81.64912,78.97905,3644914,3525719,81.64912,78.97905,2021-12-22
4172,2270,61236,8184922,3649086,3527989,98.5,183.3491,81.74258,79.0299,3649086,3527989,81.74258,79.0299,2021-12-23
3732,1493,40418,8225340,3652818,3529482,99.0,184.2545,81.82618,79.06335,3652818,3529482,81.82618,79.06335,2021-12-24
560,340,9704,8235044,3653378,3529822,99.2,184.47187,81.83872,79.07097,3653378,3529822,81.83872,79.07097,2021-12-25
454,257,14955,8249999,3653832,3530079,99.3,184.80688,81.84889,79.07672,3653832,3530079,81.84889,79.07672,2021-12-26
1465,1660,23785,8273784,3655297,3531739,99.6,185.33968,81.88171,79.11391,3655297,3531739,81.88171,79.11391,2021-12-27
3532,2587,44751,8318535,3658829,3534326,99.1,186.34214,81.96083,79.17186,3658829,3534326,81.96083,79.17186,2021-12-28
4994,2138,45957,8364492,3663823,3536464,99.6,187.37162,82.0727,79.21975,3663823,3536464,82.0727,79.21975,2021-12-29
2873,698,22508,8387000,3666696,3537162,99.9,187.87582,82.13706,79.23539,3666696,3537162,82.13706,79.23539,2021-12-30
