delta_1d,delta_2d,delta_all,sum_doses,sum_1d,sum_2d,perc_doses,perc_inh_tot,perc_inh_1d,perc_inh_2d,sum_monotone_1d,sum_monotone_2d,perc_inh_monotone_1d,perc_inh_monotone_2d,date
0,0,0,0,0,0,0,0,0,0,0,0,0,0,2020-12-26
263,0,263,263,263,0,99.2,0.0218,0.0218,0.0,263,0,0.0218,0.0,2020-12-27
1,0,1,264,264,0,99.2,0.02189,0.02189,0.0,264,0,0.02189,0.0,2020-12-28
0,0,0,264,264,0,99.2,0.02189,0.02189,0.0,264,0,0.02189,0.0,2020-12-29
631,0,631,895,895,0,14.6,0.0742,0.0742,0.0,895,0,0.0742,0.0,2020-12-30
1049,1,1049,1944,1944,1,16.2,0.16117,0.16117,8e-05,1944,1,0.16117,8e-05,2020-12-31
2,0,2,1946,1946,1,16.3,0.16133,0.16133,8e-05,1946,1,0.16133,8e-05,2021-01-01
1219,0,1219,3165,3165,1,26.4,0.26239,0.26239,8e-05,3165,1,0.26239,8e-05,2021-01-02
317,0,317,3482,3482,1,29.1,0.28867,0.28867,8e-05,3482,1,0.28867,8e-05,2021-01-03
1519,3,1519,5001,5001,4,41.7,0.4146,0.4146,0.00033,5001,4,0.4146,0.00033,2021-01-04
1682,3,1682,6683,6683,7,35.5,0.55405,0.55405,0.00058,6683,7,0.55405,0.00058,2021-01-05
720,1,720,7403,7403,8,39.3,0.61374,0.61374,0.00066,7403,8,0.61374,0.00066,2021-01-06
2112,3,2112,9515,9515,11,40.1,0.78883,0.78883,0.00091,9515,11,0.78883,0.00091,2021-01-07
2352,0,2352,11867,11867,11,48.0,0.98382,0.98382,0.00091,11867,11,0.98382,0.00091,2021-01-08
2543,1,2543,14410,14410,12,58.3,1.19465,1.19465,0.00099,14410,12,1.19465,0.00099,2021-01-09
2947,0,2947,17357,17357,12,70.2,1.43896,1.43896,0.00099,17357,12,1.43896,0.00099,2021-01-10
1914,0,1914,19271,19271,12,72.2,1.59764,1.59764,0.00099,19271,12,1.59764,0.00099,2021-01-11
2310,0,2310,21581,21581,12,57.6,1.78915,1.78915,0.00099,21581,12,1.78915,0.00099,2021-01-12
2665,3,2665,24246,24246,15,64.7,2.01009,2.01009,0.00124,24246,15,2.01009,0.00124,2021-01-13
2615,3,2615,26861,26861,18,71.6,2.22688,2.22688,0.00149,26861,18,2.22688,0.00149,2021-01-14
2024,2,2024,28885,28885,20,77.0,2.39468,2.39468,0.00166,28885,20,2.39468,0.00166,2021-01-15
1235,1,1235,30120,30120,21,80.3,2.49707,2.49707,0.00174,30120,21,2.49707,0.00174,2021-01-16
1716,2,1716,31836,31836,23,84.9,2.63933,2.63933,0.00191,31836,23,2.63933,0.00191,2021-01-17
1870,95,1965,33801,33706,118,84.8,2.80223,2.79436,0.00978,33706,118,2.79436,0.00978,2021-01-18
11,0,11,33812,33717,118,84.9,2.80315,2.79527,0.00978,33717,118,2.79527,0.00978,2021-01-19
23,739,762,34574,33740,857,86.7,2.86632,2.79718,0.07105,33740,857,2.79718,0.07105,2021-01-20
7,896,903,35477,33747,1753,79.6,2.94118,2.79776,0.14533,33747,1753,2.79776,0.14533,2021-01-21
168,93,261,35738,33915,1846,79.9,2.96282,2.81169,0.15304,33915,1846,2.81169,0.15304,2021-01-22
6,811,817,36555,33921,2657,81.7,3.03055,2.81218,0.22028,33921,2657,2.81218,0.22028,2021-01-23
2,305,307,36862,33923,2962,82.4,3.056,2.81235,0.24556,33923,2962,2.81235,0.24556,2021-01-24
204,1396,1600,38462,34127,4358,86.0,3.18865,2.82926,0.3613,34127,4358,2.82926,0.3613,2021-01-25
219,1765,1983,40445,34346,6123,74.8,3.35305,2.84742,0.50762,34346,6123,2.84742,0.50762,2021-01-26
453,823,1274,41719,34799,6946,68.3,3.45867,2.88497,0.57585,34799,6946,2.88497,0.57585,2021-01-27
356,1896,2252,43971,35155,8842,72.0,3.64537,2.91449,0.73304,35155,8842,2.91449,0.73304,2021-01-28
303,2159,2462,46433,35458,11001,75.9,3.84948,2.93961,0.91203,35458,11001,2.93961,0.91203,2021-01-29
273,2018,2291,48724,35731,13019,79.7,4.03941,2.96224,1.07933,35731,13019,2.96224,1.07933,2021-01-30
386,2344,2730,51454,36117,15363,84.1,4.26574,2.99424,1.27365,36117,15363,2.99424,1.27365,2021-01-31
18,2096,2114,53568,36135,17459,85.8,4.441,2.99573,1.44742,36135,17459,2.99573,1.44742,2021-02-01
221,2282,2503,56071,36356,19741,73.3,4.6485,3.01405,1.63661,36356,19741,3.01405,1.63661,2021-02-02
26,2634,2659,58730,36382,22375,76.8,4.86895,3.01621,1.85497,36382,22375,3.01621,1.85497,2021-02-03
40,2703,2741,61471,36422,25078,80.3,5.09619,3.01953,2.07906,36422,25078,3.01953,2.07906,2021-02-04
89,2551,2640,64111,36511,27629,83.8,5.31505,3.0269,2.29055,36511,27629,3.0269,2.29055,2021-02-05
22,1138,1159,65270,36533,28767,85.3,5.41114,3.02873,2.3849,36533,28767,3.02873,2.3849,2021-02-06
388,1187,1574,66844,36921,29954,87.3,5.54163,3.06089,2.4833,36921,29954,3.06089,2.4833,2021-02-07
91,2271,2361,69205,37012,32225,90.4,5.73736,3.06844,2.67158,37012,32225,3.06844,2.67158,2021-02-08
1558,306,1863,71068,38570,32531,87.1,5.89181,3.1976,2.69695,38570,32531,3.1976,2.69695,2021-02-09
1284,94,1377,72445,39854,32625,78.6,6.00597,3.30405,2.70474,39854,32625,3.30405,2.70474,2021-02-10
1765,281,2042,74487,41619,32906,80.8,6.17526,3.45038,2.72804,41619,32906,3.45038,2.72804,2021-02-11
1149,57,1202,75689,42768,32963,82.1,6.27491,3.54563,2.73276,42768,32963,3.54563,2.73276,2021-02-12
563,8,569,76258,43331,32971,75.3,6.32208,3.59231,2.73342,43331,32971,3.59231,2.73342,2021-02-13
0,1,1,76259,43331,32972,75.3,6.32217,3.59231,2.73351,43331,32972,3.59231,2.73351,2021-02-14
2212,262,2468,78727,45543,33234,77.8,6.52677,3.77569,2.75523,45543,33234,3.77569,2.75523,2021-02-15
2403,122,2521,81248,47946,33356,80.3,6.73578,3.97491,2.76534,47946,33356,3.97491,2.76534,2021-02-16
1877,497,2370,83618,49823,33853,82.6,6.93226,4.13052,2.80655,49823,33853,4.13052,2.80655,2021-02-17
2831,440,3242,86860,52654,34293,73.8,7.20103,4.36522,2.84302,52654,34293,4.36522,2.84302,2021-02-18
2895,572,3448,90308,55549,34865,76.7,7.48688,4.60523,2.89044,55549,34865,4.60523,2.89044,2021-02-19
1939,151,2085,92393,57488,35016,72.2,7.65974,4.76598,2.90296,57488,35016,4.76598,2.90296,2021-02-20
423,384,805,93198,57911,35400,72.9,7.72648,4.80105,2.9348,57911,35400,4.80105,2.9348,2021-02-21
2083,429,2505,95703,59994,35829,74.8,7.93415,4.97374,2.97036,59994,35829,4.97374,2.97036,2021-02-22
2482,193,2664,98367,62476,36022,69.3,8.15501,5.1795,2.98636,62476,36022,5.1795,2.98636,2021-02-23
2515,29,2534,100901,64991,36051,71.1,8.36509,5.38801,2.98877,64991,36051,5.38801,2.98877,2021-02-24
3153,73,3185,104086,68144,36124,73.3,8.62913,5.6494,2.99482,68144,36124,5.6494,2.99482,2021-02-25
3662,273,3898,107984,71806,36397,76.0,8.95229,5.953,3.01745,71806,36397,5.953,3.01745,2021-02-26
3561,27,3562,111546,75367,36424,74.1,9.2476,6.24822,3.01969,75367,36424,6.24822,3.01969,2021-02-27
2300,430,2695,114241,77667,36854,73.2,9.47102,6.4389,3.05534,77667,36854,6.4389,3.05534,2021-02-28
2924,77,2977,117218,80591,36931,75.1,9.71783,6.68131,3.06172,80591,36931,6.68131,3.06172,2021-03-01
2737,1525,4238,121456,83328,38456,70.9,10.06918,6.90822,3.18815,83328,38456,6.90822,3.18815,2021-03-02
2386,1313,3666,125122,85714,39769,73.0,10.3731,7.10602,3.297,85714,39769,7.10602,3.297,2021-03-03
2806,699,3470,128592,88520,40468,75.0,10.66078,7.33865,3.35495,88520,40468,7.33865,3.35495,2021-03-04
2761,1103,3842,132434,91281,41571,77.3,10.97929,7.56755,3.4464,91281,41571,7.56755,3.4464,2021-03-05
3215,365,3544,135978,94496,41936,79.3,11.27311,7.83409,3.47666,94496,41936,7.83409,3.47666,2021-03-06
2562,62,2563,138541,97058,41998,80.8,11.48559,8.04649,3.4818,97058,41998,8.04649,3.4818,2021-03-07
2047,2120,4148,142689,99105,44118,83.2,11.82947,8.21619,3.65755,99105,44118,8.21619,3.65755,2021-03-08
1274,2786,4031,146720,100379,46904,78.0,12.16366,8.32181,3.88852,100379,46904,8.32181,3.88852,2021-03-09
1809,1864,3607,150327,102188,48768,74.7,12.46269,8.47178,4.04306,102188,48768,8.47178,4.04306,2021-03-10
1735,1780,3495,153822,103923,50548,76.3,12.75244,8.61562,4.19063,103923,50548,8.61562,4.19063,2021-03-11
2979,1438,4386,158208,106902,51986,78.4,13.11606,8.86259,4.30984,106902,51986,8.86259,4.30984,2021-03-12
1677,1293,2951,161159,108579,53279,77.9,13.36071,9.00162,4.41704,108579,53279,9.00162,4.41704,2021-03-13
1159,281,1412,162571,109738,53560,78.6,13.47777,9.09771,4.44033,109738,53560,9.09771,4.44033,2021-03-14
1647,2374,3985,166556,111385,55934,74.5,13.80814,9.23425,4.63715,111385,55934,9.23425,4.63715,2021-03-15
1116,2182,3205,169761,112501,58116,76.0,14.07385,9.32677,4.81804,112501,58116,9.32677,4.81804,2021-03-16
753,2511,3250,173011,113254,60627,77.4,14.34329,9.3892,5.02621,113254,60627,9.3892,5.02621,2021-03-17
1698,1701,3386,176397,114952,62328,78.9,14.624,9.52997,5.16723,114952,62328,9.52997,5.16723,2021-03-18
1373,1995,3345,179742,116325,64323,80.4,14.90131,9.6438,5.33263,116325,64323,9.6438,5.33263,2021-03-19
1318,2122,3422,183164,117643,66445,81.9,15.18501,9.75306,5.50855,117643,66445,9.75306,5.50855,2021-03-20
2274,471,2685,185849,119917,66916,83.1,15.40761,9.94159,5.5476,119917,66916,9.94159,5.5476,2021-03-21
1718,2002,3680,189529,121635,68918,76.5,15.71269,10.08401,5.71357,121635,68918,10.08401,5.71357,2021-03-22
1773,2178,3926,193455,123408,71096,78.0,16.03817,10.231,5.89414,123408,71096,10.231,5.89414,2021-03-23
2512,1529,3997,197452,125920,72625,79.5,16.36954,10.43926,6.0209,125920,72625,10.43926,6.0209,2021-03-24
3411,2222,5553,203005,129331,74847,80.0,16.8299,10.72204,6.20511,129331,74847,10.72204,6.20511,2021-03-25
4118,2240,6179,209184,133449,77087,82.3,17.34217,11.06344,6.39081,133449,77087,11.06344,6.39081,2021-03-26
3983,1468,5398,214582,137432,78555,84.3,17.78968,11.39365,6.51252,137432,78555,11.39365,6.51252,2021-03-27
4796,263,4955,219537,142228,78818,86.3,18.20047,11.79125,6.53432,142228,78818,11.79125,6.53432,2021-03-28
5458,1686,7059,226596,147686,80504,81.5,18.78569,12.24374,6.67409,147686,80504,12.24374,6.67409,2021-03-29
6431,1347,7636,234232,154117,81851,84.3,19.41874,12.7769,6.78577,154117,81851,12.7769,6.78577,2021-03-30
7313,984,8163,242395,161430,82835,87.2,20.09549,13.38318,6.86734,161430,82835,13.38318,6.86734,2021-03-31
5424,1107,6443,248838,166854,83942,89.5,20.62964,13.83285,6.95912,166854,83942,13.83285,6.95912,2021-04-01
4777,1980,6622,255460,171631,85922,88.3,21.17863,14.22888,7.12327,171631,85922,14.22888,7.12327,2021-04-02
2687,1410,4033,259493,174318,87332,82.5,21.51298,14.45164,7.24016,174318,87332,14.45164,7.24016,2021-04-03
2,4,6,259499,174320,87336,82.5,21.51348,14.45181,7.24049,174320,87336,14.45181,7.24049,2021-04-04
2897,88,2916,262415,177217,87424,83.4,21.75522,14.69198,7.24779,177217,87424,14.69198,7.24779,2021-04-05
5542,1314,6744,269159,182759,88738,76.9,22.31433,15.15143,7.35673,182759,88738,15.15143,7.35673,2021-04-06
7079,921,7872,277031,189838,89659,79.0,22.96695,15.73831,7.43308,189838,89659,15.73831,7.43308,2021-04-07
5554,2069,7484,284515,195392,91728,81.1,23.5874,16.19876,7.60461,195392,91728,16.19876,7.60461,2021-04-08
6906,1608,8325,292840,202298,93336,83.4,24.27758,16.77129,7.73792,202298,93336,16.77129,7.73792,2021-04-09
3833,1317,5064,297904,206131,94653,84.8,24.6974,17.08906,7.8471,206131,94653,17.08906,7.8471,2021-04-10
2530,1028,3437,301341,208661,95681,85.8,24.98234,17.29881,7.93233,208661,95681,17.29881,7.93233,2021-04-11
6159,1297,7297,308638,214820,96978,87.9,25.58729,17.80941,8.03985,214820,96978,17.80941,8.03985,2021-04-12
5812,1752,7426,316064,220632,98730,90.0,26.20294,18.29125,8.1851,220632,98730,18.29125,8.1851,2021-04-13
5545,1850,7270,323334,226177,100580,84.5,26.80565,18.75095,8.33847,226177,100580,18.75095,8.33847,2021-04-14
5257,1441,6535,329869,231434,102021,85.4,27.34742,19.18678,8.45794,231434,102021,19.18678,8.45794,2021-04-15
5121,2120,7100,336969,236555,104141,87.3,27.93604,19.61133,8.63369,236555,104141,19.61133,8.63369,2021-04-16
5992,1657,7480,344449,242547,105798,89.2,28.55616,20.10809,8.77107,242547,105798,20.10809,8.77107,2021-04-17
5661,650,6071,350520,248208,106448,90.8,29.05947,20.57741,8.82495,248208,106448,20.57741,8.82495,2021-04-18
3309,3534,6742,357262,251517,109982,90.1,29.61841,20.85174,9.11794,251517,109982,20.85174,9.11794,2021-04-19
3232,4068,7155,364417,254749,114050,91.9,30.21159,21.11968,9.45519,254749,114050,21.11968,9.45519,2021-04-20
4109,3775,7798,372215,258858,117825,85.3,30.85807,21.46034,9.76815,258858,117825,21.46034,9.76815,2021-04-21
3109,3775,6808,379023,261967,121600,86.1,31.42248,21.71808,10.08111,261967,121600,21.71808,10.08111,2021-04-22
3751,4132,7735,386758,265718,125732,87.9,32.06374,22.02906,10.42367,265718,125732,22.02906,10.42367,2021-04-23
5455,1494,6701,393459,271173,127226,89.4,32.61928,22.4813,10.54753,271173,127226,22.4813,10.54753,2021-04-24
2372,198,2386,395845,273545,127424,89.9,32.81709,22.67794,10.56395,273545,127424,22.67794,10.56395,2021-04-25
3897,1789,5557,401402,277442,129213,89.7,33.27779,23.00102,10.71226,277442,129213,23.00102,10.71226,2021-04-26
3660,4619,8165,409567,281102,133832,91.5,33.9547,23.30445,11.09519,281102,133832,23.30445,11.09519,2021-04-27
3849,3669,7371,416938,284951,137501,85.0,34.56578,23.62355,11.39937,284951,137501,23.62355,11.39937,2021-04-28
4205,2821,6823,423761,289156,140322,86.3,35.13144,23.97216,11.63324,289156,140322,23.97216,11.63324,2021-04-29
3772,3880,7453,431214,292928,144202,87.8,35.74932,24.28487,11.95491,292928,144202,24.28487,11.95491,2021-04-30
6171,1323,7221,438435,299099,145525,81.8,36.34797,24.79647,12.06459,299099,145525,24.79647,12.06459,2021-05-01
3959,3496,6934,445369,303058,149021,83.1,36.92282,25.12469,12.35442,303058,149021,25.12469,12.35442,2021-05-02
3466,3926,7270,452639,306524,152947,84.5,37.52553,25.41203,12.6799,306524,152947,25.41203,12.6799,2021-05-03
6235,3670,9624,462263,312759,156617,86.3,38.3234,25.92894,12.98416,312759,156617,25.92894,12.98416,2021-05-04
6332,4352,9821,472084,319091,160969,81.7,39.1376,26.45389,13.34496,319091,160969,26.45389,13.34496,2021-05-05
8006,4946,11998,484082,327097,165915,83.8,40.13228,27.11761,13.755,327097,165915,27.11761,13.755,2021-05-06
7394,4469,10996,495078,334491,170384,81.5,41.04389,27.73061,14.1255,334491,170384,27.73061,14.1255,2021-05-07
5556,5067,10351,505429,340047,175451,83.2,41.90203,28.19122,14.54557,340047,175451,28.19122,14.54557,2021-05-08
3517,4043,7397,512826,343564,179494,84.5,42.51527,28.48279,14.88075,343564,179494,28.48279,14.88075,2021-05-09
6471,1920,8017,520843,350035,181414,85.8,43.17991,29.01926,15.03993,350035,181414,29.01926,15.03993,2021-05-10
7380,2251,9203,530046,357415,183665,87.3,43.94288,29.63109,15.22654,357415,183665,29.63109,15.22654,2021-05-11
9783,2064,11235,541281,367198,185729,83.3,44.8743,30.44214,15.39766,367198,185729,30.44214,15.39766,2021-05-12
9151,2668,11238,552519,376349,188397,85.0,45.80598,31.2008,15.61884,376349,188397,31.2008,15.61884,2021-05-13
8241,3194,10947,563466,384590,191591,86.3,46.71352,31.88401,15.88364,384590,191591,31.88401,15.88364,2021-05-14
7984,6144,12697,576163,392574,197735,88.2,47.76615,32.54591,16.393,392574,197735,32.54591,16.393,2021-05-15
8628,3267,10040,586203,401202,201002,89.8,48.59851,33.26121,16.66385,401202,201002,33.26121,16.66385,2021-05-16
6361,2852,8863,595066,407563,203854,91.1,49.33329,33.78856,16.90029,407563,203854,33.78856,16.90029,2021-05-17
8782,2615,10891,605957,416345,206469,92.8,50.23619,34.51662,17.11708,416345,206469,34.51662,17.11708,2021-05-18
9769,2966,12163,618120,426114,209435,89.1,51.24455,35.32651,17.36298,426114,209435,35.32651,17.36298,2021-05-19
10220,3287,12761,630881,436334,212722,90.9,52.30249,36.17379,17.63548,436334,212722,36.17379,17.63548,2021-05-20
8284,3667,11410,642291,444618,216389,88.0,53.24842,36.86056,17.93949,444618,216389,36.86056,17.93949,2021-05-21
7376,5068,11619,653910,451994,221457,89.6,54.21168,37.47206,18.35965,451994,221457,37.47206,18.35965,2021-05-22
6144,5460,10304,664214,458138,226917,91.0,55.06593,37.98142,18.8123,458138,226917,37.98142,18.8123,2021-05-23
7840,4038,11501,675715,465978,230955,91.7,56.0194,38.63139,19.14707,465978,230955,38.63139,19.14707,2021-05-24
9647,4982,12979,688694,475625,235937,93.5,57.09541,39.43116,19.5601,475625,235937,39.43116,19.5601,2021-05-25
10025,5245,13556,702250,485650,241182,90.2,58.21926,40.26227,19.99493,485650,241182,40.26227,19.99493,2021-05-26
7627,6505,12885,715135,493277,247687,90.6,59.28747,40.89458,20.53422,493277,247687,40.89458,20.53422,2021-05-27
6519,4637,10674,725809,499796,252324,92.0,60.17239,41.43503,20.91864,499796,252324,41.43503,20.91864,2021-05-28
7063,5359,12067,737876,506859,257683,93.5,61.17279,42.02058,21.36292,506859,257683,42.02058,21.36292,2021-05-29
7494,4792,11092,748968,514353,262475,92.6,62.09236,42.64187,21.7602,514353,262475,42.64187,21.7602,2021-05-30
6744,4259,8980,757948,521097,266734,93.7,62.83684,43.20097,22.11329,521097,266734,43.20097,22.11329,2021-05-31
8027,3055,10160,768108,529124,269789,87.9,63.67914,43.86644,22.36656,529124,269789,43.86644,22.36656,2021-06-01
9159,1291,9440,777548,538283,271080,89.0,64.46175,44.62576,22.47359,538283,271080,44.62576,22.47359,2021-06-02
10369,2967,12515,790063,548652,274047,90.4,65.4993,45.48539,22.71956,548652,274047,45.48539,22.71956,2021-06-03
10739,3483,12199,802262,559391,277530,91.1,66.51064,46.37569,23.00832,559391,277530,46.37569,23.00832,2021-06-04
8806,2733,10369,812631,568197,280263,92.2,67.37027,47.10574,23.23489,568197,280263,47.10574,23.23489,2021-06-05
7965,2637,9534,822165,576162,282900,93.0,68.16068,47.76607,23.45351,576162,282900,47.76607,23.45351,2021-06-06
8231,2115,9234,831399,584393,285015,94.0,68.92621,48.44845,23.62885,584393,285015,48.44845,23.62885,2021-06-07
10063,1299,10570,841969,594456,286314,95.2,69.80251,49.28272,23.73654,594456,286314,49.28272,23.73654,2021-06-08
9927,2290,11331,853300,604383,288604,90.6,70.74189,50.1057,23.92639,604383,288604,50.1057,23.92639,2021-06-09
10116,2207,11615,864915,614499,290811,91.7,71.70482,50.94436,24.10936,614499,290811,50.94436,24.10936,2021-06-10
10130,1601,10972,875887,624629,292412,92.6,72.61444,51.78417,24.24209,624629,292412,51.78417,24.24209,2021-06-11
7108,1554,8275,884162,631737,293966,93.4,73.30047,52.37346,24.37093,631737,293966,52.37346,24.37093,2021-06-12
5451,3773,8784,892946,637188,297739,94.4,74.0287,52.82536,24.68372,637188,297739,52.82536,24.68372,2021-06-13
5488,5282,10338,903284,642676,303021,94.3,74.88576,53.28034,25.12162,642676,303021,53.28034,25.12162,2021-06-14
5667,6856,12205,915489,648343,309877,95.5,75.8976,53.75016,25.69001,648343,309877,53.75016,25.69001,2021-06-15
4161,8513,12216,927705,652504,318390,91.7,76.91035,54.09512,26.39577,652504,318390,54.09512,26.39577,2021-06-16
2407,9195,11460,939165,654911,327585,92.8,77.86043,54.29467,27.15807,654911,327585,54.29467,27.15807,2021-06-17
3685,7644,11021,950186,658596,335229,93.9,78.77412,54.60017,27.79179,658596,335229,54.60017,27.79179,2021-06-18
1430,7234,8592,958778,660026,342463,94.7,79.48643,54.71872,28.39152,660026,342463,54.71872,28.39152,2021-06-19
1598,5057,6541,965319,661624,347520,94.0,80.0287,54.8512,28.81076,661624,347520,54.8512,28.81076,2021-06-20
1979,7475,9243,974562,663603,354995,94.9,80.79498,55.01527,29.43047,663603,354995,55.01527,29.43047,2021-06-21
2507,9339,11628,986190,666110,364334,96.0,81.75899,55.22311,30.20471,666110,364334,55.22311,30.20471,2021-06-22
2150,10209,12121,998311,668260,374543,89.3,82.76387,55.40135,31.05107,668260,374543,55.40135,31.05107,2021-06-23
2012,9292,11158,1009469,670272,383835,90.3,83.68891,55.56816,31.82142,670272,383835,55.56816,31.82142,2021-06-24
2461,8772,11035,1020504,672733,392607,91.2,84.60375,55.77218,32.54865,672733,392607,55.77218,32.54865,2021-06-25
4243,6435,10428,1030932,676976,399042,91.1,85.46827,56.12394,33.08213,676976,399042,56.12394,33.08213,2021-06-26
3831,4133,7708,1038640,680807,403175,91.8,86.1073,56.44155,33.42478,680807,403175,56.44155,33.42478,2021-06-27
2238,8029,9965,1048605,683045,411204,92.7,86.93343,56.62709,34.09041,683045,411204,56.62709,34.09041,2021-06-28
1351,10186,11409,1060014,684396,421390,93.7,87.87929,56.73909,34.93487,684396,421390,56.73909,34.93487,2021-06-29
1563,11850,13225,1073239,685959,433240,89.2,88.97569,56.86867,35.91728,685959,433240,56.86867,35.91728,2021-06-30
2900,9790,12407,1085646,688859,443030,90.3,90.00428,57.10909,36.72891,688859,443030,57.10909,36.72891,2021-07-01
2309,9010,11121,1096767,691168,452040,90.3,90.92625,57.30052,37.47587,691168,452040,57.30052,37.47587,2021-07-02
1258,10359,11467,1108234,692426,462399,91.2,91.87691,57.40481,38.33468,692426,462399,57.40481,38.33468,2021-07-03
3152,6541,9377,1117611,695578,468940,88.2,92.6543,57.66612,38.87695,695578,468940,57.66612,38.87695,2021-07-04
1493,8609,9807,1127418,697071,477549,89.0,93.46734,57.7899,39.59067,697071,477549,57.7899,39.59067,2021-07-05
1468,9894,11233,1138651,698539,487443,89.9,94.3986,57.9116,40.41092,698539,487443,57.9116,40.41092,2021-07-06
1587,9918,11361,1150012,700126,497361,88.1,95.34047,58.04317,41.23316,700126,497361,58.04317,41.23316,2021-07-07
1548,11818,13161,1163173,701674,509179,89.1,96.43157,58.1715,42.21292,701674,509179,58.1715,42.21292,2021-07-08
2430,9965,11989,1175162,704104,519144,90.0,97.4255,58.37296,43.03906,704104,519144,58.37296,43.03906,2021-07-09
169,8678,8821,1183983,704273,527822,90.1,98.1568,58.38697,43.7585,704273,527822,58.38697,43.7585,2021-07-10
2702,4513,6896,1190879,706975,532335,90.6,98.7285,58.61098,44.13264,706975,532335,58.61098,44.13264,2021-07-11
1274,8937,10043,1200922,708249,541272,91.3,99.56111,58.7166,44.87355,708249,541272,58.7166,44.87355,2021-07-12
1336,10067,11099,1212021,709585,551339,92.2,100.48126,58.82736,45.70815,709585,551339,58.82736,45.70815,2021-07-13
1456,9616,10857,1222878,711041,560955,90.4,101.38134,58.94807,46.50535,711041,560955,58.94807,46.50535,2021-07-14
1192,9368,10090,1232968,712233,570323,91.1,102.21784,59.04689,47.282,712233,570323,59.04689,47.282,2021-07-15
1862,8138,9825,1242793,714095,578461,91.8,103.03238,59.20125,47.95667,714095,578461,59.20125,47.95667,2021-07-16
705,6823,7405,1250198,714800,585284,92.4,103.64628,59.2597,48.52232,714800,585284,59.2597,48.52232,2021-07-17
473,5089,5537,1255735,715273,590373,92.8,104.10532,59.29891,48.94422,715273,590373,59.29891,48.94422,2021-07-18
1023,8680,9506,1265241,716296,599053,93.5,104.8934,59.38373,49.66382,716296,599053,59.38373,49.66382,2021-07-19
2754,7034,9451,1274692,719050,606087,94.2,105.67693,59.61204,50.24697,719050,606087,59.61204,50.24697,2021-07-20
2314,6787,8675,1283367,721364,612874,92.2,106.39612,59.80388,50.80964,721364,612874,59.80388,50.80964,2021-07-21
3603,4521,7769,1291136,724967,617395,92.7,107.0402,60.10259,51.18445,724967,617395,60.10259,51.18445,2021-07-22
3480,6120,9092,1300228,728447,623515,93.4,107.79396,60.39109,51.69182,728447,623515,60.39109,51.69182,2021-07-23
3100,3288,6204,1306432,731547,626803,92.5,108.3083,60.64809,51.96441,731547,626803,60.64809,51.96441,2021-07-24
2035,2008,3929,1310361,733582,628811,92.7,108.63403,60.8168,52.13088,733582,628811,60.8168,52.13088,2021-07-25
1998,6812,8583,1318944,735580,635623,93.3,109.34559,60.98244,52.69562,735580,635623,60.98244,52.69562,2021-07-26
2895,6909,9560,1328504,738475,642532,94.0,110.13815,61.22245,53.2684,738475,642532,61.22245,53.2684,2021-07-27
4480,6526,10531,1339035,742955,649058,92.2,111.01121,61.59386,53.80943,742955,649058,61.59386,53.80943,2021-07-28
3533,6419,9627,1348662,746488,655477,92.8,111.80933,61.88676,54.34159,746488,655477,61.88676,54.34159,2021-07-29
3063,6355,9136,1357798,749551,661832,93.5,112.56674,62.14069,54.86845,749551,661832,62.14069,54.86845,2021-07-30
1367,6111,7382,1365180,750918,667943,94.0,113.17873,62.25402,55.37507,750918,667943,62.25402,55.37507,2021-07-31
1754,2137,3636,1368816,752672,670080,94.2,113.48017,62.39944,55.55224,752672,670080,62.39944,55.55224,2021-08-01
3139,6199,9066,1377882,755811,676279,94.8,114.23178,62.65967,56.06616,755811,676279,62.65967,56.06616,2021-08-02
5657,4965,10232,1388114,761468,681244,94.9,115.08005,63.12866,56.47778,761468,681244,63.12866,56.47778,2021-08-03
5005,4717,9392,1397506,766473,685961,93.0,115.85869,63.54359,56.86884,766473,685961,63.54359,56.86884,2021-08-04
3466,3914,7162,1404668,769939,689875,93.5,116.45244,63.83094,57.19332,769939,689875,63.83094,57.19332,2021-08-05
2531,4132,6471,1411139,772470,694007,93.9,116.98891,64.04077,57.53588,772470,694007,64.04077,57.53588,2021-08-06
2924,2082,4867,1416006,775394,696089,94.2,117.39241,64.28318,57.70849,775394,696089,64.28318,57.70849,2021-08-07
2026,2441,4364,1420370,777420,698530,93.9,117.7542,64.45114,57.91086,777420,698530,64.45114,57.91086,2021-08-08
2576,5486,7864,1428234,779996,704016,94.3,118.40616,64.6647,58.36567,779996,704016,64.6647,58.36567,2021-08-09
5695,2044,7359,1435593,785691,706060,94.8,119.01625,65.13684,58.53512,785691,706060,65.13684,58.53512,2021-08-10
5598,2735,7983,1443576,791289,708795,93.0,119.67807,65.60094,58.76186,791289,708795,65.60094,58.76186,2021-08-11
5517,2815,8021,1451597,796806,711610,93.5,120.34304,66.05832,58.99524,796806,711610,66.05832,58.99524,2021-08-12
2950,1184,3923,1455520,799756,712794,93.0,120.66827,66.30288,59.0934,799756,712794,66.30288,59.0934,2021-08-13
207,18,211,1455731,799963,712812,93.1,120.68576,66.32005,59.09489,799963,712812,66.32005,59.09489,2021-08-14
0,1,1,1455732,799963,712813,93.1,120.68585,66.32005,59.09497,799963,712813,66.32005,59.09497,2021-08-15
2961,2138,4846,1460578,802924,714951,93.4,121.0876,66.56552,59.27222,802924,714951,66.56552,59.27222,2021-08-16
3088,857,3703,1464281,806012,715808,92.9,121.39459,66.82153,59.34327,806012,715808,66.82153,59.34327,2021-08-17
3277,1730,4766,1469047,809289,717538,89.5,121.78971,67.09321,59.48669,809289,717538,67.09321,59.48669,2021-08-18
1931,3173,4946,1473993,811220,720711,89.8,122.19976,67.25329,59.74975,811220,720711,67.25329,59.74975,2021-08-19
3030,3599,6357,1480350,814250,724310,90.2,122.72678,67.50449,60.04812,814250,724310,67.50449,60.04812,2021-08-20
368,2616,2945,1483295,814618,726926,90.4,122.97093,67.535,60.26499,814618,726926,67.535,60.26499,2021-08-21
844,1291,2095,1485390,815462,728217,90.5,123.14461,67.60497,60.37202,815462,728217,67.60497,60.37202,2021-08-22
3038,2156,4830,1490220,818500,730373,90.8,123.54504,67.85683,60.55076,818500,730373,67.85683,60.55076,2021-08-23
898,5964,6715,1496935,819398,736337,89.5,124.10174,67.93128,61.0452,819398,736337,67.93128,61.0452,2021-08-24
3500,4843,7980,1504915,822898,741180,90.0,124.76331,68.22145,61.44671,822898,741180,68.22145,61.44671,2021-08-25
1735,6097,7583,1512498,824633,747277,86.9,125.39197,68.36528,61.95217,824633,747277,68.36528,61.95217,2021-08-26
1728,4810,6312,1518810,826361,752087,87.3,125.91526,68.50854,62.35094,826361,752087,68.50854,62.35094,2021-08-27
2007,1127,2973,1521783,828368,753214,87.4,126.16173,68.67493,62.44437,828368,753214,68.67493,62.44437,2021-08-28
1937,1374,3206,1524989,830305,754588,87.6,126.42752,68.83552,62.55828,830305,754588,68.83552,62.55828,2021-08-29
2806,4905,7464,1532453,833111,759493,88.0,127.04632,69.06814,62.96493,833111,759493,69.06814,62.96493,2021-08-30
1600,6237,7636,1540089,834711,765730,88.5,127.67937,69.20079,63.482,834711,765730,69.20079,63.482,2021-08-31
2405,6472,8660,1548749,837116,772202,88.2,128.39732,69.40017,64.01855,837116,772202,69.40017,64.01855,2021-09-01
2215,5069,7037,1555786,839331,777271,87.4,128.98071,69.58381,64.43879,839331,777271,69.58381,64.43879,2021-09-02
2372,2051,4132,1559918,841703,779322,87.6,129.32327,69.78045,64.60883,841703,779322,69.78045,64.60883,2021-09-03
1955,1284,3032,1562950,843658,780606,87.8,129.57464,69.94253,64.71527,843658,780606,69.94253,64.71527,2021-09-04
1433,1422,2761,1565711,845091,782028,87.9,129.80353,70.06133,64.83316,845091,782028,70.06133,64.83316,2021-09-05
906,3245,4030,1569741,845997,785273,88.2,130.13764,70.13644,65.10219,845997,785273,70.13644,65.10219,2021-09-06
1450,1969,3219,1572960,847447,787242,86.7,130.4045,70.25665,65.26543,847447,787242,70.25665,65.26543,2021-09-07
1782,1758,3348,1576308,849229,789000,85.0,130.68207,70.40439,65.41117,849229,789000,70.40439,65.41117,2021-09-08
2314,1991,4065,1580373,851543,790991,85.3,131.01907,70.59623,65.57623,851543,790991,70.59623,65.57623,2021-09-09
791,3342,4016,1584389,852334,794333,85.5,131.35201,70.66181,65.8533,852334,794333,70.66181,65.8533,2021-09-10
667,593,1206,1585595,853001,794926,85.5,131.452,70.7171,65.90246,853001,794926,70.7171,65.90246,2021-09-11
1550,943,2407,1588002,854551,795869,85.7,131.65154,70.8456,65.98064,854551,795869,70.8456,65.98064,2021-09-12
675,2061,2642,1590644,855226,797930,85.8,131.87058,70.90156,66.1515,855226,797930,70.90156,66.1515,2021-09-13
1075,3022,3970,1594614,856301,800952,86.0,132.19971,70.99068,66.40204,856301,800952,70.99068,66.40204,2021-09-14
2835,2510,5002,1599616,859136,803462,85.7,132.61439,71.22572,66.61013,859136,803462,71.22572,66.61013,2021-09-15
591,2574,3076,1602692,859727,806036,84.7,132.8694,71.27471,66.82352,859727,806036,71.27471,66.82352,2021-09-16
987,2948,3821,1606513,860714,808984,85.4,133.18618,71.35654,67.06792,860714,808984,71.35654,67.06792,2021-09-17
895,2079,2918,1609431,861609,811063,85.6,133.42809,71.43074,67.24028,861609,811063,71.43074,67.24028,2021-09-18
584,1577,2096,1611527,862193,812640,85.7,133.60186,71.47915,67.37102,862193,812640,71.47915,67.37102,2021-09-19
2095,1957,3835,1615362,864288,814597,85.9,133.9198,71.65284,67.53326,864288,814597,71.65284,67.53326,2021-09-20
2338,1697,3827,1619189,866626,816294,86.1,134.23707,71.84667,67.67395,866626,816294,71.84667,67.67395,2021-09-21
2702,3047,5505,1624694,869328,819341,84.9,134.69345,72.07067,67.92656,869328,819341,72.07067,67.92656,2021-09-22
1282,1595,2759,1627453,870610,820936,85.0,134.92219,72.17696,68.05879,870610,820936,72.17696,68.05879,2021-09-23
1714,1987,3628,1631081,872324,822923,85.2,135.22296,72.31905,68.22352,872324,822923,72.31905,68.22352,2021-09-24
3655,1481,5014,1636095,875979,824404,85.5,135.63864,72.62207,68.3463,875979,824404,72.62207,68.3463,2021-09-25
3137,660,3621,1639716,879116,825064,85.6,135.93884,72.88214,68.40102,879116,825064,72.88214,68.40102,2021-09-26
875,2149,2987,1642703,879991,827213,85.8,136.18647,72.95468,68.57918,879991,827213,72.95468,68.57918,2021-09-27
2395,1873,4101,1646804,882386,829086,86.0,136.52646,73.15323,68.73446,882386,829086,73.15323,68.73446,2021-09-28
2793,2401,5070,1651874,885179,831487,82.3,136.94678,73.38478,68.93351,885179,831487,73.38478,68.93351,2021-09-29
2331,2670,4879,1656753,887510,834157,82.5,137.35127,73.57803,69.15486,887510,834157,73.57803,69.15486,2021-09-30
2620,1709,4194,1660947,890130,835866,82.8,137.69897,73.79524,69.29654,890130,835866,73.79524,69.29654,2021-10-01
2790,713,3399,1664346,892920,836579,82.9,137.98076,74.02654,69.35565,892920,836579,74.02654,69.35565,2021-10-02
1395,1530,2868,1667214,894315,838109,83.1,138.21853,74.14219,69.4825,894315,838109,74.14219,69.4825,2021-10-03
1545,604,2073,1669287,895860,838713,83.2,138.39039,74.27028,69.53257,895860,838713,74.27028,69.53257,2021-10-04
1529,929,2375,1671662,897389,839642,83.3,138.58728,74.39704,69.60959,897389,839642,74.39704,69.60959,2021-10-05
1336,1549,2846,1674508,898725,841191,82.5,138.82323,74.5078,69.73801,898725,841191,74.5078,69.73801,2021-10-06
1252,797,1995,1676503,899977,841988,82.6,138.98862,74.6116,69.80408,899977,841988,74.6116,69.80408,2021-10-07
2137,745,2824,1679327,902114,842733,82.7,139.22274,74.78876,69.86584,902114,842733,74.78876,69.86584,2021-10-08
1197,1377,2523,1681850,903311,844110,82.8,139.43191,74.888,69.98,903311,844110,74.888,69.98,2021-10-09
904,2129,3010,1684860,904215,846239,83.0,139.68145,74.96294,70.15651,904215,846239,74.96294,70.15651,2021-10-10
1286,1811,3033,1687893,905501,848050,83.1,139.9329,75.06956,70.30664,905501,848050,75.06956,70.30664,2021-10-11
1203,1999,3110,1691003,906704,850049,83.3,140.19073,75.16929,70.47237,906704,850049,75.16929,70.47237,2021-10-12
1412,2634,3986,1694989,908116,852683,83.5,140.52118,75.28635,70.69074,908116,852683,75.28635,70.69074,2021-10-13
1752,953,2646,1697635,909868,853636,83.6,140.74055,75.4316,70.76975,909868,853636,75.4316,70.76975,2021-10-14
1828,936,2709,1700344,911696,854572,83.7,140.96513,75.58315,70.84734,911696,854572,75.58315,70.84734,2021-10-15
1182,2115,3245,1703589,912878,856687,83.9,141.23416,75.68114,71.02269,912878,856687,75.68114,71.02269,2021-10-16
1098,1501,2575,1706164,913976,858188,84.0,141.44763,75.77217,71.14712,913976,858188,75.77217,71.14712,2021-10-17
956,1080,2000,1708164,914932,859268,84.1,141.61344,75.85142,71.23666,914932,859268,75.85142,71.23666,2021-10-18
652,1978,2579,1710743,915584,861246,84.3,141.82725,75.90548,71.40064,915584,861246,75.90548,71.40064,2021-10-19
0,0,0,1710743,915584,861246,84.3,141.82725,75.90548,71.40064,915584,861246,75.90548,71.40064,2021-10-20
