delta_1d,delta_2d,delta_all,sum_doses,sum_1d,sum_2d,perc_doses,perc_inh_tot,perc_inh_1d,perc_inh_2d,sum_monotone_1d,sum_monotone_2d,perc_inh_monotone_1d,perc_inh_monotone_2d,date
0,0,0,0,0,0,0,0,0,0,0,0,0,0,2020-12-26
262,1,262,262,262,1,98.9,0.02172,0.02172,8e-05,262,1,0.02172,8e-05,2020-12-27
0,0,0,262,262,1,98.9,0.02172,0.02172,8e-05,262,1,0.02172,8e-05,2020-12-28
0,0,0,262,262,1,98.9,0.02172,0.02172,8e-05,262,1,0.02172,8e-05,2020-12-29
626,0,626,888,888,1,14.5,0.07362,0.07362,8e-05,888,1,0.07362,8e-05,2020-12-30
1048,1,1048,1936,1936,2,16.2,0.1605,0.1605,0.00017,1936,2,0.1605,0.00017,2020-12-31
0,0,0,1936,1936,2,16.2,0.1605,0.1605,0.00017,1936,2,0.1605,0.00017,2021-01-01
1217,0,1217,3153,3153,2,26.4,0.2614,0.2614,0.00017,3153,2,0.2614,0.00017,2021-01-02
313,0,313,3466,3466,2,29.0,0.28734,0.28734,0.00017,3466,2,0.28734,0.00017,2021-01-03
1507,0,1507,4973,4973,2,41.6,0.41228,0.41228,0.00017,4973,2,0.41228,0.00017,2021-01-04
1678,2,1678,6651,6651,4,35.4,0.55139,0.55139,0.00033,6651,4,0.55139,0.00033,2021-01-05
716,0,716,7367,7367,4,39.2,0.61075,0.61075,0.00033,7367,4,0.61075,0.00033,2021-01-06
2102,0,2102,9469,9469,4,40.0,0.78502,0.78502,0.00033,9469,4,0.78502,0.00033,2021-01-07
2323,0,2323,11792,11792,4,47.9,0.9776,0.9776,0.00033,11792,4,0.9776,0.00033,2021-01-08
2514,1,2514,14306,14306,5,58.1,1.18602,1.18602,0.00041,14306,5,1.18602,0.00041,2021-01-09
2942,0,2942,17248,17248,5,70.0,1.42993,1.42993,0.00041,17248,5,1.42993,0.00041,2021-01-10
1883,1,1883,19131,19131,6,71.9,1.58603,1.58603,0.0005,19131,6,1.58603,0.0005,2021-01-11
2258,0,2258,21389,21389,6,57.3,1.77323,1.77323,0.0005,21389,6,1.77323,0.0005,2021-01-12
2651,1,2651,24040,24040,7,64.4,1.99301,1.99301,0.00058,24040,7,1.99301,0.00058,2021-01-13
2587,3,2587,26627,26627,10,71.4,2.20748,2.20748,0.00083,26627,10,2.20748,0.00083,2021-01-14
2020,1,2020,28647,28647,11,76.8,2.37495,2.37495,0.00091,28647,11,2.37495,0.00091,2021-01-15
1231,0,1231,29878,29878,11,80.1,2.477,2.477,0.00091,29878,11,2.477,0.00091,2021-01-16
1715,2,1715,31593,31593,13,84.7,2.61918,2.61918,0.00108,31593,13,2.61918,0.00108,2021-01-17
1868,94,1962,33555,33461,107,84.6,2.78184,2.77405,0.00887,33461,107,2.77405,0.00887,2021-01-18
6,0,6,33561,33467,107,84.6,2.78234,2.77454,0.00887,33467,107,2.77454,0.00887,2021-01-19
13,735,748,34309,33480,842,86.5,2.84435,2.77562,0.06981,33480,842,2.77562,0.06981,2021-01-20
1,896,897,35206,33481,1738,79.4,2.91871,2.77571,0.14409,33481,1738,2.77571,0.14409,2021-01-21
0,89,89,35295,33481,1827,79.6,2.92609,2.77571,0.15147,33481,1827,2.77571,0.15147,2021-01-22
4,811,815,36110,33485,2638,81.4,2.99366,2.77604,0.2187,33485,2638,2.77604,0.2187,2021-01-23
1,305,306,36416,33486,2943,82.1,3.01903,2.77612,0.24399,33486,2943,2.77612,0.24399,2021-01-24
194,1392,1586,38002,33680,4335,85.7,3.15051,2.7922,0.35939,33680,4335,2.7922,0.35939,2021-01-25
217,1762,1978,39980,33897,6097,74.5,3.3145,2.81019,0.50547,33897,6097,2.81019,0.50547,2021-01-26
451,823,1272,41252,34348,6920,67.9,3.41995,2.84758,0.57369,34348,6920,2.84758,0.57369,2021-01-27
355,1891,2246,43498,34703,8811,71.6,3.60615,2.87701,0.73047,34703,8811,2.87701,0.73047,2021-01-28
265,2149,2414,45912,34968,10960,75.6,3.80628,2.89898,0.90863,34968,10960,2.89898,0.90863,2021-01-29
270,2011,2281,48193,35238,12971,79.4,3.99539,2.92137,1.07535,35238,12971,2.92137,1.07535,2021-01-30
385,2338,2723,50916,35623,15309,83.9,4.22113,2.95329,1.26918,35623,15309,2.95329,1.26918,2021-01-31
17,2087,2104,53020,35640,17396,85.5,4.39556,2.95469,1.4422,35640,17396,2.95469,1.4422,2021-02-01
218,2253,2471,55491,35858,19649,73.0,4.60042,2.97277,1.62898,35858,19649,2.97277,1.62898,2021-02-02
23,2627,2649,58140,35881,22276,76.4,4.82003,2.97467,1.84677,35881,22276,2.97467,1.84677,2021-02-03
35,2692,2727,60867,35916,24968,80.0,5.04611,2.97758,2.06994,35916,24968,2.97758,2.06994,2021-02-04
89,2524,2613,63480,36005,27492,83.5,5.26274,2.98495,2.27919,36005,27492,2.98495,2.27919,2021-02-05
22,1133,1154,64634,36027,28625,85.0,5.35841,2.98678,2.37312,36027,28625,2.98678,2.37312,2021-02-06
385,1182,1566,66200,36412,29807,87.0,5.48824,3.0187,2.47112,36412,29807,3.0187,2.47112,2021-02-07
91,2268,2358,68558,36503,32075,90.1,5.68372,3.02624,2.65914,36503,32075,3.02624,2.65914,2021-02-08
1556,287,1842,70400,38059,32362,86.9,5.83643,3.15524,2.68294,38059,32362,3.15524,2.68294,2021-02-09
1264,86,1350,71750,39323,32448,78.3,5.94835,3.26003,2.69007,39323,32448,3.26003,2.69007,2021-02-10
1739,196,1932,73682,41062,32644,80.5,6.10852,3.4042,2.70631,41062,32644,3.4042,2.70631,2021-02-11
1146,53,1195,74877,42208,32697,81.8,6.20759,3.49921,2.71071,42208,32697,3.49921,2.71071,2021-02-12
560,8,566,75443,42768,32705,75.0,6.25452,3.54563,2.71137,42768,32705,3.54563,2.71137,2021-02-13
0,1,1,75444,42768,32706,75.0,6.2546,3.54563,2.71145,42768,32706,3.54563,2.71145,2021-02-14
2205,260,2459,77903,44973,32966,77.4,6.45846,3.72844,2.73301,44973,32966,3.72844,2.73301,2021-02-15
2401,120,2517,80420,47374,33086,80.0,6.66713,3.92749,2.74296,47374,33086,3.92749,2.74296,2021-02-16
1876,487,2361,82781,49250,33573,82.3,6.86287,4.08302,2.78333,49250,33573,4.08302,2.78333,2021-02-17
2815,426,3223,86004,52065,33999,73.5,7.13007,4.31639,2.81865,52065,33999,4.31639,2.81865,2021-02-18
2836,442,3263,89267,54901,34441,76.3,7.40058,4.55151,2.85529,54901,34441,4.55151,2.85529,2021-02-19
1929,147,2073,91340,56830,34588,71.9,7.57244,4.71143,2.86748,56830,34588,4.71143,2.86748,2021-02-20
423,380,801,92141,57253,34968,72.5,7.63885,4.7465,2.89898,57253,34968,4.7465,2.89898,2021-02-21
2072,423,2490,94631,59325,35391,74.5,7.84528,4.91827,2.93405,59325,35391,4.91827,2.93405,2021-02-22
2465,188,2646,97277,61790,35579,68.9,8.06464,5.12263,2.94964,61790,35579,5.12263,2.94964,2021-02-23
2513,29,2531,99808,64303,35608,70.7,8.27447,5.33097,2.95204,64303,35608,5.33097,2.95204,2021-02-24
3144,60,3173,102981,67447,35668,73.0,8.53753,5.59162,2.95702,67447,35668,5.59162,2.95702,2021-02-25
3597,181,3745,106726,71044,35849,75.6,8.848,5.88982,2.97202,71044,35849,5.88982,2.97202,2021-02-26
3534,18,3535,110261,74578,35867,73.7,9.14107,6.18281,2.97351,74578,35867,6.18281,2.97351,2021-02-27
2296,423,2690,112951,76874,36290,72.8,9.36408,6.37315,3.00858,76874,36290,6.37315,3.00858,2021-02-28
2911,76,2964,115915,79785,36366,74.7,9.6098,6.61449,3.01488,79785,36366,6.61449,3.01488,2021-03-01
2722,1521,4222,120137,82507,37887,70.5,9.95982,6.84015,3.14098,82507,37887,6.84015,3.14098,2021-03-02
2373,1305,3649,123786,84880,39192,72.6,10.26234,7.03688,3.24917,84880,39192,7.03688,3.24917,2021-03-03
2794,690,3455,127241,87674,39882,74.7,10.54877,7.26852,3.30637,87674,39882,7.26852,3.30637,2021-03-04
2749,1109,3827,131068,90423,40991,76.9,10.86605,7.49642,3.39831,90423,40991,7.49642,3.39831,2021-03-05
3175,357,3500,134568,93598,41348,78.9,11.15621,7.75964,3.42791,93598,41348,7.75964,3.42791,2021-03-06
2549,59,2550,137118,96147,41407,80.4,11.36762,7.97096,3.4328,96147,41407,7.97096,3.4328,2021-03-07
2041,2105,4131,141249,98188,43512,82.8,11.71009,8.14017,3.60731,98188,43512,8.14017,3.60731,2021-03-08
1265,2778,4019,145268,99453,46290,77.7,12.04328,8.24504,3.83762,99453,46290,8.24504,3.83762,2021-03-09
1801,1853,3597,148865,101254,48143,74.3,12.34149,8.39435,3.99124,101254,48143,8.39435,3.99124,2021-03-10
1728,1769,3482,152347,102982,49912,76.0,12.63016,8.53761,4.1379,102982,49912,8.53761,4.1379,2021-03-11
2725,1407,4106,156453,105707,51319,78.0,12.97056,8.76352,4.25454,105707,51319,8.76352,4.25454,2021-03-12
1672,1287,2946,159399,107379,52606,77.5,13.2148,8.90214,4.36124,107379,52606,8.90214,4.36124,2021-03-13
1148,278,1400,160799,108527,52884,78.2,13.33086,8.99731,4.38429,108527,52884,8.99731,4.38429,2021-03-14
1631,2347,3955,164754,110158,55231,74.1,13.65875,9.13253,4.57886,110158,55231,9.13253,4.57886,2021-03-15
1106,2165,3189,167943,111264,57396,75.6,13.92313,9.22422,4.75835,111264,57396,9.22422,4.75835,2021-03-16
746,2503,3239,171182,112010,59899,77.0,14.19165,9.28606,4.96586,112010,59899,9.28606,4.96586,2021-03-17
1691,1694,3377,174559,113701,61593,78.6,14.47162,9.42626,5.1063,113701,61593,9.42626,5.1063,2021-03-18
1316,1952,3252,177811,115017,63545,80.0,14.74122,9.53536,5.26813,115017,63545,9.53536,5.26813,2021-03-19
1314,2106,3406,181217,116331,65651,81.5,15.02359,9.64429,5.44272,116331,65651,9.64429,5.44272,2021-03-20
2265,460,2675,183892,118596,66111,82.7,15.24536,9.83207,5.48086,118596,66111,9.83207,5.48086,2021-03-21
1710,1995,3666,187558,120306,68106,76.1,15.54929,9.97384,5.64625,120306,68106,9.97384,5.64625,2021-03-22
1756,2161,3899,191457,122062,70267,77.6,15.87253,10.11941,5.82541,122062,70267,10.11941,5.82541,2021-03-23
2499,1520,3982,195439,124561,71787,79.2,16.20265,10.32659,5.95142,124561,71787,10.32659,5.95142,2021-03-24
3400,2209,5539,200978,127961,73996,79.7,16.66186,10.60846,6.13456,127961,73996,10.60846,6.13456,2021-03-25
4001,2193,6020,206998,131962,76189,82.0,17.16094,10.94016,6.31636,131962,76189,10.94016,6.31636,2021-03-26
3970,1459,5381,212379,135932,77648,84.0,17.60705,11.26929,6.43732,135932,77648,11.26929,6.43732,2021-03-27
4785,254,4943,217322,140717,77902,86.0,18.01684,11.66599,6.45838,140717,77902,11.66599,6.45838,2021-03-28
5444,1663,7032,224354,146161,79565,81.2,18.59982,12.11732,6.59625,146161,79565,12.11732,6.59625,2021-03-29
6397,1276,7543,231897,152558,80841,83.9,19.22516,12.64765,6.70203,152558,80841,12.64765,6.70203,2021-03-30
7295,974,8145,240042,159853,81815,86.8,19.90042,13.25244,6.78278,159853,81815,13.25244,6.78278,2021-03-31
5410,1104,6426,246468,165263,82919,89.1,20.43316,13.70095,6.87431,165263,82919,13.70095,6.87431,2021-04-01
4760,1967,6599,253067,170023,84886,88.0,20.98024,14.09557,7.03738,170023,84886,14.09557,7.03738,2021-04-02
2683,1395,4020,257087,172706,86281,82.1,21.31351,14.318,7.15303,172706,86281,14.318,7.15303,2021-04-03
0,0,0,257087,172706,86281,82.1,21.31351,14.318,7.15303,172706,86281,14.318,7.15303,2021-04-04
2882,75,2897,259984,175588,86356,83.1,21.55369,14.55693,7.15925,175588,86356,14.55693,7.15925,2021-04-05
5531,1258,6684,266668,181119,87614,76.5,22.10781,15.01547,7.26354,181119,87614,15.01547,7.26354,2021-04-06
7065,905,7851,274519,188184,88519,78.7,22.75869,15.60119,7.33857,188184,88519,15.60119,7.33857,2021-04-07
5538,2062,7468,281987,193722,90581,80.8,23.37782,16.06031,7.50952,193722,90581,16.06031,7.50952,2021-04-08
6677,1427,7932,289919,200399,92008,83.0,24.03541,16.61386,7.62782,200399,92008,16.61386,7.62782,2021-04-09
3825,1305,5053,294972,204224,93313,84.5,24.45433,16.93096,7.73601,204224,93313,16.93096,7.73601,2021-04-10
2526,1018,3432,298404,206750,94331,85.5,24.73885,17.14038,7.82041,206750,94331,17.14038,7.82041,2021-04-11
6151,1288,7287,305691,212901,95619,87.6,25.34297,17.65032,7.92719,212901,95619,17.65032,7.92719,2021-04-12
5776,1734,7383,313074,218677,97353,89.7,25.95505,18.12917,8.07094,218677,97353,18.12917,8.07094,2021-04-13
5533,1841,7249,320323,224210,99194,84.1,26.55602,18.58788,8.22357,224210,99194,18.58788,8.22357,2021-04-14
5245,1427,6519,326842,229455,100621,85.1,27.09647,19.02271,8.34187,229455,100621,19.02271,8.34187,2021-04-15
5046,2061,6973,333815,234501,102682,86.9,27.67456,19.44105,8.51274,234501,102682,19.44105,8.51274,2021-04-16
5980,1647,7464,341279,240481,104329,88.9,28.29336,19.93681,8.64928,240481,104329,19.93681,8.64928,2021-04-17
5645,633,6052,347331,246126,104962,90.5,28.79509,20.4048,8.70176,246126,104962,20.4048,8.70176,2021-04-18
3304,3514,6726,354057,249430,108476,89.8,29.3527,20.67872,8.99308,249430,108476,20.67872,8.99308,2021-04-19
3222,4043,7138,361195,252652,112519,91.6,29.94447,20.94583,9.32826,252652,112519,20.94583,9.32826,2021-04-20
4096,3764,7779,368974,256748,116283,85.0,30.58938,21.28541,9.64031,256748,116283,21.28541,9.64031,2021-04-21
3104,3762,6795,375769,259852,120045,85.8,31.15271,21.54274,9.9522,259852,120045,21.54274,9.9522,2021-04-22
3616,4009,7488,383257,263468,124054,87.6,31.7735,21.84252,10.28456,263468,124054,21.84252,10.28456,2021-04-23
5442,1481,6687,389944,268910,125535,89.1,32.32787,22.29369,10.40734,268910,125535,22.29369,10.40734,2021-04-24
2367,194,2380,392324,271277,125729,89.6,32.52519,22.48992,10.42342,271277,125729,22.48992,10.42342,2021-04-25
3823,1771,5474,397798,275100,127500,89.4,32.979,22.80686,10.57025,275100,127500,22.80686,10.57025,2021-04-26
3650,4593,8142,405940,278750,132093,91.2,33.65401,23.10946,10.95102,278750,132093,23.10946,10.95102,2021-04-27
3821,3641,7327,413267,282571,135734,84.6,34.26144,23.42624,11.25288,282571,135734,23.42624,11.25288,2021-04-28
4198,2785,6793,420060,286769,138519,86.0,34.82461,23.77427,11.48376,286769,138519,23.77427,11.48376,2021-04-29
3745,3841,7404,427464,290514,142360,87.5,35.43843,24.08474,11.8022,290514,142360,24.08474,11.8022,2021-04-30
6159,1300,7204,434668,296673,143660,81.5,36.03567,24.59535,11.90997,296673,143660,24.59535,11.90997,2021-05-01
3943,3473,6902,441570,300616,147133,82.8,36.60787,24.92224,12.1979,300616,147133,24.92224,12.1979,2021-05-02
3461,3903,7249,448819,304077,151036,84.2,37.20884,25.20917,12.52147,304077,151036,25.20917,12.52147,2021-05-03
6220,3647,9606,458425,310297,154683,86.0,38.00522,25.72483,12.82382,310297,154683,25.72483,12.82382,2021-05-04
6318,4323,9794,468219,316615,159006,81.4,38.81718,26.24862,13.18222,316615,159006,26.24862,13.18222,2021-05-05
7982,4917,11956,480175,324597,163923,83.5,39.80838,26.91035,13.58985,324597,163923,26.91035,13.58985,2021-05-06
7366,4370,10902,491077,331963,168293,81.2,40.71219,27.52102,13.95214,331963,168293,27.52102,13.95214,2021-05-07
5543,5048,10331,501408,337506,173341,82.9,41.56867,27.98056,14.37064,337506,173341,27.98056,14.37064,2021-05-08
3506,4026,7380,508788,341012,177367,84.2,42.1805,28.27122,14.70441,341012,177367,28.27122,14.70441,2021-05-09
6461,1897,8004,516792,347473,179264,85.5,42.84407,28.80686,14.86168,347473,179264,28.80686,14.86168,2021-05-10
7336,2209,9143,525935,354809,181473,87.0,43.60206,29.41505,15.04482,354809,181473,29.41505,15.04482,2021-05-11
9751,1991,11173,537108,364560,183464,83.0,44.52834,30.22344,15.20988,364560,183464,30.22344,15.20988,2021-05-12
9130,2623,11201,548309,373690,186087,84.8,45.45695,30.98036,15.42734,373690,186087,30.98036,15.42734,2021-05-13
8221,3073,10826,559135,381911,189160,86.0,46.35447,31.66191,15.6821,381911,189160,31.66191,15.6821,2021-05-14
7985,6120,12688,571823,389896,195280,88.0,47.40635,32.3239,16.18947,389896,195280,32.3239,16.18947,2021-05-15
8614,3245,10017,581840,398510,198525,89.5,48.2368,33.03803,16.45849,398510,198525,33.03803,16.45849,2021-05-16
6346,2813,8839,590679,404856,201338,90.9,48.96959,33.56414,16.6917,404856,201338,33.56414,16.6917,2021-05-17
8758,2581,10849,601528,413614,203919,92.5,49.86901,34.29021,16.90568,413614,203919,34.29021,16.90568,2021-05-18
9748,2906,12105,613633,423362,206825,88.8,50.87256,35.09836,17.1466,423362,206825,35.09836,17.1466,2021-05-19
10195,3243,12719,626352,433557,210068,90.6,51.92702,35.94356,17.41545,433557,210068,35.94356,17.41545,2021-05-20
8249,3498,11235,637587,441806,213566,87.8,52.85844,36.62744,17.70545,441806,213566,36.62744,17.70545,2021-05-21
7354,5039,11595,649182,449160,218605,89.4,53.81971,37.23711,18.12321,449160,218605,37.23711,18.12321,2021-05-22
6130,5437,10284,659466,455290,224042,90.8,54.6723,37.74531,18.57395,455290,224042,37.74531,18.57395,2021-05-23
7824,3987,11458,670924,463114,228029,91.4,55.62221,38.39395,18.90449,463114,228029,38.39395,18.90449,2021-05-24
9625,4943,12942,683866,472739,232972,93.2,56.69515,39.1919,19.31429,472739,232972,39.1919,19.31429,2021-05-25
9995,5130,13438,697304,482734,238102,90.0,57.80921,40.02053,19.73958,482734,238102,40.02053,19.73958,2021-05-26
7610,6466,12846,710150,490344,244568,90.4,58.8742,40.65143,20.27564,490344,244568,40.65143,20.27564,2021-05-27
6510,4600,10644,720794,496854,249168,91.7,59.75663,41.19113,20.657,496854,249168,41.19113,20.657,2021-05-28
7045,5326,12035,732829,503899,254494,93.2,60.75438,41.77519,21.09854,503899,254494,41.77519,21.09854,2021-05-29
7481,4764,11069,743898,511380,259258,92.3,61.67204,42.39539,21.4935,511380,259258,42.39539,21.4935,2021-05-30
6726,4226,8949,752847,518106,263484,93.4,62.41395,42.953,21.84385,518106,263484,42.953,21.84385,2021-05-31
8002,2996,10127,762974,526108,266480,87.6,63.25351,43.6164,22.09223,526108,266480,43.6164,22.09223,2021-06-01
9144,1239,9426,772400,535252,267719,88.7,64.03497,44.37447,22.19495,535252,267719,44.37447,22.19495,2021-06-02
10326,2863,12447,784847,545578,270582,90.1,65.06687,45.23054,22.4323,545578,270582,45.23054,22.4323,2021-06-03
10694,3381,12139,796986,556272,273963,90.8,66.07324,46.11711,22.7126,556272,273963,46.11711,22.7126,2021-06-04
8780,2655,10331,807317,565052,276618,92.0,66.92972,46.84501,22.93271,565052,276618,46.84501,22.93271,2021-06-05
7929,2571,9495,816812,572981,279189,92.7,67.71689,47.50235,23.14585,572981,279189,47.50235,23.14585,2021-06-06
8215,2065,9211,826023,581196,281254,93.7,68.48052,48.18341,23.31705,581196,281254,48.18341,23.31705,2021-06-07
10048,1208,10512,836535,591244,282462,94.9,69.35201,49.01643,23.4172,591244,282462,49.01643,23.4172,2021-06-08
9948,2205,11343,847878,601192,284667,90.3,70.29239,49.84116,23.6,601192,284667,49.84116,23.6,2021-06-09
10093,2097,11557,859435,611285,286764,91.5,71.25051,50.67791,23.77385,611285,286764,50.67791,23.77385,2021-06-10
10080,1521,10916,870351,621365,288285,92.3,72.15548,51.51358,23.89995,621365,288285,51.51358,23.89995,2021-06-11
7058,1496,8219,878570,628423,289781,93.2,72.83687,52.09871,24.02397,628423,289781,52.09871,24.02397,2021-06-12
5368,3673,8696,887266,633791,293454,94.1,73.5578,52.54374,24.32848,633791,293454,52.54374,24.32848,2021-06-13
5469,5233,10300,897566,639260,298687,94.0,74.41171,52.99714,24.76231,639260,298687,52.99714,24.76231,2021-06-14
5619,6801,12153,909719,644879,305488,95.3,75.41924,53.46298,25.32614,644879,305488,53.46298,25.32614,2021-06-15
4159,8463,12188,921907,649038,313951,91.4,76.42968,53.80778,26.02776,649038,313951,53.80778,26.02776,2021-06-16
2390,9152,11426,933333,651428,323103,92.5,77.37694,54.00592,26.7865,651428,323103,54.00592,26.7865,2021-06-17
3654,7575,10955,944288,655082,330678,93.6,78.28515,54.30885,27.41449,655082,330678,54.30885,27.41449,2021-06-18
1409,7214,8554,952842,656491,337892,94.4,78.99431,54.42566,28.01256,656491,337892,54.42566,28.01256,2021-06-19
1581,5028,6517,959359,658072,342920,93.7,79.53459,54.55673,28.4294,658072,342920,54.55673,28.4294,2021-06-20
1958,7447,9207,968566,660030,350367,94.6,80.29789,54.71906,29.04679,660030,350367,54.71906,29.04679,2021-06-21
2496,9283,11596,980162,662526,359650,95.8,81.25924,54.92598,29.81638,662526,359650,54.92598,29.81638,2021-06-22
2137,10157,12082,992244,664663,369807,89.0,82.26089,55.10315,30.65844,664663,369807,55.10315,30.65844,2021-06-23
2001,9217,11095,1003339,666664,379024,90.0,83.18071,55.26904,31.42256,666664,379024,55.26904,31.42256,2021-06-24
2426,8573,10976,1014315,669090,387597,90.9,84.09066,55.47016,32.1333,669090,387597,55.47016,32.1333,2021-06-25
4186,6195,10352,1024667,673276,393792,90.8,84.94888,55.8172,32.64689,673276,393792,55.8172,32.64689,2021-06-26
3792,3852,7621,1032288,677068,397644,91.5,85.58069,56.13157,32.96623,677068,397644,56.13157,32.96623,2021-06-27
2204,7837,9909,1042197,679272,405481,92.4,86.40219,56.31429,33.61595,679272,405481,56.31429,33.61595,2021-06-28
1333,10155,11371,1053568,680605,415636,93.4,87.34489,56.4248,34.45784,680605,415636,56.4248,34.45784,2021-06-29
1554,11815,13182,1066750,682159,427451,88.9,88.43773,56.55364,35.43735,682159,427451,56.55364,35.43735,2021-06-30
2888,9746,12369,1079119,685047,437197,90.0,89.46316,56.79306,36.24533,685047,437197,56.79306,36.24533,2021-07-01
2305,8991,11104,1090223,687352,446188,90.0,90.38373,56.98416,36.99072,687352,446188,56.98416,36.99072,2021-07-02
1241,10322,11415,1101638,688593,456510,90.9,91.33008,57.08704,37.84646,688593,456510,57.08704,37.84646,2021-07-03
3143,6492,9335,1110973,691736,463002,87.9,92.10398,57.34761,38.38467,691736,463002,57.34761,38.38467,2021-07-04
1453,8370,9540,1120513,693189,471372,88.7,92.89489,57.46807,39.07857,693189,471372,57.46807,39.07857,2021-07-05
1464,9869,11214,1131727,694653,481241,89.6,93.82457,57.58944,39.89675,694653,481241,57.58944,39.89675,2021-07-06
1572,9867,11306,1143033,696225,491108,87.8,94.76188,57.71976,40.71476,696225,491108,57.71976,40.71476,2021-07-07
1534,11748,13084,1156117,697759,502856,88.8,95.8466,57.84694,41.68872,697759,502856,57.84694,41.68872,2021-07-08
2401,9924,11928,1168045,700160,512780,89.7,96.83548,58.04599,42.51146,700160,512780,58.04599,42.51146,2021-07-09
166,8651,8790,1176835,700326,521431,89.8,97.5642,58.05975,43.22866,700326,521431,58.05975,43.22866,2021-07-10
2678,4477,6853,1183688,703004,525908,90.3,98.13234,58.28177,43.59982,703004,525908,58.28177,43.59982,2021-07-11
1255,8914,10013,1193701,704259,534822,91.0,98.96246,58.38581,44.33882,704259,534822,58.38581,44.33882,2021-07-12
1309,10041,11057,1204758,705568,544863,91.9,99.87913,58.49433,45.17126,705568,544863,58.49433,45.17126,2021-07-13
1424,9653,10870,1215628,706992,554516,90.1,100.78029,58.61239,45.97153,706992,554516,58.61239,45.97153,2021-07-14
1181,9355,10070,1225698,708173,563871,90.8,101.61513,58.7103,46.7471,708173,563871,58.7103,46.7471,2021-07-15
1841,8109,9773,1235471,710014,571980,91.5,102.42535,58.86292,47.41937,710014,571980,58.86292,47.41937,2021-07-16
690,6791,7359,1242830,710704,578771,92.1,103.03544,58.92013,47.98237,710704,578771,58.92013,47.98237,2021-07-17
422,5018,5415,1248245,711126,583789,92.5,103.48437,58.95511,48.39838,711126,583789,58.95511,48.39838,2021-07-18
998,8615,9422,1257667,712124,592404,93.2,104.26549,59.03785,49.1126,712124,592404,59.03785,49.1126,2021-07-19
2685,6975,9334,1267001,714809,599379,93.9,105.03931,59.26045,49.69085,714809,599379,59.26045,49.69085,2021-07-20
2266,6735,8585,1275586,717075,606114,91.9,105.75104,59.44831,50.24921,717075,606114,59.44831,50.24921,2021-07-21
3517,4493,7658,1283244,720592,610607,92.4,106.38592,59.73988,50.6217,720592,610607,59.73988,50.6217,2021-07-22
3359,6071,8930,1292174,723951,616678,93.1,107.12625,60.01835,51.12501,723951,616678,60.01835,51.12501,2021-07-23
3037,3244,6103,1298277,726988,619922,92.1,107.63222,60.27013,51.39395,726988,619922,60.27013,51.39395,2021-07-24
2001,1958,3854,1302131,728989,621880,92.4,107.95173,60.43602,51.55627,728989,621880,60.43602,51.55627,2021-07-25
1917,6779,8474,1310605,730906,628659,93.0,108.65425,60.59495,52.11828,730906,628659,60.59495,52.11828,2021-07-26
2721,6868,9346,1319951,733627,635527,93.7,109.42907,60.82053,52.68766,733627,635527,60.82053,52.68766,2021-07-27
4198,6502,10223,1330174,737825,642029,91.8,110.2766,61.16856,53.2267,737825,642029,61.16856,53.2267,2021-07-28
3359,6388,9430,1339604,741184,648417,92.4,111.05838,61.44704,53.75629,741184,648417,61.44704,53.75629,2021-07-29
2919,6293,8930,1348534,744103,654710,93.1,111.79872,61.68903,54.27801,744103,654710,61.68903,54.27801,2021-07-30
1346,6075,7330,1355864,745449,660785,93.6,112.4064,61.80062,54.78165,745449,660785,61.80062,54.78165,2021-07-31
1600,2123,3470,1359334,747049,662908,93.8,112.69408,61.93327,54.95765,747049,662908,61.93327,54.95765,2021-08-01
2997,6175,8899,1368233,750046,669083,94.4,113.43184,62.18173,55.46958,750046,669083,62.18173,55.46958,2021-08-02
5331,4920,9866,1378099,755377,674003,94.4,114.24977,62.62369,55.87747,755377,674003,62.62369,55.87747,2021-08-03
4684,4692,9053,1387152,760061,678695,92.5,115.0003,63.01201,56.26646,760061,678695,63.01201,56.26646,2021-08-04
3227,3907,6908,1394060,763288,682602,93.0,115.573,63.27955,56.59036,763288,682602,63.27955,56.59036,2021-08-05
2458,4129,6387,1400447,765746,686731,93.4,116.10251,63.48332,56.93267,765746,686731,63.48332,56.93267,2021-08-06
2714,2059,4642,1405089,768460,688790,93.7,116.48735,63.70832,57.10337,768460,688790,63.70832,57.10337,2021-08-07
1908,2409,4219,1409308,770368,691199,93.4,116.83712,63.8665,57.30309,770368,691199,63.8665,57.30309,2021-08-08
2497,5443,7751,1417059,772865,696642,93.8,117.47971,64.07352,57.75433,772865,696642,64.07352,57.75433,2021-08-09
5449,2015,7086,1424145,778314,698657,94.3,118.06716,64.52526,57.92138,778314,698657,64.52526,57.92138,2021-08-10
5413,2702,7771,1431916,783727,701359,92.4,118.71141,64.97402,58.14539,783727,701359,64.97402,58.14539,2021-08-11
5271,2779,7742,1439658,788998,704138,92.9,119.35325,65.411,58.37578,788998,704138,65.411,58.37578,2021-08-12
2813,1166,3768,1443426,791811,705304,92.5,119.66563,65.64421,58.47245,791811,705304,65.64421,58.47245,2021-08-13
108,17,111,1443537,791919,705321,92.5,119.67483,65.65317,58.47386,791919,705321,65.65317,58.47386,2021-08-14
0,0,0,1443537,791919,705321,92.5,119.67483,65.65317,58.47386,791919,705321,65.65317,58.47386,2021-08-15
2810,2112,4666,1448203,794729,707433,92.8,120.06166,65.88613,58.64895,794729,707433,65.88613,58.64895,2021-08-16
2749,826,3337,1451540,797478,708259,92.3,120.33831,66.11403,58.71743,797478,708259,66.11403,58.71743,2021-08-17
679,70,692,1452232,798157,708329,88.7,120.39568,66.17032,58.72323,798157,708329,66.17032,58.72323,2021-08-18
0,0,0,1452232,798157,708329,88.7,120.39568,66.17032,58.72323,798157,708329,66.17032,58.72323,2021-08-19
