delta_1d,delta_2d,delta_all,sum_doses,sum_1d,sum_2d,perc_doses,perc_inh_tot,perc_inh_1d,perc_inh_2d,sum_monotone_1d,sum_monotone_2d,perc_inh_monotone_1d,perc_inh_monotone_2d,date
0,0,0,0,0,0,0,0,0,0,0,0,0,0,2020-12-26
265,0,265,265,265,0,100.0,0.02197,0.02197,0.0,265,0,0.02197,0.0,2020-12-27
2,0,2,267,267,0,100.0,0.02214,0.02214,0.0,267,0,0.02214,0.0,2020-12-28
0,0,0,267,267,0,100.0,0.02214,0.02214,0.0,267,0,0.02214,0.0,2020-12-29
639,0,639,906,906,0,14.8,0.07511,0.07511,0.0,906,0,0.07511,0.0,2020-12-30
1058,1,1058,1964,1964,1,16.4,0.16282,0.16282,8e-05,1964,1,0.16282,8e-05,2020-12-31
3,0,3,1967,1967,1,16.4,0.16307,0.16307,8e-05,1967,1,0.16307,8e-05,2021-01-01
1227,2,1227,3194,3194,3,26.7,0.2648,0.2648,0.00025,3194,3,0.2648,0.00025,2021-01-02
319,1,319,3513,3513,4,29.3,0.29124,0.29124,0.00033,3513,4,0.29124,0.00033,2021-01-03
1539,12,1539,5052,5052,16,42.1,0.41883,0.41883,0.00133,5052,16,0.41883,0.00133,2021-01-04
1689,4,1689,6741,6741,20,35.8,0.55886,0.55886,0.00166,6741,20,0.55886,0.00166,2021-01-05
727,2,727,7468,7468,22,39.6,0.61913,0.61913,0.00182,7468,22,0.61913,0.00182,2021-01-06
2123,5,2123,9591,9591,27,40.4,0.79513,0.79513,0.00224,9591,27,0.79513,0.00224,2021-01-07
2377,4,2377,11968,11968,31,48.4,0.99219,0.99219,0.00257,11968,31,0.99219,0.00257,2021-01-08
2566,4,2566,14534,14534,35,58.7,1.20493,1.20493,0.0029,14534,35,1.20493,0.0029,2021-01-09
2966,1,2966,17500,17500,36,70.7,1.45082,1.45082,0.00298,17500,36,1.45082,0.00298,2021-01-10
1920,2,1920,19420,19420,38,72.6,1.60999,1.60999,0.00315,19420,38,1.60999,0.00315,2021-01-11
2335,1,2335,21755,21755,39,58.0,1.80357,1.80357,0.00323,21755,39,1.80357,0.00323,2021-01-12
2676,5,2676,24431,24431,44,65.1,2.02542,2.02542,0.00365,24431,44,2.02542,0.00365,2021-01-13
2651,2,2651,27082,27082,46,72.1,2.2452,2.2452,0.00381,27082,46,2.2452,0.00381,2021-01-14
2045,4,2045,29127,29127,50,77.5,2.41474,2.41474,0.00415,29127,50,2.41474,0.00415,2021-01-15
1241,2,1241,30368,30368,52,80.8,2.51763,2.51763,0.00431,30368,52,2.51763,0.00431,2021-01-16
1723,3,1723,32091,32091,55,85.4,2.66047,2.66047,0.00456,32091,55,2.66047,0.00456,2021-01-17
1880,95,1975,34066,33971,150,85.3,2.8242,2.81633,0.01244,33971,150,2.81633,0.01244,2021-01-18
20,0,20,34086,33991,150,85.3,2.82586,2.81799,0.01244,33991,150,2.81799,0.01244,2021-01-19
26,746,772,34858,34017,896,87.2,2.88986,2.82014,0.07428,34017,896,2.82014,0.07428,2021-01-20
16,900,916,35774,34033,1796,80.1,2.9658,2.82147,0.1489,34033,1796,2.82147,0.1489,2021-01-21
259,96,355,36129,34292,1892,80.4,2.99523,2.84294,0.15685,34292,1892,2.84294,0.15685,2021-01-22
6,819,825,36954,34298,2711,82.3,3.06363,2.84344,0.22475,34298,2711,2.84344,0.22475,2021-01-23
3,308,311,37265,34301,3019,83.0,3.08941,2.84369,0.25029,34301,3019,2.84369,0.25029,2021-01-24
207,1407,1614,38879,34508,4426,86.5,3.22322,2.86085,0.36693,34508,4426,2.86085,0.36693,2021-01-25
221,1771,1990,40869,34729,6197,75.3,3.3882,2.87917,0.51376,34729,6197,2.87917,0.51376,2021-01-26
462,832,1293,42162,35191,7029,68.7,3.49539,2.91747,0.58273,35191,7029,2.91747,0.58273,2021-01-27
362,1900,2262,44424,35553,8929,72.4,3.68292,2.94748,0.74025,35553,8929,2.94748,0.74025,2021-01-28
323,2174,2497,46921,35876,11103,76.4,3.88993,2.97426,0.92048,35876,11103,2.97426,0.92048,2021-01-29
273,2031,2304,49225,36149,13134,80.2,4.08094,2.99689,1.08886,36149,13134,2.99689,1.08886,2021-01-30
389,2356,2745,51970,36538,15490,84.6,4.30852,3.02914,1.28418,36538,15490,3.02914,1.28418,2021-01-31
20,2102,2122,54092,36558,17592,86.3,4.48444,3.0308,1.45845,36558,17592,3.0308,1.45845,2021-02-01
222,2293,2515,56607,36780,19885,73.8,4.69294,3.04921,1.64854,36780,19885,3.04921,1.64854,2021-02-02
28,2644,2671,59278,36808,22529,77.2,4.91438,3.05153,1.86774,36808,22529,3.05153,1.86774,2021-02-03
49,2724,2770,62048,36857,25253,80.8,5.14402,3.05559,2.09357,36857,25253,3.05559,2.09357,2021-02-04
96,2572,2668,64716,36953,27825,84.2,5.36521,3.06355,2.3068,36953,27825,3.06355,2.3068,2021-02-05
23,1141,1163,65879,36976,28966,85.8,5.46163,3.06545,2.40139,36976,28966,3.06545,2.40139,2021-02-06
396,1194,1588,67467,37372,30160,87.8,5.59328,3.09828,2.50038,37372,30160,3.09828,2.50038,2021-02-07
94,2281,2374,69841,37466,32441,90.9,5.79009,3.10608,2.68949,37466,32441,3.10608,2.68949,2021-02-08
1574,321,1894,71735,39040,32762,87.6,5.94711,3.23657,2.7161,39040,32762,3.23657,2.7161,2021-02-09
1294,95,1388,73123,40334,32857,79.1,6.06218,3.34385,2.72397,40334,32857,3.34385,2.72397,2021-02-10
1781,305,2081,75204,42115,33162,81.3,6.2347,3.4915,2.74926,42115,33162,3.4915,2.74926,2021-02-11
1160,66,1222,76426,43275,33228,82.6,6.33601,3.58767,2.75473,43275,33228,3.58767,2.75473,2021-02-12
567,10,575,77001,43842,33238,75.8,6.38368,3.63467,2.75556,43842,33238,3.63467,2.75556,2021-02-13
0,1,1,77002,43842,33239,75.8,6.38377,3.63467,2.75564,43842,33239,3.63467,2.75564,2021-02-14
2226,264,2483,79485,46068,33503,78.3,6.58962,3.81922,2.77753,46068,33503,3.81922,2.77753,2021-02-15
2419,126,2542,82027,48487,33629,80.7,6.80036,4.01976,2.78797,48487,33629,4.01976,2.78797,2021-02-16
1890,501,2386,84413,50377,34130,83.1,6.99817,4.17645,2.82951,50377,34130,4.17645,2.82951,2021-02-17
2838,445,3253,87666,53215,34575,74.3,7.26785,4.41173,2.8664,53215,34575,4.41173,2.8664,2021-02-18
2909,650,3538,91204,56124,35225,77.1,7.56117,4.6529,2.92029,56124,35225,4.6529,2.92029,2021-02-19
1941,150,2086,93290,58065,35375,72.7,7.7341,4.81381,2.93273,58065,35375,4.81381,2.93273,2021-02-20
423,388,809,94099,58488,35763,73.3,7.80117,4.84888,2.96489,58488,35763,4.84888,2.96489,2021-02-21
2092,433,2517,96616,60580,36196,75.3,8.00984,5.02232,3.00079,60580,36196,5.02232,3.00079,2021-02-22
2483,194,2665,99281,63063,36390,69.7,8.23078,5.22817,3.01687,63063,36390,5.22817,3.01687,2021-02-23
2522,42,2553,101834,65585,36432,71.5,8.44243,5.43725,3.02035,65585,36432,5.43725,3.02035,2021-02-24
3161,81,3200,105034,68746,36513,73.8,8.70773,5.69931,3.02707,68746,36513,5.69931,3.02707,2021-02-25
3711,314,3986,109020,72457,36827,76.4,9.03818,6.00697,3.0531,72457,36827,6.00697,3.0531,2021-02-26
3569,28,3570,112590,76026,36855,74.5,9.33415,6.30285,3.05542,76026,36855,6.30285,3.05542,2021-02-27
2302,438,2705,115295,78328,37293,73.6,9.5584,6.4937,3.09173,78328,37293,6.4937,3.09173,2021-02-28
2934,83,2991,118286,81262,37376,75.5,9.80637,6.73694,3.09862,81262,37376,6.73694,3.09862,2021-03-01
2746,1542,4262,122548,84008,38918,71.3,10.15971,6.96459,3.22645,84008,38918,6.96459,3.22645,2021-03-02
2394,1328,3686,126234,86402,40246,73.4,10.46529,7.16306,3.33655,86402,40246,7.16306,3.33655,2021-03-03
2811,700,3477,129711,89213,40946,75.4,10.75355,7.3961,3.39458,89213,40946,7.3961,3.39458,2021-03-04
2766,1117,3860,133571,91979,42063,77.6,11.07356,7.62542,3.48719,91979,42063,7.62542,3.48719,2021-03-05
3224,371,3558,137129,95203,42434,79.7,11.36853,7.8927,3.51794,95203,42434,7.8927,3.51794,2021-03-06
2566,64,2568,139697,97769,42498,81.2,11.58142,8.10543,3.52325,97769,42498,8.10543,3.52325,2021-03-07
2058,2141,4174,143871,99827,44639,83.6,11.92747,8.27605,3.70075,99827,44639,8.27605,3.70075,2021-03-08
1279,2803,4053,147924,101106,47442,78.4,12.26348,8.38208,3.93313,101106,47442,8.38208,3.93313,2021-03-09
1818,1873,3622,151546,102924,49315,75.0,12.56375,8.5328,4.08841,102924,49315,8.5328,4.08841,2021-03-10
1741,1784,3502,155048,104665,51099,76.7,12.85408,8.67714,4.23631,104665,51099,8.67714,4.23631,2021-03-11
3057,1457,4480,159528,107722,52556,78.7,13.22549,8.93057,4.3571,107722,52556,8.93057,4.3571,2021-03-12
1680,1299,2960,162488,109402,53855,78.3,13.47089,9.06985,4.46479,109402,53855,9.06985,4.46479,2021-03-13
1162,282,1414,163902,110564,54137,78.9,13.58811,9.16619,4.48817,110564,54137,9.16619,4.48817,2021-03-14
1653,2384,4000,167902,112217,56521,74.9,13.91973,9.30323,4.68581,112217,56521,9.30323,4.68581,2021-03-15
1135,2196,3225,171127,113352,58717,76.3,14.18709,9.39732,4.86787,113352,58717,9.39732,4.86787,2021-03-16
772,2536,3281,174408,114124,61253,77.8,14.4591,9.46132,5.07811,114124,61253,9.46132,5.07811,2021-03-17
1703,1710,3393,177801,115827,62963,79.3,14.74039,9.60251,5.21988,115827,62963,9.60251,5.21988,2021-03-18
1413,2014,3401,181202,117240,64977,80.7,15.02235,9.71965,5.38685,117240,64977,9.71965,5.38685,2021-03-19
1331,2130,3440,184642,118571,67107,82.3,15.30754,9.83,5.56343,118571,67107,9.83,5.56343,2021-03-20
2275,471,2686,187328,120846,67578,83.4,15.53022,10.0186,5.60248,120846,67578,10.0186,5.60248,2021-03-21
1729,2012,3699,191027,122575,69590,76.8,15.83688,10.16194,5.76928,122575,69590,10.16194,5.76928,2021-03-22
1784,2184,3940,194967,124359,71774,78.4,16.16352,10.30985,5.95034,124359,71774,10.30985,5.95034,2021-03-23
2522,1535,4010,198977,126881,73309,79.9,16.49597,10.51893,6.0776,126881,73309,10.51893,6.0776,2021-03-24
3437,2233,5584,204561,130318,75542,80.4,16.9589,10.80387,6.26273,130318,75542,10.80387,6.26273,2021-03-25
4223,2307,6339,210900,134541,77849,82.7,17.48443,11.15397,6.45399,134541,77849,11.15397,6.45399,2021-03-26
3993,1470,5408,216308,138534,79319,84.7,17.93277,11.48501,6.57585,138534,79319,11.48501,6.57585,2021-03-27
4810,272,4970,221278,143344,79591,86.7,18.34481,11.88378,6.5984,143344,79591,11.88378,6.5984,2021-03-28
5489,1694,7094,228372,148833,81285,81.9,18.93293,12.33883,6.73884,148833,81285,12.33883,6.73884,2021-03-29
6465,1352,7659,236031,155298,82637,84.6,19.56789,12.87481,6.85093,155298,82637,12.87481,6.85093,2021-03-30
7337,995,8188,244219,162635,83632,87.5,20.24671,13.48307,6.93342,162635,83632,13.48307,6.93342,2021-03-31
5453,1121,6469,250688,168088,84753,89.8,20.78301,13.93515,7.02635,168088,84753,13.93515,7.02635,2021-04-01
4812,2005,6664,257352,172900,86758,88.6,21.33548,14.33408,7.19258,172900,86758,14.33408,7.19258,2021-04-02
2695,1418,4044,261396,175595,88176,82.8,21.67075,14.55751,7.31013,175595,88176,14.55751,7.31013,2021-04-03
6,4,10,261406,175601,88180,82.8,21.67157,14.55801,7.31047,175601,88180,14.55801,7.31047,2021-04-04
2916,94,2936,264342,178517,88274,83.7,21.91498,14.79975,7.31826,178517,88274,14.79975,7.31826,2021-04-05
5579,1339,6789,271131,184096,89613,77.2,22.47781,15.26227,7.42927,184096,89613,15.26227,7.42927,2021-04-06
7108,943,7909,279040,191204,90556,79.4,23.1335,15.85156,7.50744,191204,90556,15.85156,7.50744,2021-04-07
5597,2096,7530,286570,196801,92652,81.5,23.75777,16.31557,7.68121,196801,92652,16.31557,7.68121,2021-04-08
7077,1685,8558,295128,203878,94337,83.7,24.46726,16.90228,7.8209,203878,94337,16.90228,7.8209,2021-04-09
3845,1325,5079,300207,207723,95662,85.2,24.88833,17.22104,7.93075,207723,95662,17.22104,7.93075,2021-04-10
2542,1036,3451,303658,210265,96698,86.2,25.17443,17.43179,8.01664,210265,96698,17.43179,8.01664,2021-04-11
6174,1310,7317,310975,216439,98008,88.2,25.78104,17.94364,8.12524,216439,98008,17.94364,8.12524,2021-04-12
5866,1771,7485,318460,222305,99779,90.3,26.40157,18.42995,8.27207,222305,99779,18.42995,8.27207,2021-04-13
5559,1870,7293,325753,227864,101649,84.8,27.00619,18.89081,8.4271,227864,101649,18.89081,8.4271,2021-04-14
5282,1460,6564,332317,233146,103109,85.8,27.55037,19.32871,8.54814,233146,103109,19.32871,8.54814,2021-04-15
5181,2168,7200,339517,238327,105277,87.6,28.14728,19.75824,8.72787,238327,105277,19.75824,8.72787,2021-04-16
6040,1684,7532,347049,244367,106961,89.6,28.77171,20.25898,8.86748,244367,106961,20.25898,8.86748,2021-04-17
5678,670,6092,353141,250045,107631,91.1,29.27676,20.7297,8.92303,250045,107631,20.7297,8.92303,2021-04-18
3321,3555,6766,359907,253366,111186,90.4,29.83769,21.00503,9.21775,253366,111186,21.00503,9.21775,2021-04-19
3250,4084,7183,367090,256616,115270,92.2,30.43319,21.27446,9.55633,256616,115270,21.27446,9.55633,2021-04-20
4123,3789,7823,374913,260739,119059,85.6,31.08175,21.61628,9.87045,260739,119059,21.61628,9.87045,2021-04-21
3121,3789,6831,381744,263860,122848,86.5,31.64806,21.87502,10.18458,263860,122848,21.87502,10.18458,2021-04-22
3829,4221,7898,389642,267689,127069,88.2,32.30284,22.19246,10.53451,267689,127069,22.19246,10.53451,2021-04-23
5462,1502,6712,396354,273151,128571,89.7,32.85929,22.64528,10.65904,273151,128571,22.64528,10.65904,2021-04-24
2372,203,2388,398742,275523,128774,90.3,33.05726,22.84193,10.67587,275523,128774,22.84193,10.67587,2021-04-25
3945,1805,5616,404358,279468,130579,90.0,33.52285,23.16898,10.82551,279468,130579,23.16898,10.82551,2021-04-26
3670,4642,8192,412550,283138,135221,91.9,34.202,23.47324,11.21035,283138,135221,23.47324,11.21035,2021-04-27
3868,3688,7403,419953,287006,138909,85.3,34.81574,23.79391,11.5161,287006,138909,23.79391,11.5161,2021-04-28
4216,2848,6856,426809,291222,141757,86.7,35.38413,24.14344,11.75221,291222,141757,24.14344,11.75221,2021-04-29
3789,3909,7491,434300,295011,145666,88.2,36.00516,24.45756,12.07628,295011,145666,24.45756,12.07628,2021-04-30
6185,1336,7239,441539,301196,147002,82.2,36.6053,24.97032,12.18704,301196,147002,24.97032,12.18704,2021-05-01
3971,3511,6954,448493,305167,150513,83.5,37.18181,25.29953,12.47811,305167,150513,25.29953,12.47811,2021-05-02
3478,3946,7300,455793,308645,154459,84.8,37.78701,25.58787,12.80525,308645,154459,25.58787,12.80525,2021-05-03
6244,3694,9648,465441,314889,158153,86.6,38.58687,26.10552,13.1115,314889,158153,26.10552,13.1115,2021-05-04
6351,4369,9849,475290,321240,162522,82.0,39.40339,26.63205,13.47371,321240,162522,26.63205,13.47371,2021-05-05
8032,4966,12035,487325,329272,167488,84.1,40.40114,27.29793,13.88541,329272,167488,27.29793,13.88541,2021-05-06
7431,4632,11187,498512,336703,172120,81.8,41.32858,27.91399,14.26942,336703,172120,27.91399,14.26942,2021-05-07
5568,5077,10371,508883,342271,177197,83.5,42.18838,28.3756,14.69032,342271,177197,28.3756,14.69032,2021-05-08
3523,4051,7411,516294,345794,181248,84.8,42.80278,28.66767,15.02616,345794,181248,28.66767,15.02616,2021-05-09
6483,1929,8034,524328,352277,183177,86.1,43.46883,29.20513,15.18609,352277,183177,29.20513,15.18609,2021-05-10
7399,2271,9231,533559,359676,185448,87.6,44.23412,29.81854,15.37436,359676,185448,29.81854,15.37436,2021-05-11
9811,2097,11279,544838,369487,187545,83.6,45.16919,30.63191,15.54821,369487,187545,30.63191,15.54821,2021-05-12
9155,2678,11249,556087,378642,190223,85.3,46.10178,31.3909,15.77023,378642,190223,31.3909,15.77023,2021-05-13
8285,3271,11059,567146,386927,193494,86.6,47.01861,32.07775,16.04141,386927,193494,32.07775,16.04141,2021-05-14
7997,6171,12729,579875,394924,199665,88.5,48.07389,32.74074,16.55301,394924,199665,32.74074,16.55301,2021-05-15
8635,3274,10049,589924,403559,202939,90.1,48.907,33.45661,16.82443,403559,202939,33.45661,16.82443,2021-05-16
6378,2858,8882,598806,409937,205797,91.4,49.64335,33.98537,17.06137,409937,205797,33.98537,17.06137,2021-05-17
8804,2637,10928,609734,418741,208434,93.1,50.54932,34.71526,17.27999,418741,208434,34.71526,17.27999,2021-05-18
9785,2985,12195,621929,428526,211419,89.4,51.56033,35.52647,17.52746,428526,211419,35.52647,17.52746,2021-05-19
10241,3304,12792,634721,438767,214723,91.2,52.62084,36.37549,17.80137,438767,214723,36.37549,17.80137,2021-05-20
8323,3751,11517,646238,447090,218474,88.3,53.57564,37.0655,18.11234,447090,218474,37.0655,18.11234,2021-05-21
7385,5077,11633,657871,454475,223551,89.9,54.54007,37.67775,18.53325,454475,223551,37.67775,18.53325,2021-05-22
6155,5472,10317,668188,460630,229023,91.3,55.39539,38.18802,18.9869,460630,229023,38.18802,18.9869,2021-05-23
7860,4055,11532,679720,468490,233078,92.0,56.35143,38.83964,19.32307,468490,233078,38.83964,19.32307,2021-05-24
9668,4998,13010,692730,478158,238076,93.7,57.43001,39.64116,19.73743,478158,238076,39.64116,19.73743,2021-05-25
10049,5295,13622,706352,488207,243371,90.5,58.55933,40.47426,20.1764,488207,243371,40.47426,20.1764,2021-05-26
7653,6520,12923,719275,495860,249891,90.9,59.6307,41.10872,20.71694,495860,249891,41.10872,20.71694,2021-05-27
6531,4652,10696,729971,502391,254543,92.2,60.51744,41.65017,21.10261,502391,254543,41.65017,21.10261,2021-05-28
7066,5373,12080,742051,509457,259916,93.8,61.51892,42.23597,21.54805,509457,259916,42.23597,21.54805,2021-05-29
7506,4800,11107,753158,516963,264716,92.8,62.43973,42.85824,21.94599,516963,264716,42.85824,21.94599,2021-05-30
6764,4268,9004,762162,523727,268984,93.9,63.1862,43.41901,22.29982,523727,268984,43.41901,22.29982,2021-05-31
8044,3064,10183,772345,531771,272048,88.2,64.03041,44.08589,22.55384,531771,272048,44.08589,22.55384,2021-06-01
9170,1301,9454,781799,540941,273349,89.2,64.81418,44.84611,22.6617,540941,273349,44.84611,22.6617,2021-06-02
10382,2988,12545,794344,551323,276337,90.6,65.85421,45.70682,22.90941,551323,276337,45.70682,22.90941,2021-06-03
10755,3519,12247,806591,562078,279856,91.3,66.86953,46.59845,23.20115,562078,279856,46.59845,23.20115,2021-06-04
8822,2742,10391,816982,570900,282598,92.5,67.73099,47.32983,23.42847,570900,282598,47.32983,23.42847,2021-06-05
7976,2643,9548,826530,578876,285241,93.3,68.52255,47.99107,23.64759,578876,285241,47.99107,23.64759,2021-06-06
8241,2123,9246,835776,587117,287364,94.3,69.28908,48.67428,23.82359,587117,287364,48.67428,23.82359,2021-06-07
10074,1316,10589,846365,597191,288680,95.4,70.16695,49.50946,23.9327,597191,288680,49.50946,23.9327,2021-06-08
9935,2294,11343,857708,607126,290974,90.8,71.10733,50.33311,24.12288,607126,290974,50.33311,24.12288,2021-06-09
10126,2231,11647,869355,617252,293205,92.0,72.07291,51.17259,24.30784,617252,293205,51.17259,24.30784,2021-06-10
10136,1612,10984,880339,627388,294817,92.8,72.98353,52.01291,24.44148,627388,294817,52.01291,24.44148,2021-06-11
7147,1559,8317,888656,634535,296376,93.7,73.67304,52.60542,24.57072,634535,296376,52.60542,24.57072,2021-06-12
5456,3779,8790,897446,639991,300155,94.6,74.40177,53.05774,24.88402,639991,300155,53.05774,24.88402,2021-06-13
5493,5301,10356,907802,645484,305456,94.5,75.26032,53.51314,25.32349,645484,305456,53.51314,25.32349,2021-06-14
5669,6877,12226,920028,651153,312333,95.8,76.2739,53.98312,25.89362,651153,312333,53.98312,25.89362,2021-06-15
4170,8530,12237,932265,655323,320863,91.9,77.2884,54.32883,26.60079,655323,320863,54.32883,26.60079,2021-06-16
2411,9211,11477,943742,657734,330074,93.0,78.23988,54.52871,27.36442,657734,330074,54.52871,27.36442,2021-06-17
3690,7677,11057,954799,661424,337751,94.1,79.15655,54.83462,28.00087,661424,337751,54.83462,28.00087,2021-06-18
1434,7240,8600,963399,662858,344991,95.0,79.86953,54.95351,28.6011,662858,344991,54.95351,28.6011,2021-06-19
1607,5060,6552,969951,664465,350051,94.3,80.41271,55.08673,29.02059,664465,350051,55.08673,29.02059,2021-06-20
1990,7490,9267,979218,666455,357541,95.2,81.18098,55.25171,29.64154,666455,357541,55.25171,29.64154,2021-06-21
2514,9359,11651,990869,668969,366900,96.3,82.1469,55.46013,30.41744,668969,366900,55.46013,30.41744,2021-06-22
2152,10230,12142,1003011,671121,377130,89.5,83.15351,55.63854,31.26554,671121,377130,55.63854,31.26554,2021-06-23
2019,9315,11187,1014198,673140,386445,90.5,84.08096,55.80593,32.03779,673140,386445,55.80593,32.03779,2021-06-24
2472,8795,11067,1025265,675612,395240,91.5,84.99846,56.01086,32.76693,675612,395240,56.01086,32.76693,2021-06-25
4245,6444,10440,1035705,679857,401684,91.4,85.86397,56.36279,33.30117,679857,401684,56.36279,33.30117,2021-06-26
3834,4145,7721,1043426,683691,405829,92.0,86.50408,56.68064,33.6448,683691,405829,56.68064,33.6448,2021-06-27
2240,8048,9983,1053409,685931,413877,92.9,87.33171,56.86635,34.31201,685931,413877,56.86635,34.31201,2021-06-28
1355,10201,11425,1064834,687286,424078,93.9,88.27888,56.97868,35.15772,687286,424078,56.97868,35.15772,2021-06-29
1568,11872,13251,1078085,688854,435950,89.5,89.37744,57.10868,36.14195,688854,435950,57.10868,36.14195,2021-06-30
2901,9817,12431,1090516,691755,445767,90.5,90.40802,57.34918,36.95582,691755,445767,57.34918,36.95582,2021-07-01
2311,9019,11133,1101649,694066,454786,90.5,91.33099,57.54077,37.70353,694066,454786,57.54077,37.70353,2021-07-02
1263,10367,11479,1113128,695329,465153,91.4,92.28264,57.64548,38.56299,695329,465153,57.64548,38.56299,2021-07-03
3157,6554,9395,1122523,698486,471707,88.5,93.06152,57.90721,39.10635,698486,471707,57.90721,39.10635,2021-07-04
1501,8620,9823,1132346,699987,480327,89.2,93.87589,58.03165,39.82098,699987,480327,58.03165,39.82098,2021-07-05
1472,9910,11251,1143597,701459,490237,90.1,94.80864,58.15368,40.64255,701459,490237,58.15368,40.64255,2021-07-06
1588,9927,11370,1154967,703047,500164,88.3,95.75126,58.28533,41.46554,703047,500164,58.28533,41.46554,2021-07-07
1551,11829,13174,1168141,704598,511993,89.3,96.84343,58.41392,42.44621,704598,511993,58.41392,42.44621,2021-07-08
2434,9981,12009,1180150,707032,521974,90.2,97.83903,58.6157,43.27368,707032,521974,58.6157,43.27368,2021-07-09
172,8680,8826,1188976,707204,530654,90.3,98.57074,58.62996,43.99328,707204,530654,58.62996,43.99328,2021-07-10
2702,4517,6899,1195875,709906,535171,90.8,99.14269,58.85397,44.36776,709906,535171,58.85397,44.36776,2021-07-11
1275,8944,10048,1205923,711181,544115,91.6,99.97571,58.95967,45.10925,711181,544115,58.95967,45.10925,2021-07-12
1340,10075,11108,1217031,712521,554190,92.4,100.89661,59.07076,45.94451,712521,554190,59.07076,45.94451,2021-07-13
1468,9627,10876,1227907,713989,563817,90.6,101.79827,59.19247,46.74262,713989,563817,59.19247,46.74262,2021-07-14
1192,9364,10087,1237994,715181,573181,91.3,102.63452,59.29129,47.51894,715181,573181,59.29129,47.51894,2021-07-15
1865,8142,9831,1247825,717046,581323,92.0,103.44955,59.4459,48.19394,717046,581323,59.4459,48.19394,2021-07-16
704,6826,7407,1255232,717750,588149,92.6,104.06362,59.50427,48.75984,717750,588149,59.50427,48.75984,2021-07-17
478,5097,5548,1260780,718228,593246,93.0,104.52357,59.5439,49.1824,718228,593246,59.5439,49.1824,2021-07-18
1025,8683,9511,1270291,719253,601929,93.7,105.31207,59.62887,49.90226,719253,601929,59.62887,49.90226,2021-07-19
2761,7039,9458,1279749,722014,608968,94.4,106.09617,59.85777,50.48582,722014,608968,59.85777,50.48582,2021-07-20
2323,6796,8692,1288441,724337,615764,92.4,106.81677,60.05036,51.04923,724337,615764,60.05036,51.04923,2021-07-21
3629,4523,7797,1296238,727966,620287,93.0,107.46317,60.35121,51.42421,727966,620287,60.35121,51.42421,2021-07-22
3485,6126,9101,1305339,731451,626413,93.6,108.21768,60.64013,51.93208,731451,626413,60.64013,51.93208,2021-07-23
3103,3293,6212,1311551,734554,629706,92.7,108.73268,60.89738,52.20508,734554,629706,60.89738,52.20508,2021-07-24
2039,2019,3943,1315494,736593,631725,92.9,109.05957,61.06643,52.37246,736593,631725,61.06643,52.37246,2021-07-25
2001,6824,8597,1324091,738594,638549,93.6,109.7723,61.23232,52.9382,738594,638549,61.23232,52.9382,2021-07-26
2916,6918,9585,1333676,741510,645467,94.2,110.56693,61.47406,53.51173,741510,645467,61.47406,53.51173,2021-07-27
4511,6541,10570,1344246,746021,652008,92.4,111.44322,61.84804,54.054,746021,652008,61.84804,54.054,2021-07-28
3535,6418,9628,1353874,749556,658426,93.0,112.24142,62.14111,54.58608,749556,658426,62.14111,54.58608,2021-07-29
3073,6360,9150,1363024,752629,664786,93.7,112.99999,62.39587,55.11335,752629,664786,62.39587,55.11335,2021-07-30
1371,6114,7389,1370413,754000,670900,94.2,113.61257,62.50953,55.62022,754000,670900,62.50953,55.62022,2021-07-31
1763,2140,3647,1374060,755763,673040,94.4,113.91492,62.65569,55.79763,755763,673040,62.65569,55.79763,2021-08-01
3178,6207,9110,1383170,758941,679247,95.1,114.67018,62.91916,56.31222,758941,679247,62.91916,56.31222,2021-08-02
5673,4981,10254,1393424,764614,684228,95.1,115.52027,63.38948,56.72516,764614,684228,63.38948,56.72516,2021-08-03
5024,4727,9418,1402842,769638,688955,93.2,116.30106,63.80598,57.11705,769638,688955,63.80598,57.11705,2021-08-04
3468,3919,7167,1410009,773106,692874,93.7,116.89523,64.0935,57.44195,773106,692874,64.0935,57.44195,2021-08-05
2543,4144,6492,1416501,775649,697018,94.1,117.43344,64.30432,57.7855,775649,697018,64.30432,57.7855,2021-08-06
2930,2088,4878,1421379,778579,699106,94.4,117.83785,64.54723,57.95861,778579,699106,64.54723,57.95861,2021-08-07
2027,2443,4367,1425746,780606,701549,94.1,118.19989,64.71527,58.16114,780606,701549,64.71527,58.16114,2021-08-08
2584,5493,7874,1433620,783190,707042,94.5,118.85268,64.9295,58.61653,783190,707042,64.9295,58.61653,2021-08-09
5721,2051,7386,1441006,788911,709093,95.0,119.465,65.40379,58.78657,788911,709093,65.40379,58.78657,2021-08-10
5625,2750,8021,1449027,794536,711843,93.2,120.12998,65.87013,59.01455,794536,711843,65.87013,59.01455,2021-08-11
5542,2824,8046,1457073,800078,714667,93.7,120.79702,66.32958,59.24868,800078,714667,66.32958,59.24868,2021-08-12
2975,1192,3950,1461023,803053,715859,93.2,121.12449,66.57622,59.3475,803053,715859,66.57622,59.3475,2021-08-13
220,18,224,1461247,803273,715877,93.3,121.14306,66.59446,59.34899,803273,715877,66.59446,59.34899,2021-08-14
1,1,2,1461249,803274,715878,93.3,121.14323,66.59454,59.34907,803274,715878,66.59454,59.34907,2021-08-15
2971,2144,4856,1466105,806245,718022,93.6,121.54581,66.84085,59.52682,806245,718022,66.84085,59.52682,2021-08-16
3096,869,3712,1469817,809341,718891,93.1,121.85355,67.09752,59.59886,809341,718891,67.09752,59.59886,2021-08-17
3291,1742,4789,1474606,812632,720633,89.7,122.25058,67.37035,59.74328,812632,720633,67.37035,59.74328,2021-08-18
1937,3186,4954,1479560,814569,723819,90.0,122.66128,67.53094,60.00741,814569,723819,67.53094,60.00741,2021-08-19
3044,3619,6381,1485941,817613,727438,90.4,123.19029,67.7833,60.30744,817613,727438,67.7833,60.30744,2021-08-20
368,2619,2946,1488887,817981,730057,90.6,123.43453,67.81381,60.52457,817981,730057,67.81381,60.52457,2021-08-21
847,1294,2101,1490988,818828,731351,90.7,123.60871,67.88403,60.63184,818828,731351,67.88403,60.63184,2021-08-22
3043,2166,4835,1495823,821871,733517,91.0,124.00955,68.1363,60.81141,821871,733517,68.1363,60.81141,2021-08-23
915,6022,6782,1502605,822786,739539,89.7,124.5718,68.21216,61.31066,822786,739539,68.21216,61.31066,2021-08-24
3518,4868,8005,1510610,826304,744407,90.2,125.23545,68.50382,61.71424,826304,744407,68.50382,61.71424,2021-08-25
1747,6106,7599,1518209,828051,750513,87.1,125.86543,68.64865,62.22045,828051,750513,68.64865,62.22045,2021-08-26
1738,4836,6342,1524551,829789,755349,87.5,126.39121,68.79274,62.62137,829789,755349,68.79274,62.62137,2021-08-27
2021,1135,2987,1527538,831810,756484,87.6,126.63884,68.96029,62.71547,831810,756484,68.96029,62.71547,2021-08-28
1946,1381,3217,1530755,833756,757865,87.8,126.90555,69.12162,62.82996,833756,757865,69.12162,62.82996,2021-08-29
2820,4921,7485,1538240,836576,762786,88.2,127.52608,69.35541,63.23793,836576,762786,69.35541,63.23793,2021-08-30
1604,6248,7647,1545887,838180,769034,88.7,128.16005,69.48838,63.75591,838180,769034,69.48838,63.75591,2021-08-31
2426,6503,8703,1554590,840606,775537,88.4,128.88156,69.68951,64.29504,840606,775537,69.68951,64.29504,2021-09-01
2229,5099,7070,1561660,842835,780636,87.6,129.46769,69.8743,64.71776,842835,780636,69.8743,64.71776,2021-09-02
2395,2061,4157,1565817,845230,782697,87.8,129.81232,70.07286,64.88863,845230,782697,70.07286,64.88863,2021-09-03
1967,1296,3049,1568866,847197,783993,88.0,130.0651,70.23593,64.99607,847197,783993,70.23593,64.99607,2021-09-04
1437,1430,2769,1571635,848634,785423,88.1,130.29466,70.35506,65.11462,848634,785423,70.35506,65.11462,2021-09-05
935,3264,4065,1575700,849569,788687,88.4,130.63166,70.43258,65.38522,849569,788687,70.43258,65.38522,2021-09-06
1457,1992,3242,1578942,851026,790679,86.9,130.90044,70.55337,65.55037,851026,790679,70.55337,65.55037,2021-09-07
1813,1778,3393,1582335,852839,792457,85.3,131.18173,70.70367,65.69777,852839,792457,70.70367,65.69777,2021-09-08
2331,2013,4094,1586429,855170,794470,85.5,131.52114,70.89692,65.86465,855170,794470,70.89692,65.86465,2021-09-09
815,3376,4070,1590499,855985,797846,85.7,131.85856,70.96449,66.14454,855985,797846,70.96449,66.14454,2021-09-10
674,595,1215,1591714,856659,798441,85.8,131.95928,71.02036,66.19387,856659,798441,71.02036,66.19387,2021-09-11
1555,946,2414,1594128,858214,799387,85.9,132.15941,71.14928,66.27229,858214,799387,71.14928,66.27229,2021-09-12
679,2058,2640,1596768,858893,801445,86.0,132.37828,71.20557,66.44291,858893,801445,71.20557,66.44291,2021-09-13
1087,3012,3968,1600736,859980,804457,86.2,132.70724,71.29569,66.69262,859980,804457,71.29569,66.69262,2021-09-14
2879,2518,5042,1605778,862859,806975,85.9,133.12524,71.53437,66.90137,862859,806975,71.53437,66.90137,2021-09-15
604,2587,3098,1608876,863463,809562,84.9,133.38208,71.58444,67.11584,863463,809562,71.58444,67.11584,2021-09-16
1005,2966,3852,1612728,864468,812528,85.7,133.70143,71.66776,67.36173,864468,812528,71.66776,67.36173,2021-09-17
910,2082,2935,1615663,865378,814610,85.8,133.94475,71.7432,67.53434,865378,814610,71.7432,67.53434,2021-09-18
585,1581,2098,1617761,865963,816191,85.9,134.11868,71.7917,67.66541,865963,816191,71.7917,67.66541,2021-09-19
2107,1962,3845,1621606,868070,818153,86.1,134.43745,71.96638,67.82807,868070,818153,71.96638,67.82807,2021-09-20
2416,1704,3900,1625506,870486,819857,86.3,134.76077,72.16668,67.96934,870486,819857,72.16668,67.96934,2021-09-21
2747,3066,5562,1631068,873233,822923,85.1,135.22188,72.39441,68.22352,873233,822923,72.39441,68.22352,2021-09-22
1292,1596,2764,1633832,874525,824519,85.2,135.45103,72.50153,68.35583,874525,824519,72.50153,68.35583,2021-09-23
1738,2005,3668,1637500,876263,826524,85.4,135.75512,72.64561,68.52206,876263,826524,72.64561,68.52206,2021-09-24
3691,1486,5047,1642547,879954,828010,85.7,136.17354,72.95161,68.64525,879954,828010,72.95161,68.64525,2021-09-25
3179,672,3668,1646215,883133,828682,85.9,136.47763,73.21516,68.70096,883133,828682,73.21516,68.70096,2021-09-26
890,2132,2983,1649198,884023,830814,86.0,136.72493,73.28895,68.87771,884023,830814,73.28895,68.87771,2021-09-27
2473,1879,4176,1653374,886496,832693,86.2,137.07114,73.49397,69.03349,886496,832693,73.49397,69.03349,2021-09-28
2950,2434,5258,1658632,889446,835127,82.5,137.50705,73.73853,69.23528,889446,835127,73.73853,69.23528,2021-09-29
2381,2676,4932,1663564,891827,837803,82.8,137.91593,73.93593,69.45713,891827,837803,73.93593,69.45713,2021-09-30
2798,1722,4379,1667943,894625,839525,83.0,138.27896,74.16789,69.59989,894625,839525,74.16789,69.59989,2021-10-01
2936,728,3550,1671493,897561,840253,83.2,138.57327,74.4113,69.66024,897561,840253,74.4113,69.66024,2021-10-02
1420,1534,2893,1674386,898981,841787,83.3,138.81311,74.52902,69.78742,898981,841787,74.52902,69.78742,2021-10-03
1612,610,2143,1676529,900593,842397,83.4,138.99078,74.66266,69.83799,900593,842397,74.66266,69.83799,2021-10-04
1594,938,2443,1678972,902187,843335,83.5,139.19331,74.79481,69.91575,902187,843335,74.79481,69.91575,2021-10-05
1390,1567,2915,1681887,903577,844902,82.7,139.43498,74.91005,70.04566,903577,844902,74.91005,70.04566,2021-10-06
1287,807,2036,1683923,904864,845709,82.8,139.60377,75.01675,70.11257,904864,845709,75.01675,70.11257,2021-10-07
2220,762,2915,1686838,907084,846471,83.0,139.84543,75.20079,70.17574,907084,846471,75.20079,70.17574,2021-10-08
1253,1406,2603,1689441,908337,847877,83.1,140.06123,75.30467,70.2923,908337,847877,75.30467,70.2923,2021-10-09
916,2142,3032,1692473,909253,850019,83.2,140.3126,75.38061,70.46988,909253,850019,75.38061,70.46988,2021-10-10
1363,1862,3150,1695623,910616,851881,83.4,140.57374,75.49361,70.62425,910616,851881,75.49361,70.62425,2021-10-11
1235,2031,3156,1698779,911851,853912,83.6,140.83539,75.596,70.79263,911851,853912,75.596,70.79263,2021-10-12
1478,2671,4085,1702864,913329,856583,83.8,141.17405,75.71853,71.01406,913329,856583,75.71853,71.01406,2021-10-13
1798,959,2689,1705553,915127,857542,83.9,141.39698,75.86759,71.09357,915127,857542,75.86759,71.09357,2021-10-14
1870,971,2783,1708336,916997,858513,84.0,141.6277,76.02262,71.17407,916997,858513,76.02262,71.17407,2021-10-15
1214,2123,3284,1711620,918211,860636,84.2,141.89996,76.12326,71.35007,918211,860636,76.12326,71.35007,2021-10-16
1115,1519,2607,1714227,919326,862155,84.3,142.11609,76.2157,71.476,919326,862155,76.2157,71.476,2021-10-17
1000,1089,2047,1716274,920326,863244,84.4,142.28579,76.29861,71.56629,920326,863244,76.29861,71.56629,2021-10-18
719,2419,3079,1719353,921045,865663,84.6,142.54105,76.35821,71.76683,921045,865663,76.35821,71.76683,2021-10-19
1053,2255,3274,1722627,922098,867918,84.7,142.81248,76.44551,71.95378,922098,867918,76.44551,71.95378,2021-10-20
952,1690,2591,1725218,923050,869608,84.9,143.02729,76.52444,72.09389,923050,869608,76.52444,72.09389,2021-10-21
760,2150,2883,1728101,923810,871758,85.0,143.2663,76.58744,72.27213,923810,871758,76.58744,72.27213,2021-10-22
579,3209,3755,1731856,924389,874967,85.2,143.5776,76.63545,72.53817,924389,874967,76.63545,72.53817,2021-10-23
1051,2057,3071,1734927,925440,877024,85.3,143.8322,76.72258,72.7087,925440,877024,76.72258,72.7087,2021-10-24
384,1605,1967,1736894,925824,878629,85.4,143.99527,76.75441,72.84176,925824,878629,76.75441,72.84176,2021-10-25
789,1483,2223,1739117,926613,880112,85.5,144.17957,76.81982,72.96471,926613,880112,76.81982,72.96471,2021-10-26
754,1483,2198,1741315,927367,881595,85.6,144.36179,76.88233,73.08766,927367,881595,76.88233,73.08766,2021-10-27
192,602,786,1742101,927559,882197,85.7,144.42695,76.89825,73.13756,927559,882197,76.89825,73.13756,2021-10-28
845,1928,2728,1744829,928404,884125,85.8,144.65311,76.9683,73.2974,928404,884125,76.9683,73.2974,2021-10-29
594,1577,2139,1746968,928998,885702,85.9,144.83044,77.01755,73.42814,928998,885702,77.01755,73.42814,2021-10-30
254,622,858,1747826,929252,886324,86.0,144.90158,77.03861,73.47971,929252,886324,77.03861,73.47971,2021-10-31
0,1,1,1747827,929252,886325,86.0,144.90166,77.03861,73.47979,929252,886325,77.03861,73.47979,2021-11-01
341,1154,1478,1749305,929593,887479,86.0,145.02419,77.06688,73.57546,929593,887479,77.06688,73.57546,2021-11-02
183,1177,1354,1750659,929776,888656,86.1,145.13644,77.08205,73.67304,929776,888656,77.08205,73.67304,2021-11-03
389,1088,1466,1752125,930165,889744,86.2,145.25798,77.1143,73.76324,930165,889744,77.1143,73.76324,2021-11-04
297,1747,2028,1754153,930462,891491,86.3,145.42611,77.13892,73.90807,930462,891491,77.13892,73.90807,2021-11-05
195,1576,1770,1755923,930657,893067,86.4,145.57285,77.15509,74.03873,930657,893067,77.15509,74.03873,2021-11-06
16,778,794,1756717,930673,893845,86.4,145.63867,77.15641,74.10323,930673,893845,77.15641,74.10323,2021-11-07
333,529,850,1757567,931006,894374,86.4,145.70914,77.18402,74.14708,931006,894374,77.18402,74.14708,2021-11-08
377,384,745,1758312,931383,894758,86.5,145.77091,77.21527,74.17892,931383,894758,77.21527,74.17892,2021-11-09
765,966,1704,1760016,932148,895724,86.6,145.91217,77.2787,74.25901,932148,895724,77.2787,74.25901,2021-11-10
640,990,1620,1761636,932788,896714,86.6,146.04648,77.33175,74.34108,932788,896714,77.33175,74.34108,2021-11-11
156,1483,1636,1763272,932944,898197,86.7,146.18211,77.34469,74.46403,932944,898197,77.34469,74.46403,2021-11-12
424,719,1133,1764405,933368,898916,86.8,146.27604,77.37984,74.52363,933368,898916,77.37984,74.52363,2021-11-13
5,705,710,1765115,933373,899621,86.8,146.3349,77.38025,74.58208,933373,899621,77.38025,74.58208,2021-11-14
317,615,920,1766035,933690,900236,86.9,146.41117,77.40653,74.63307,933690,900236,77.40653,74.63307,2021-11-15
237,519,744,1766779,933927,900755,86.9,146.47285,77.42618,74.67609,933927,900755,77.42618,74.67609,2021-11-16
526,203,717,1767496,934453,900958,86.9,146.5323,77.46979,74.69292,934453,900958,77.46979,74.69292,2021-11-17
564,969,1525,1769021,935017,901927,87.0,146.65872,77.51655,74.77326,935017,901927,77.51655,74.77326,2021-11-18
300,671,969,1769990,935317,902598,87.1,146.73906,77.54142,74.82889,935317,902598,77.54142,74.82889,2021-11-19
181,477,655,1770645,935498,903075,87.1,146.79336,77.55642,74.86843,935498,903075,77.55642,74.86843,2021-11-20
145,897,1037,1771682,935643,903972,87.1,146.87933,77.56845,74.9428,935643,903972,77.56845,74.9428,2021-11-21
766,147,890,1772572,936409,904119,85.5,146.95312,77.63195,74.95498,936409,904119,77.63195,74.95498,2021-11-22
174,717,873,1773445,936583,904836,85.6,147.02549,77.64638,75.01443,936583,904836,77.64638,75.01443,2021-11-23
526,688,1152,1774597,937109,905524,85.6,147.121,77.68998,75.07146,937109,905524,77.68998,75.07146,2021-11-24
404,359,759,1775356,937513,905883,85.7,147.18392,77.72348,75.10123,937513,905883,77.72348,75.10123,2021-11-25
243,893,1129,1776485,937756,906776,85.7,147.27752,77.74362,75.17526,937756,906776,77.74362,75.17526,2021-11-26
774,562,1311,1777796,938530,907338,85.8,147.38621,77.80779,75.22185,938530,907338,77.80779,75.22185,2021-11-27
231,288,512,1778308,938761,907626,85.8,147.42865,77.82694,75.24573,938761,907626,77.82694,75.24573,2021-11-28
854,206,1050,1779358,939615,907832,85.9,147.5157,77.89774,75.26281,939615,907832,77.89774,75.26281,2021-11-29
443,533,954,1780312,940058,908365,85.9,147.59479,77.93447,75.30699,940058,908365,77.93447,75.30699,2021-11-30
1021,272,1276,1781588,941079,908637,83.7,147.70058,78.01911,75.32954,941079,908637,78.01911,75.32954,2021-12-01
925,417,1341,1782929,942004,909054,83.2,147.81175,78.0958,75.36411,942004,909054,78.0958,75.36411,2021-12-02
758,383,1128,1784057,942762,909437,83.2,147.90527,78.15864,75.39587,942762,909437,78.15864,75.39587,2021-12-03
259,174,428,1784485,943021,909611,83.2,147.94075,78.18011,75.41029,943021,909611,78.18011,75.41029,2021-12-04
700,51,741,1785226,943721,909662,83.3,148.00218,78.23814,75.41452,943721,909662,78.23814,75.41452,2021-12-05
940,284,1207,1786433,944661,909946,83.3,148.10225,78.31607,75.43806,944661,909946,78.31607,75.43806,2021-12-06
858,460,1287,1787720,945519,910406,83.4,148.20894,78.3872,75.4762,945519,910406,78.3872,75.4762,2021-12-07
1780,38,1795,1789515,947299,910444,83.5,148.35776,78.53477,75.47935,947299,910444,78.53477,75.47935,2021-12-08
835,1010,1840,1791355,948134,911454,83.6,148.5103,78.604,75.56308,948134,911454,78.604,75.56308,2021-12-09
956,265,1212,1792567,949090,911719,83.0,148.61078,78.68325,75.58505,949090,911719,78.68325,75.58505,2021-12-10
272,367,632,1793199,949362,912086,83.0,148.66317,78.7058,75.61548,949362,912086,78.7058,75.61548,2021-12-11
1035,46,1069,1794268,950397,912132,83.1,148.7518,78.79161,75.61929,950397,912132,78.79161,75.61929,2021-12-12
1641,432,2063,1796331,952038,912564,83.2,148.92283,78.92765,75.65511,952038,912564,78.92765,75.65511,2021-12-13
1356,233,1556,1797887,953394,912797,83.2,149.05183,79.04007,75.67442,953394,912797,79.04007,75.67442,2021-12-14
410,651,1057,1798944,953804,913448,81.0,149.13946,79.07406,75.72839,953804,913448,79.07406,75.72839,2021-12-15
581,466,1043,1799987,954385,913914,80.0,149.22593,79.12223,75.76703,954385,913914,79.12223,75.76703,2021-12-16
306,237,531,1800518,954691,914151,80.0,149.26995,79.1476,75.78668,954691,914151,79.1476,75.78668,2021-12-17
0,0,0,1800518,954691,914151,80.0,149.26995,79.1476,75.78668,954691,914151,79.1476,75.78668,2021-12-18
682,332,74163,1874681,955373,914483,93.1,155.41835,79.20414,75.8142,955373,914483,79.20414,75.8142,2021-12-19
682,333,74164,1948845,956055,914816,93.1,161.56683,79.26068,75.84181,956055,914816,79.26068,75.84181,2021-12-20
682,332,74163,2023008,956737,915148,93.1,167.71524,79.31722,75.86933,956737,915148,79.31722,75.86933,2021-12-21
682,333,74164,2097172,957419,915481,93.1,173.86372,79.37376,75.89694,957419,915481,79.37376,75.89694,2021-12-22
540,934,16380,2113552,957959,916415,92.1,175.22169,79.41853,75.97437,957959,916415,79.41853,75.97437,2021-12-23
710,690,11778,2125330,958669,917105,92.6,176.19813,79.47739,76.03157,958669,917105,79.47739,76.03157,2021-12-24
152,45,1394,2126724,958821,917150,92.6,176.3137,79.48999,76.0353,958821,917150,79.48999,76.0353,2021-12-25
4,4,133,2126857,958825,917154,92.6,176.32472,79.49032,76.03564,958825,917154,79.49032,76.03564,2021-12-26
628,246,3974,2130831,959453,917400,92.8,176.65418,79.54239,76.05603,959453,917400,79.54239,76.05603,2021-12-27
991,951,11722,2142553,960444,918351,93.3,177.62598,79.62454,76.13487,960444,918351,79.62454,76.13487,2021-12-28
692,614,10787,2153340,961136,918965,93.8,178.52027,79.68191,76.18577,961136,918965,79.68191,76.18577,2021-12-29
583,532,12398,2165738,961719,919497,94.3,179.54811,79.73025,76.22988,961719,919497,79.73025,76.22988,2021-12-30
963,1012,12686,2178424,962682,920509,94.9,180.59983,79.81008,76.31378,962682,920509,79.81008,76.31378,2021-12-31
17,29,1264,2179688,962699,920538,94.9,180.70462,79.81149,76.31618,962699,920538,79.81149,76.31618,2022-01-01
220,81,2959,2182647,962919,920619,95.1,180.94993,79.82973,76.3229,962919,920619,79.82973,76.3229,2022-01-02
981,219,8639,2191286,963900,920838,94.5,181.66614,79.91106,76.34105,963900,920838,79.91106,76.34105,2022-01-03
981,804,9896,2201182,964881,921642,95.0,182.48655,79.99239,76.40771,964881,921642,79.99239,76.40771,2022-01-04
944,954,11250,2212432,965825,922596,93.5,183.41922,80.07065,76.4868,965825,922596,80.07065,76.4868,2022-01-05
686,978,11137,2223569,966511,923574,94.0,184.34252,80.12752,76.56788,966511,923574,80.12752,76.56788,2022-01-06
484,544,6342,2229911,966995,924118,94.3,184.8683,80.16765,76.61298,966995,924118,80.16765,76.61298,2022-01-07
1133,849,11279,2241190,968128,924967,94.7,185.80337,80.26158,76.68336,968128,924967,80.26158,76.68336,2022-01-08
796,227,7402,2248592,968924,925194,95.0,186.41703,80.32757,76.70218,968924,925194,80.32757,76.70218,2022-01-09
1081,326,3106,2251698,970005,925520,95.2,186.67453,80.41719,76.72921,970005,925520,80.41719,76.72921,2022-01-10
730,1046,9725,2261423,970735,926566,95.6,187.48077,80.47771,76.81593,970735,926566,80.47771,76.81593,2022-01-11
899,1628,11488,2272911,971634,928194,93.7,188.43317,80.55224,76.95089,971634,928194,80.55224,76.95089,2022-01-12
886,503,12546,2285457,972520,928697,93.5,189.47328,80.62569,76.9926,972520,928697,80.62569,76.9926,2022-01-13
877,840,12494,2297951,973397,929537,94.0,190.50908,80.6984,77.06223,973397,929537,80.6984,77.06223,2022-01-14
1379,770,12849,2310800,974776,930307,94.5,191.57431,80.81272,77.12607,974776,930307,80.81272,77.12607,2022-01-15
634,247,4396,2315196,975410,930554,94.7,191.93876,80.86528,77.14655,975410,930554,80.86528,77.14655,2022-01-16
2093,887,15069,2330265,977503,931441,95.3,193.18804,81.0388,77.22008,977503,931441,81.0388,77.22008,2022-01-17
11566,10596,40873,2371138,989069,942037,97.0,196.57657,81.99767,78.09853,989069,942037,81.99767,78.09853,2022-01-18
1267,1059,14850,2385988,990336,943096,95.8,197.80769,82.10271,78.18633,990336,943096,82.10271,78.18633,2022-01-19
1221,892,30187,2416175,991557,943988,96.4,200.31031,82.20393,78.26028,991557,943988,82.20393,78.26028,2022-01-20
1050,664,13406,2429581,992607,944652,96.9,201.42172,82.29098,78.31533,992607,944652,82.29098,78.31533,2022-01-21
603,549,12221,2441802,993210,945201,97.4,202.43489,82.34097,78.36084,993210,945201,82.34097,78.36084,2022-01-22
1742,709,9821,2451623,994952,945910,97.8,203.24909,82.48539,78.41962,994952,945910,82.48539,78.41962,2022-01-23
1096,817,10010,2461633,996048,946727,98.2,204.07895,82.57625,78.48735,996048,946727,82.57625,78.48735,2022-01-24
773,1092,11360,2472993,996821,947819,98.7,205.02074,82.64034,78.57788,996821,947819,82.64034,78.57788,2022-01-25
680,910,11280,2484273,997501,948729,98.5,205.9559,82.69671,78.65333,997501,948729,82.69671,78.65333,2022-01-26
890,876,11680,2495953,998391,949605,98.2,206.92422,82.7705,78.72595,998391,949605,82.7705,78.72595,2022-01-27
601,728,9318,2505271,998992,950333,97.8,207.69671,82.82032,78.7863,998992,950333,82.82032,78.7863,2022-01-28
891,791,10463,2515734,999883,951124,98.2,208.56414,82.89419,78.85188,999883,951124,82.89419,78.85188,2022-01-29
1300,1238,10441,2526175,1001183,952362,98.6,209.42974,83.00197,78.95452,1001183,952362,83.00197,78.95452,2022-01-30
557,578,7031,2533206,1001740,952940,98.9,210.01263,83.04814,79.00243,1001740,952940,83.04814,79.00243,2022-01-31
705,779,8552,2541758,1002445,953719,99.2,210.72163,83.10659,79.06702,1002445,953719,83.10659,79.06702,2022-02-01
7533,7132,24598,2566356,1009978,960851,98.5,212.7609,83.73111,79.65829,1009978,960851,83.73111,79.65829,2022-02-02
354,898,8356,2574712,1010332,961749,98.1,213.45364,83.76045,79.73273,1010332,961749,83.76045,79.73273,2022-02-03
0,0,0,2574712,1010332,961749,98.1,213.45364,83.76045,79.73273,1010332,961749,83.76045,79.73273,2022-02-04
152569,143228,304740,2879452,1162901,1104977,109.7,238.71778,96.40902,91.60689,1162901,1104977,96.40902,91.60689,2022-02-05
682,1487,6456,2885908,1163583,1106464,109.9,239.253,96.46556,91.73017,1163583,1106464,96.46556,91.73017,2022-02-06
-4217,-3918,-4289,2881619,1159366,1102546,109.8,238.89743,96.11595,91.40535,1159366,1102546,96.11595,91.40535,2022-02-07
723,725,4880,2886499,1160089,1103271,109.9,239.302,96.17589,91.46546,1160089,1103271,96.17589,91.46546,2022-02-08
327,601,2647,2889146,1160416,1103872,107.8,239.52145,96.203,91.51528,1160416,1103872,96.203,91.51528,2022-02-09
-151711,-140598,-283945,2605201,1008705,963274,97.2,215.9813,83.62557,79.85916,1008705,963274,83.62557,79.85916,2022-02-10
274,971,5165,2610366,1008979,964245,97.4,216.4095,83.64829,79.93966,1008979,964245,83.64829,79.93966,2022-02-11
450,1206,5079,2615445,1009429,965451,97.6,216.83057,83.68559,80.03964,1009429,965451,83.68559,80.03964,2022-02-12
123,1674,3353,2618798,1009552,967125,97.7,217.10854,83.69579,80.17843,1009552,967125,83.69579,80.17843,2022-02-13
148,1002,3053,2621851,1009700,968127,97.8,217.36165,83.70806,80.2615,1009700,968127,83.70806,80.2615,2022-02-14
361,1021,3761,2625612,1010061,969148,98.0,217.67345,83.73799,80.34614,1010061,969148,83.73799,80.34614,2022-02-15
685,1222,4949,2630561,1010746,970370,83.9,218.08374,83.79478,80.44745,1010746,970370,83.79478,80.44745,2022-02-16
283,1011,2811,2633372,1011029,971381,97.2,218.31679,83.81824,80.53126,1011029,971381,83.81824,80.53126,2022-02-17
162,690,2935,2636307,1011191,972071,97.3,218.56011,83.83167,80.58847,1011191,972071,83.83167,80.58847,2022-02-18
129,1032,3210,2639517,1011320,973103,97.4,218.82623,83.84236,80.67403,1011320,973103,83.84236,80.67403,2022-02-19
145,534,1899,2641416,1011465,973637,97.5,218.98366,83.85438,80.7183,1011465,973637,83.85438,80.7183,2022-02-20
79,700,1214,2642630,1011544,974337,97.6,219.08431,83.86093,80.77633,1011544,974337,83.86093,80.77633,2022-02-21
221,664,7690,2650320,1011765,975001,97.8,219.72184,83.87926,80.83138,1011765,975001,83.87926,80.83138,2022-02-22
214,1004,3190,2653510,1011979,976005,96.7,219.9863,83.897,80.91461,1011979,976005,83.897,80.91461,2022-02-23
298,808,2940,2656450,1012277,976813,96.8,220.23004,83.9217,80.9816,1012277,976813,83.9217,80.9816,2022-02-24
91,1154,2712,2659162,1012368,977967,96.9,220.45488,83.92925,81.07727,1012368,977967,83.92925,81.07727,2022-02-25
111,1006,2822,2661984,1012479,978973,97.0,220.68883,83.93845,81.16067,1012479,978973,83.93845,81.16067,2022-02-26
13,123,476,2662460,1012492,979096,97.0,220.72829,83.93953,81.17087,1012492,979096,83.93953,81.17087,2022-02-27
61,1079,2946,2665406,1012553,980175,97.1,220.97253,83.94458,81.26032,1012553,980175,83.94458,81.26032,2022-02-28
113,973,2430,2667836,1012666,981148,96.5,221.17399,83.95395,81.34099,1012666,981148,83.95395,81.34099,2022-03-01
171,1054,2697,2670533,1012837,982202,95.2,221.39758,83.96813,81.42837,1012837,982202,83.96813,81.42837,2022-03-02
184,577,2247,2672780,1013021,982779,95.2,221.58386,83.98338,81.4762,1013021,982779,83.98338,81.4762,2022-03-03
226,642,2898,2675678,1013247,983421,95.3,221.82412,84.00212,81.52943,1013247,983421,84.00212,81.52943,2022-03-04
-12198,-11066,-21507,2654171,1001049,972355,94.6,220.0411,82.99086,80.61201,1001049,972355,82.99086,80.61201,2022-03-05
30,30,445,2654616,1001079,972385,94.6,220.078,82.99334,80.6145,1001079,972385,82.99334,80.6145,2022-03-06
49,119,346,2654962,1001128,972504,94.6,220.10668,82.99741,80.62437,1001128,972504,82.99741,80.62437,2022-03-07
80,732,1722,2656684,1001208,973236,94.7,220.24944,83.00404,80.68505,1001208,973236,83.00404,80.68505,2022-03-08
184,383,1545,2658229,1001392,973619,93.3,220.37753,83.01929,80.7168,1001392,973619,83.01929,80.7168,2022-03-09
115,362,1674,2659903,1001507,973981,93.4,220.51631,83.02883,80.74681,1001507,973981,83.02883,80.74681,2022-03-10
3,97,141,2660044,1001510,974078,93.4,220.528,83.02908,80.75486,1001510,974078,83.02908,80.75486,2022-03-11
51,274,1195,2661239,1001561,974352,93.4,220.62707,83.0333,80.77757,1001561,974352,83.0333,80.77757,2022-03-12
127,252,1833,2663072,1001688,974604,93.5,220.77903,83.04383,80.79846,1001688,974604,83.04383,80.79846,2022-03-13
60,179,1753,2664825,1001748,974783,93.5,220.92436,83.04881,80.8133,1001748,974783,83.04881,80.8133,2022-03-14
121,270,1407,2666232,1001869,975053,93.6,221.04101,83.05884,80.83569,1001869,975053,83.05884,80.83569,2022-03-15
34,229,1099,2667331,1001903,975282,93.6,221.13212,83.06166,80.85467,1001903,975282,83.06166,80.85467,2022-03-16
68,446,1841,2669172,1001971,975728,93.7,221.28475,83.06729,80.89165,1001971,975728,83.06729,80.89165,2022-03-17
70,251,1136,2670308,1002041,975979,93.7,221.37892,83.0731,80.91246,1002041,975979,83.0731,80.91246,2022-03-18
114,119,1260,2671568,1002155,976098,93.8,221.48338,83.08255,80.92232,1002155,976098,83.08255,80.92232,2022-03-19
14,27,900,2672468,1002169,976125,93.8,221.558,83.08371,80.92456,1002169,976125,83.08371,80.92456,2022-03-20
38,77,469,2672937,1002207,976202,93.8,221.59688,83.08686,80.93094,1002207,976202,83.08686,80.93094,2022-03-21
46,139,860,2673797,1002253,976341,93.9,221.66818,83.09067,80.94247,1002253,976341,83.09067,80.94247,2022-03-22
24,144,912,2674709,1002277,976485,93.9,221.74378,83.09266,80.95441,1002277,976485,83.09266,80.95441,2022-03-23
36,260,1399,2676108,1002313,976745,93.9,221.85977,83.09565,80.97596,1002313,976745,83.09565,80.97596,2022-03-24
150,242,973,2677081,1002463,976987,94.0,221.94043,83.10808,80.99602,1002463,976987,83.10808,80.99602,2022-03-25
45,263,1086,2678167,1002508,977250,94.0,222.03047,83.11181,81.01783,1002508,977250,83.11181,81.01783,2022-03-26
27,48,771,2678938,1002535,977298,94.0,222.09438,83.11405,81.02181,1002535,977298,83.11405,81.02181,2022-03-27
15,61,438,2679376,1002550,977359,94.1,222.1307,83.1153,81.02686,1002550,977359,83.1153,81.02686,2022-03-28
45,185,1017,2680393,1002595,977544,94.1,222.21501,83.11903,81.0422,1002595,977544,83.11903,81.0422,2022-03-29
66,300,1414,2681807,1002661,977844,94.1,222.33224,83.1245,81.06707,1002661,977844,83.1245,81.06707,2022-03-30
51,284,1481,2683288,1002712,978128,94.2,222.45502,83.12873,81.09062,1002712,978128,83.12873,81.09062,2022-03-31
12,88,631,2683919,1002724,978216,94.2,222.50733,83.12972,81.09791,1002724,978216,83.12972,81.09791,2022-04-01
51,145,1271,2685190,1002775,978361,94.3,222.6127,83.13395,81.10993,1002775,978361,83.13395,81.10993,2022-04-02
0,0,0,2685190,1002775,978361,94.3,222.6127,83.13395,81.10993,1002775,978361,83.13395,81.10993,2022-04-03
