delta_1d,delta_2d,delta_all,sum_doses,sum_1d,sum_2d,perc_doses,perc_inh_tot,perc_inh_1d,perc_inh_2d,sum_monotone_1d,sum_monotone_2d,perc_inh_monotone_1d,perc_inh_monotone_2d,date
0,0,0,0,0,0,0,0,0,0,0,0,0,0,2020-12-26
277,1,277,277,277,1,29.0,0.00481,0.00481,2e-05,277,1,0.00481,2e-05,2020-12-27
966,1,966,1243,1243,2,129.5,0.0216,0.0216,3e-05,1243,2,0.0216,3e-05,2020-12-28
506,0,506,1749,1749,2,181.1,0.03039,0.03039,3e-05,1749,2,0.03039,3e-05,2020-12-29
1665,0,1665,3414,3414,2,8.8,0.05932,0.05932,3e-05,3414,2,0.05932,3e-05,2020-12-30
5392,7,5392,8806,8806,9,19.2,0.153,0.153,0.00016,8806,9,0.153,0.00016,2020-12-31
3620,1,3620,12426,12426,10,27.1,0.21589,0.21589,0.00017,12426,10,0.21589,0.00017,2021-01-01
6858,6,6858,19284,19284,16,42.1,0.33504,0.33504,0.00028,19284,16,0.33504,0.00028,2021-01-02
5375,14,5375,24659,24659,30,53.8,0.42843,0.42843,0.00052,24659,30,0.42843,0.00052,2021-01-03
7617,18,7617,32276,32276,48,70.4,0.56077,0.56077,0.00083,32276,48,0.56077,0.00083,2021-01-04
7478,16,7478,39754,39754,64,67.9,0.69069,0.69069,0.00111,39754,64,0.69069,0.00111,2021-01-05
5231,12,5231,44985,44985,76,76.8,0.78157,0.78157,0.00132,44985,76,0.78157,0.00132,2021-01-06
7982,22,7982,52967,52967,98,66.2,0.92025,0.92025,0.0017,52967,98,0.92025,0.0017,2021-01-07
8060,18,8060,61027,61027,116,76.2,1.06029,1.06029,0.00202,61027,116,1.06029,0.00202,2021-01-08
6486,11,6486,67513,67513,127,84.3,1.17298,1.17298,0.00221,67513,127,1.17298,0.00221,2021-01-09
4155,10,4155,71668,71668,137,89.5,1.24517,1.24517,0.00238,71668,137,1.24517,0.00238,2021-01-10
5861,29,5861,77529,77529,166,81.7,1.347,1.347,0.00288,77529,166,1.347,0.00288,2021-01-11
5654,39,5654,83183,83183,205,62.5,1.44523,1.44523,0.00356,83183,205,1.44523,0.00356,2021-01-12
5953,57,5953,89136,89136,262,63.4,1.54866,1.54866,0.00455,89136,262,1.54866,0.00455,2021-01-13
5762,46,5762,94898,94898,308,67.4,1.64877,1.64877,0.00535,94898,308,1.64877,0.00535,2021-01-14
6826,18,6826,101724,101724,326,72.2,1.76736,1.76736,0.00566,101724,326,1.76736,0.00566,2021-01-15
5876,14,5876,107600,107600,340,76.4,1.86945,1.86945,0.00591,107600,340,1.86945,0.00591,2021-01-16
4771,225,4984,112584,112371,565,79.9,1.95604,1.95234,0.00982,112371,565,1.95234,0.00982,2021-01-17
5438,989,6419,119003,117809,1554,81.1,2.06757,2.04682,0.027,117809,1554,2.04682,0.027,2021-01-18
4404,461,4862,123865,122213,2015,84.4,2.15204,2.12334,0.03501,122213,2015,2.12334,0.03501,2021-01-19
3336,1557,4886,128751,125549,3572,80.6,2.23693,2.1813,0.06206,125549,3572,2.1813,0.06206,2021-01-20
705,5114,5819,134570,126254,8686,74.9,2.33803,2.19355,0.15091,126254,8686,2.19355,0.15091,2021-01-21
544,3522,4065,138635,126798,12208,77.1,2.40866,2.203,0.2121,126798,12208,2.203,0.2121,2021-01-22
600,6632,7232,145867,127398,18840,81.1,2.53431,2.21342,0.32733,127398,18840,2.21342,0.32733,2021-01-23
627,5091,5717,151584,128025,23931,84.3,2.63363,2.22432,0.41578,128025,23931,2.22432,0.41578,2021-01-24
863,7356,8219,159803,128888,31287,88.8,2.77643,2.23931,0.54358,128888,31287,2.23931,0.54358,2021-01-25
773,7252,8025,167828,129661,38539,81.1,2.91586,2.25274,0.66958,129661,38539,2.25274,0.66958,2021-01-26
1185,5138,6323,174151,130846,43677,78.8,3.02571,2.27333,0.75885,130846,43677,2.27333,0.75885,2021-01-27
915,7515,8429,182580,131761,51192,82.5,3.17216,2.28923,0.88941,131761,51192,2.28923,0.88941,2021-01-28
1152,7503,8650,191230,132913,58695,86.3,3.32245,2.30924,1.01977,132913,58695,2.30924,1.01977,2021-01-29
827,6216,7042,198272,133740,64911,89.5,3.44479,2.32361,1.12777,133740,64911,2.32361,1.12777,2021-01-30
485,3989,4474,202746,134225,68900,91.5,3.52253,2.33204,1.19707,134225,68900,2.33204,1.19707,2021-01-31
357,5347,5702,208448,134582,74247,91.4,3.62159,2.33824,1.28997,134582,74247,2.33824,1.28997,2021-02-01
652,5286,5934,214382,135234,79533,78.4,3.72469,2.34957,1.38181,135234,79533,2.34957,1.38181,2021-02-02
977,5547,6519,220901,136211,85080,80.0,3.83795,2.36654,1.47819,136211,85080,2.36654,1.47819,2021-02-03
1159,5348,6505,227406,137370,90428,82.4,3.95097,2.38668,1.5711,137370,90428,2.38668,1.5711,2021-02-04
1229,6184,7409,234815,138599,96612,84.7,4.07969,2.40803,1.67854,138599,96612,2.40803,1.67854,2021-02-05
937,5440,6370,241185,139536,102052,86.9,4.19037,2.42431,1.77306,139536,102052,2.42431,1.77306,2021-02-06
412,4581,4991,246176,139948,106633,88.7,4.27708,2.43147,1.85265,139948,106633,2.43147,1.85265,2021-02-07
4523,5311,9827,256003,144471,111944,92.2,4.44782,2.51005,1.94492,144471,111944,2.51005,1.94492,2021-02-08
4595,4363,8951,264954,149066,116307,77.8,4.60333,2.58988,2.02073,149066,116307,2.58988,2.02073,2021-02-09
4882,3483,8358,273312,153948,119790,77.9,4.74854,2.67471,2.08124,153948,119790,2.67471,2.08124,2021-02-10
6497,782,7238,280550,160445,120572,79.9,4.8743,2.78758,2.09483,160445,120572,2.78758,2.09483,2021-02-11
6530,608,7048,287598,166975,121180,81.8,4.99675,2.90104,2.10539,166975,121180,2.90104,2.10539,2021-02-12
6209,500,6644,294242,173184,121680,75.1,5.11218,3.00891,2.11408,173184,121680,3.00891,2.11408,2021-02-13
5331,523,5814,300056,178515,122203,76.6,5.2132,3.10153,2.12316,178515,122203,3.10153,2.12316,2021-02-14
7471,802,8129,308185,185986,123005,78.7,5.35443,3.23134,2.1371,185986,123005,3.23134,2.1371,2021-02-15
7864,786,8520,316705,193850,123791,80.8,5.50246,3.36797,2.15075,193850,123791,3.36797,2.15075,2021-02-16
8353,1035,9278,325983,202203,124826,83.2,5.66366,3.51309,2.16874,202203,124826,3.51309,2.16874,2021-02-17
9252,1084,10194,336177,211455,125910,75.0,5.84077,3.67384,2.18757,211455,125910,3.67384,2.18757,2021-02-18
9328,1157,10298,346475,220783,127067,69.7,6.01968,3.8359,2.20767,220783,127067,3.8359,2.20767,2021-02-19
8474,924,9288,355763,229257,127991,71.5,6.18106,3.98313,2.22373,229257,127991,3.98313,2.22373,2021-02-20
6535,538,7010,362773,235792,128529,73.0,6.30285,4.09667,2.23307,235792,128529,4.09667,2.23307,2021-02-21
10997,795,11587,374360,246789,129324,75.3,6.50416,4.28773,2.24689,246789,129324,4.28773,2.24689,2021-02-22
10367,979,11176,385536,257156,130303,77.5,6.69833,4.46785,2.26389,257156,130303,4.46785,2.26389,2021-02-23
11092,1342,12255,397791,268248,131645,71.4,6.91125,4.66056,2.28721,268248,131645,4.66056,2.28721,2021-02-24
11630,1556,12928,410719,279878,133201,73.7,7.13587,4.86262,2.31425,279878,133201,4.86262,2.31425,2021-02-25
11753,1922,13439,424158,291631,135123,76.0,7.36936,5.06682,2.34764,291631,135123,5.06682,2.34764,2021-02-26
10506,1254,11571,435729,302137,136377,72.7,7.57039,5.24935,2.36943,302137,136377,5.24935,2.36943,2021-02-27
9760,684,10309,446038,311897,137061,74.4,7.7495,5.41892,2.38131,311897,137061,5.41892,2.38131,2021-02-28
13281,4225,17184,463222,325178,141286,74.4,8.04806,5.64967,2.45471,325178,141286,5.64967,2.45471,2021-03-01
13346,4247,17309,480531,338524,145533,70.2,8.34878,5.88154,2.5285,338524,145533,5.88154,2.5285,2021-03-02
13639,4686,17973,498504,352163,150219,72.7,8.66105,6.11851,2.60992,352163,150219,6.11851,2.60992,2021-03-03
14505,5411,19552,518056,366668,155630,75.5,9.00075,6.37052,2.70393,366668,155630,6.37052,2.70393,2021-03-04
14898,5149,19706,537762,381566,160779,78.3,9.34312,6.62936,2.79339,381566,160779,6.62936,2.79339,2021-03-05
14164,4608,18459,556221,395730,165387,81.0,9.66383,6.87545,2.87345,395730,165387,6.87545,2.87345,2021-03-06
10573,3904,14206,570427,406303,169291,83.0,9.91065,7.05914,2.94128,406303,169291,7.05914,2.94128,2021-03-07
15676,5737,21018,591445,421979,175028,86.0,10.27581,7.3315,3.04095,421979,175028,7.3315,3.04095,2021-03-08
16849,5722,22114,613559,438828,180750,81.2,10.66002,7.62423,3.14037,438828,180750,7.62423,3.14037,2021-03-09
17752,6170,23466,637025,456580,186920,77.7,11.06772,7.93266,3.24756,456580,186920,7.93266,3.24756,2021-03-10
19265,6794,25594,662619,475845,193714,80.6,11.5124,8.26737,3.3656,475845,193714,8.26737,3.3656,2021-03-11
17792,6982,24326,686945,493637,200696,83.5,11.93504,8.57649,3.48691,493637,200696,8.57649,3.48691,2021-03-12
15949,6255,21885,708830,509586,206951,82.0,12.31527,8.85359,3.59558,509586,206951,8.85359,3.59558,2021-03-13
12138,5516,17332,726162,521724,212467,84.0,12.6164,9.06448,3.69142,521724,212467,9.06448,3.69142,2021-03-14
14317,7130,21114,747276,536041,219597,80.1,12.98323,9.31322,3.8153,536041,219597,9.31322,3.8153,2021-03-15
7140,6627,13670,760946,543181,226224,81.6,13.22074,9.43727,3.93043,543181,226224,9.43727,3.93043,2021-03-16
7606,6459,13932,774878,550787,232683,83.0,13.46279,9.56942,4.04265,550787,232683,9.56942,4.04265,2021-03-17
7889,6572,14350,789228,558676,239255,84.6,13.71211,9.70648,4.15684,558676,239255,9.70648,4.15684,2021-03-18
11187,6659,17653,806881,569863,245914,86.4,14.01882,9.90085,4.27253,569863,245914,9.90085,4.27253,2021-03-19
13382,6241,19311,826192,583245,252155,88.4,14.35433,10.13335,4.38096,583245,252155,10.13335,4.38096,2021-03-20
13276,5332,18350,844542,596521,257487,87.2,14.67314,10.364,4.4736,596521,257487,10.364,4.4736,2021-03-21
16728,7156,23491,868033,613249,264643,78.4,15.08128,10.65464,4.59793,613249,264643,10.65464,4.59793,2021-03-22
18885,7126,25565,893598,632134,271769,80.6,15.52544,10.98275,4.72174,632134,271769,10.98275,4.72174,2021-03-23
21779,6785,28075,921673,653913,278554,83.0,16.01322,11.36114,4.83962,653913,278554,11.36114,4.83962,2021-03-24
22903,7311,29630,951303,676816,285865,83.5,16.52802,11.75906,4.96664,676816,285865,11.75906,4.96664,2021-03-25
23529,7507,30482,981785,700345,293372,86.0,17.05761,12.16785,5.09707,700345,293372,12.16785,5.09707,2021-03-26
20062,7152,26601,1008386,720407,300524,88.3,17.51978,12.51641,5.22133,720407,300524,12.51641,5.22133,2021-03-27
13890,5739,19231,1027617,734297,306263,90.0,17.8539,12.75774,5.32104,734297,306263,12.75774,5.32104,2021-03-28
18626,7490,25738,1053355,752923,313753,84.8,18.30108,13.08135,5.45117,752923,313753,13.08135,5.45117,2021-03-29
20002,7687,27248,1080603,772925,321440,86.8,18.77448,13.42886,5.58472,772925,321440,13.42886,5.58472,2021-03-30
20890,7630,28076,1108679,793815,329070,89.0,19.26228,13.79181,5.71729,793815,329070,13.79181,5.71729,2021-03-31
22788,7687,29984,1138663,816603,336757,91.3,19.78322,14.18773,5.85084,816603,336757,14.18773,5.85084,2021-04-01
22303,7904,29727,1168390,838906,344661,89.4,20.2997,14.57522,5.98817,838906,344661,14.57522,5.98817,2021-04-02
18144,7047,24905,1193295,857050,351708,84.2,20.7324,14.89046,6.1106,857050,351708,14.89046,6.1106,2021-04-03
12389,5445,17687,1210982,869439,357153,85.4,21.0397,15.1057,6.20521,869439,357153,15.1057,6.20521,2021-04-04
13847,6442,20088,1231070,883286,363595,86.8,21.38871,15.34628,6.31713,883286,363595,15.34628,6.31713,2021-04-05
17550,7649,24761,1255831,900836,371244,80.2,21.81891,15.6512,6.45002,900836,371244,15.6512,6.45002,2021-04-06
18804,7791,26159,1281990,919640,379035,81.8,22.2734,15.9779,6.58538,919640,379035,15.9779,6.58538,2021-04-07
19263,8209,27020,1309010,938903,387244,83.5,22.74285,16.31258,6.72801,938903,387244,16.31258,6.72801,2021-04-08
19563,8708,27876,1336886,958466,395952,85.3,23.22717,16.65247,6.8793,958466,395952,16.65247,6.8793,2021-04-09
16763,7530,23986,1360872,975229,403482,86.8,23.6439,16.94371,7.01013,975229,403482,16.94371,7.01013,2021-04-10
13296,6179,19265,1380137,988525,409661,88.0,23.97861,17.17471,7.11748,988525,409661,17.17471,7.11748,2021-04-11
17006,7346,23990,1404127,1005531,417007,89.6,24.39542,17.47018,7.24511,1005531,417007,17.47018,7.24511,2021-04-12
18168,8264,25939,1430066,1023699,425271,91.2,24.84608,17.78583,7.38869,1023699,425271,17.78583,7.38869,2021-04-13
19256,10626,29506,1459572,1042955,435897,84.7,25.35872,18.12039,7.57331,1042955,435897,18.12039,7.57331,2021-04-14
21150,11485,32107,1491679,1064105,447382,85.8,25.91655,18.48785,7.77285,1064105,447382,18.48785,7.77285,2021-04-15
22382,12745,34660,1526339,1086487,460127,87.7,26.51874,18.87671,7.99428,1086487,460127,18.87671,7.99428,2021-04-16
20581,12568,32664,1559003,1107068,472695,89.6,27.08624,19.23429,8.21264,1107068,472695,19.23429,8.21264,2021-04-17
16175,8052,23887,1582890,1123243,480747,91.0,27.50126,19.51532,8.35254,1123243,480747,19.51532,8.35254,2021-04-18
19425,11304,30218,1613108,1142668,492051,90.6,28.02627,19.85281,8.54893,1142668,492051,19.85281,8.54893,2021-04-19
19907,11896,31335,1644443,1162575,503947,92.3,28.57069,20.19867,8.75562,1162575,503947,20.19867,8.75562,2021-04-20
20766,13007,33308,1677751,1183341,516954,84.8,29.14938,20.55946,8.9816,1183341,516954,20.55946,8.9816,2021-04-21
24593,15504,39380,1717131,1207934,532458,86.0,29.83357,20.98674,9.25097,1207934,532458,20.98674,9.25097,2021-04-22
22644,16033,38112,1755243,1230578,548491,87.9,30.49573,21.38016,9.52953,1230578,548491,21.38016,9.52953,2021-04-23
20697,14596,33640,1788883,1251275,563087,89.6,31.0802,21.73975,9.78312,1251275,563087,21.73975,9.78312,2021-04-24
16719,9754,24605,1813488,1267994,572841,90.8,31.50769,22.03023,9.95259,1267994,572841,22.03023,9.95259,2021-04-25
20085,10703,29459,1842947,1288079,583544,90.6,32.01951,22.37919,10.13854,1288079,583544,22.37919,10.13854,2021-04-26
19854,12717,30924,1873871,1307933,596261,92.1,32.55679,22.72413,10.35949,1307933,596261,22.72413,10.35949,2021-04-27
21418,13688,33178,1907049,1329351,609949,84.6,33.13322,23.09625,10.5973,1329351,609949,23.09625,10.5973,2021-04-28
25499,16422,39068,1946117,1354850,626371,86.3,33.812,23.53927,10.88262,1354850,626371,23.53927,10.88262,2021-04-29
27381,17811,41910,1988027,1382231,644182,88.2,34.54014,24.01499,11.19207,1382231,644182,24.01499,11.19207,2021-04-30
26215,15016,38319,2026346,1408446,659198,81.6,35.2059,24.47046,11.45296,1408446,659198,24.47046,11.45296,2021-05-01
23486,11651,32979,2059325,1431932,670849,83.0,35.77888,24.8785,11.65539,1431932,670849,24.8785,11.65539,2021-05-02
26903,15202,39756,2099081,1458835,686051,84.6,36.4696,25.34592,11.91951,1458835,686051,25.34592,11.91951,2021-05-03
26613,16038,40412,2139493,1485448,702089,86.2,37.17173,25.80829,12.19815,1485448,702089,25.80829,12.19815,2021-05-04
31008,18982,46984,2186477,1516456,721071,81.1,37.98803,26.34703,12.52795,1516456,721071,26.34703,12.52795,2021-05-05
31318,20508,49025,2235502,1547774,741579,81.8,38.83979,26.89115,12.88425,1547774,741579,26.89115,12.88425,2021-05-06
30525,20056,48455,2283957,1578299,761635,83.6,39.68165,27.4215,13.23271,1578299,761635,27.4215,13.23271,2021-05-07
30079,18420,45590,2329547,1608378,780055,84.6,40.47374,27.94409,13.55274,1608378,780055,27.94409,13.55274,2021-05-08
26288,13679,37613,2367160,1634666,793734,86.0,41.12723,28.40082,13.7904,1634666,793734,28.40082,13.7904,2021-05-09
31120,15638,44589,2411749,1665786,809372,87.1,41.90192,28.9415,14.06209,1665786,809372,28.9415,14.06209,2021-05-10
31829,19603,48514,2460263,1697615,828975,88.9,42.74481,29.4945,14.40268,1697615,828975,29.4945,14.40268,2021-05-11
30960,19410,47751,2508014,1728575,848385,84.1,43.57444,30.0324,14.73991,1728575,848385,30.0324,14.73991,2021-05-12
32439,20612,50370,2558384,1761014,868997,85.8,44.44957,30.596,15.09802,1761014,868997,30.596,15.09802,2021-05-13
33286,20793,51745,2610129,1794300,889790,86.2,45.34859,31.17431,15.45928,1794300,889790,31.17431,15.45928,2021-05-14
40949,19899,57711,2667840,1835249,909689,88.1,46.35127,31.88577,15.80501,1835249,909689,31.88577,15.80501,2021-05-15
37526,16204,51066,2718906,1872775,925893,89.8,47.23849,32.53775,16.08654,1872775,925893,32.53775,16.08654,2021-05-16
36046,11881,44703,2763609,1908821,937774,91.2,48.01517,33.16401,16.29296,1908821,937774,33.16401,16.29296,2021-05-17
35528,12930,45266,2808875,1944349,950704,92.6,48.80162,33.78128,16.51761,1944349,950704,33.78128,16.51761,2021-05-18
37189,13468,47461,2856336,1981538,964172,87.4,49.62621,34.4274,16.7516,1981538,964172,34.4274,16.7516,2021-05-19
38048,17422,52171,2908507,2019586,981594,88.9,50.53264,35.08845,17.05429,2019586,981594,35.08845,17.05429,2021-05-20
38094,17510,52316,2960823,2057680,999104,89.2,51.44158,35.7503,17.35851,2057680,999104,35.7503,17.35851,2021-05-21
44547,13878,55287,3016110,2102227,1012982,90.9,52.40214,36.52426,17.59963,2102227,1012982,36.52426,17.59963,2021-05-22
39801,10224,47230,3063340,2142028,1023206,92.3,53.22272,37.21577,17.77726,2142028,1023206,37.21577,17.77726,2021-05-23
34269,12933,44173,3107513,2176297,1036139,91.6,53.99018,37.81116,18.00196,2176297,1036139,37.81116,18.00196,2021-05-24
35946,14844,47714,3155227,2212243,1050983,93.0,54.81917,38.43569,18.25986,2212243,1050983,38.43569,18.25986,2021-05-25
35584,15260,47810,3203037,2247827,1066243,89.0,55.64983,39.05393,18.52499,2247827,1066243,39.05393,18.52499,2021-05-26
44811,17022,58682,3261719,2292638,1083265,90.5,56.66937,39.83248,18.82073,2292638,1083265,39.83248,18.82073,2021-05-27
43960,16737,57331,3319050,2336598,1100002,91.8,57.66544,40.59624,19.11152,2336598,1100002,40.59624,19.11152,2021-05-28
41074,14454,52152,3371202,2377672,1114456,92.8,58.57154,41.30987,19.36265,2377672,1114456,41.30987,19.36265,2021-05-29
33925,10352,41313,3412515,2411597,1124808,92.3,59.28931,41.89928,19.54251,2411597,1124808,41.89928,19.54251,2021-05-30
31905,23368,51875,3464390,2443502,1148176,93.7,60.19059,42.4536,19.9485,2443502,1148176,42.4536,19.9485,2021-05-31
30598,23742,49245,3513635,2474100,1171918,87.2,61.04618,42.98521,20.361,2474100,1171918,42.98521,20.361,2021-06-01
32042,15143,43640,3557275,2506142,1187061,88.3,61.80439,43.54191,20.62409,2506142,1187061,43.54191,20.62409,2021-06-02
39071,24811,57057,3614332,2545213,1211872,85.0,62.7957,44.22074,21.05516,2545213,1211872,44.22074,21.05516,2021-06-03
44305,24720,62237,3676569,2589518,1236592,86.4,63.87701,44.9905,21.48465,2589518,1236592,44.9905,21.48465,2021-06-04
43671,27577,66528,3743097,2633189,1264169,87.7,65.03287,45.74924,21.96378,2633189,1264169,45.74924,21.96378,2021-06-05
35791,25774,58362,3801459,2668980,1289943,88.4,66.04686,46.37108,22.41157,2668980,1289943,46.37108,22.41157,2021-06-06
33336,35034,62767,3864226,2702316,1324977,89.8,67.13738,46.95026,23.02026,2702316,1324977,46.95026,23.02026,2021-06-07
36834,36275,66906,3931132,2739150,1361252,91.4,68.29981,47.59021,23.6505,2739150,1361252,47.59021,23.6505,2021-06-08
36665,40056,70634,4001766,2775815,1401308,87.1,69.52701,48.22724,24.34644,2775815,1401308,48.22724,24.34644,2021-06-09
38206,40563,72449,4074215,2814021,1441871,88.6,70.78574,48.89103,25.05118,2814021,1441871,48.89103,25.05118,2021-06-10
37366,38201,69971,4144186,2851387,1480072,89.4,72.00142,49.54023,25.71489,2851387,1480072,49.54023,25.71489,2021-06-11
40552,33235,70017,4214203,2891939,1513307,90.9,73.21791,50.24478,26.29232,2891939,1513307,50.24478,26.29232,2021-06-12
33594,27627,58507,4272710,2925533,1540934,92.2,74.23441,50.82845,26.77231,2925533,1540934,50.82845,26.77231,2021-06-13
32940,35470,63264,4335974,2958473,1576404,92.8,75.33356,51.40075,27.38857,2958473,1576404,51.40075,27.38857,2021-06-14
33959,37958,66340,4402314,2992432,1614362,94.2,76.48616,51.99076,28.04806,2992432,1614362,51.99076,28.04806,2021-06-15
32743,37144,64881,4467195,3025175,1651506,88.8,77.61341,52.55964,28.6934,3025175,1651506,52.55964,28.6934,2021-06-16
32574,39384,67193,4534388,3057749,1690890,90.1,78.78083,53.12558,29.37766,3057749,1690890,53.12558,29.37766,2021-06-17
31076,37621,64564,4598952,3088825,1728511,91.3,79.90257,53.6655,30.03129,3088825,1728511,53.6655,30.03129,2021-06-18
36132,33652,66678,4665630,3124957,1762163,92.1,81.06104,54.29326,30.61596,3124957,1762163,54.29326,30.61596,2021-06-19
30380,27247,55386,4721016,3155337,1789410,92.2,82.02332,54.82108,31.08935,3155337,1789410,54.82108,31.08935,2021-06-20
29122,36788,62133,4783149,3184459,1826198,93.4,83.10282,55.32705,31.72851,3184459,1826198,55.32705,31.72851,2021-06-21
29337,37695,62951,4846100,3213796,1863893,94.6,84.19654,55.83675,32.38343,3213796,1863893,55.83675,32.38343,2021-06-22
28949,37649,62455,4908555,3242745,1901542,88.5,85.28163,56.33972,33.03755,3242745,1901542,56.33972,33.03755,2021-06-23
29285,39248,64179,4972734,3272030,1940790,89.6,86.39669,56.84852,33.71944,3272030,1940790,56.84852,33.71944,2021-06-24
28737,38876,63560,5036294,3300767,1979666,89.9,87.50098,57.34779,34.39488,3300767,1979666,57.34779,34.39488,2021-06-25
25324,34054,56307,5092601,3326091,2013720,90.5,88.47926,57.78778,34.98654,3326091,2013720,57.78778,34.98654,2021-06-26
21065,28638,47296,5139897,3347156,2042358,91.4,89.30099,58.15376,35.48409,3347156,2042358,58.15376,35.48409,2021-06-27
27963,34305,59036,5198933,3375119,2076663,92.4,90.32668,58.63959,36.08011,3375119,2076663,58.63959,36.08011,2021-06-28
28376,34399,59643,5258576,3403495,2111062,93.5,91.36293,59.1326,36.67776,3403495,2111062,59.1326,36.67776,2021-06-29
30351,36822,63152,5321728,3433846,2147884,88.9,92.46014,59.65992,37.31751,3433846,2147884,59.65992,37.31751,2021-06-30
7405,44549,48656,5370384,3441251,2192433,89.7,93.30549,59.78857,38.09151,3441251,2192433,59.78857,38.09151,2021-07-01
6798,44708,48635,5419019,3448049,2237141,89.9,94.15048,59.90668,38.86827,3448049,2237141,59.90668,38.86827,2021-07-02
4830,50390,53351,5472370,3452879,2287531,90.4,95.0774,59.9906,39.74375,3452879,2287531,59.9906,39.74375,2021-07-03
4272,44012,46734,5519104,3457151,2331543,90.6,95.88936,60.06482,40.50842,3457151,2331543,60.06482,40.50842,2021-07-04
26672,39113,61810,5580914,3483823,2370656,91.6,96.96325,60.52822,41.18797,3483823,2370656,60.52822,41.18797,2021-07-05
29078,36463,62717,5643631,3512901,2407119,92.6,98.0529,61.03343,41.82148,3512901,2407119,61.03343,41.82148,2021-07-06
29012,36617,62824,5706455,3541913,2443736,90.4,99.14441,61.53748,42.45767,3541913,2443736,61.53748,42.45767,2021-07-07
28888,38302,64495,5770950,3570801,2482038,91.4,100.26495,62.03939,43.12313,3570801,2482038,62.03939,43.12313,2021-07-08
28397,39196,65206,5836156,3599198,2521234,92.5,101.39785,62.53276,43.80412,3599198,2521234,62.53276,43.80412,2021-07-09
25759,47190,71294,5907450,3624957,2568424,92.6,102.63652,62.9803,44.62401,3624957,2568424,62.9803,44.62401,2021-07-10
3910,41120,44224,5951674,3628867,2609544,93.3,103.40487,63.04823,45.33843,3628867,2609544,63.04823,45.33843,2021-07-11
6071,37928,41511,5993185,3634938,2647472,93.6,104.12608,63.15371,45.99739,3634938,2647472,63.15371,45.99739,2021-07-12
5835,39138,42837,6036022,3640773,2686610,94.3,104.87034,63.25509,46.67738,3640773,2686610,63.25509,46.67738,2021-07-13
6559,38105,42291,6078313,3647332,2724715,91.7,105.6051,63.36904,47.33942,3647332,2724715,63.36904,47.33942,2021-07-14
7128,40907,45135,6123448,3654460,2765622,92.4,106.38928,63.49289,48.05014,3654460,2765622,63.49289,48.05014,2021-07-15
3514,43157,44578,6168026,3657974,2808779,93.1,107.16379,63.55394,48.79995,3657974,2808779,63.55394,48.79995,2021-07-16
2278,42892,44032,6212058,3660252,2851671,93.7,107.9288,63.59352,49.54516,3660252,2851671,63.59352,49.54516,2021-07-17
23600,36424,58464,6270522,3683852,2888095,93.8,108.94456,64.00354,50.178,3683852,2888095,64.00354,50.178,2021-07-18
29447,36933,63305,6333827,3713299,2925028,94.8,110.04443,64.51516,50.81967,3713299,2925028,64.51516,50.81967,2021-07-19
29697,37158,63537,6397364,3742996,2962186,95.7,111.14832,65.03112,51.46526,3742996,2962186,65.03112,51.46526,2021-07-20
30995,37599,63947,6461311,3773991,2999785,93.8,112.25934,65.56963,52.11851,3773991,2999785,65.56963,52.11851,2021-07-21
30011,35105,61301,6522612,3804002,3034890,94.7,113.32439,66.09104,52.72843,3804002,3034890,66.09104,52.72843,2021-07-22
28632,34133,58663,6581275,3832634,3069023,95.6,114.34361,66.58849,53.32146,3832634,3069023,66.58849,53.32146,2021-07-23
3373,29961,30857,6612132,3836007,3098984,96.0,114.87972,66.6471,53.842,3836007,3098984,66.6471,53.842,2021-07-24
2272,24238,24853,6636985,3838279,3123222,96.4,115.31152,66.68657,54.26311,3838279,3123222,66.68657,54.26311,2021-07-25
6963,46964,51008,6687993,3845242,3170186,96.0,116.19773,66.80755,55.07907,3845242,3170186,66.80755,55.07907,2021-07-26
8483,51870,56630,6744623,3853725,3222056,96.8,117.18163,66.95493,55.98026,3853725,3222056,66.95493,55.98026,2021-07-27
9065,53646,58526,6803149,3862790,3275702,94.6,118.19846,67.11243,56.91231,3862790,3275702,67.11243,56.91231,2021-07-28
8037,50968,56183,6859332,3870827,3326670,95.3,119.17459,67.25206,57.79784,3870827,3326670,67.25206,57.79784,2021-07-29
8136,51419,56509,6915841,3878963,3378089,96.1,120.15638,67.39342,58.69119,3878963,3378089,67.39342,58.69119,2021-07-30
5839,52117,56406,6972247,3884802,3430206,96.8,121.13639,67.49487,59.59668,3884802,3430206,67.49487,59.59668,2021-07-31
6292,35361,40558,7012805,3891094,3465567,97.4,121.84104,67.60418,60.21104,3891094,3465567,67.60418,60.21104,2021-08-01
7032,33584,38414,7051219,3898126,3499151,97.8,122.50845,67.72636,60.79453,3898126,3499151,67.72636,60.79453,2021-08-02
5446,29379,32972,7084191,3903572,3528530,97.2,123.08131,67.82098,61.30497,3903572,3528530,67.82098,61.30497,2021-08-03
21618,29041,48708,7132899,3925190,3557571,94.8,123.92757,68.19657,61.80953,3925190,3557571,68.19657,61.80953,2021-08-04
23166,12762,33921,7166820,3948356,3570333,95.2,124.51691,68.59906,62.03126,3948356,3570333,68.59906,62.03126,2021-08-05
24092,13060,34375,7201195,3972448,3583393,95.7,125.11415,69.01763,62.25816,3972448,3583393,69.01763,62.25816,2021-08-06
23466,14144,35466,7236661,3995914,3597537,96.2,125.73034,69.42533,62.5039,3995914,3597537,69.42533,62.5039,2021-08-07
18866,32928,50476,7287137,4014780,3630465,95.9,126.60731,69.75311,63.07599,4014780,3630465,69.75311,63.07599,2021-08-08
23093,31771,52906,7340043,4037873,3662236,96.6,127.5265,70.15433,63.62799,4037873,3662236,70.15433,63.62799,2021-08-09
22625,30860,51216,7391259,4060498,3693096,97.1,128.41634,70.54742,64.16415,4060498,3693096,70.54742,64.16415,2021-08-10
21473,30090,49236,7440495,4081971,3723186,95.0,129.27177,70.9205,64.68694,4081971,3723186,70.9205,64.68694,2021-08-11
21832,28342,48168,7488663,4103803,3751528,95.6,130.10864,71.29981,65.17935,4103803,3751528,71.29981,65.17935,2021-08-12
21227,24671,43895,7532558,4125030,3776199,95.4,130.87128,71.66861,65.60799,4125030,3776199,71.66861,65.60799,2021-08-13
1031,1723,2557,7535115,4126061,3777922,95.4,130.9157,71.68652,65.63792,4126061,3777922,71.68652,65.63792,2021-08-14
825,918,1527,7536642,4126886,3778840,95.4,130.94223,71.70085,65.65387,4126886,3778840,71.70085,65.65387,2021-08-15
2130,2015,3737,7540379,4129016,3780855,95.5,131.00716,71.73786,65.68888,4129016,3780855,71.73786,65.68888,2021-08-16
4314,5658,8527,7548906,4133330,3786513,94.6,131.15531,71.81281,65.78718,4133330,3786513,71.81281,65.78718,2021-08-17
3429,7297,9667,7558573,4136759,3793810,90.6,131.32326,71.87239,65.91396,4136759,3793810,71.87239,65.91396,2021-08-18
3127,7101,9349,7567922,4139886,3800911,90.7,131.48569,71.92672,66.03734,4139886,3800911,71.92672,66.03734,2021-08-19
2550,7025,8801,7576723,4142436,3807936,90.9,131.6386,71.97102,66.15939,4142436,3807936,71.97102,66.15939,2021-08-20
3341,7413,10263,7586986,4145777,3815349,91.0,131.81691,72.02907,66.28818,4145777,3815349,72.02907,66.28818,2021-08-21
2624,6815,8823,7595809,4148401,3822164,91.1,131.9702,72.07466,66.40659,4148401,3822164,72.07466,66.40659,2021-08-22
17374,8380,23012,7618821,4165775,3830544,91.4,132.37002,72.37651,66.55218,4165775,3830544,72.37651,66.55218,2021-08-23
12605,8277,19099,7637920,4178380,3838821,89.9,132.70184,72.59551,66.69599,4178380,3838821,72.59551,66.69599,2021-08-24
10495,22889,31980,7669900,4188875,3861710,90.2,133.25747,72.77785,67.09366,4188875,3861710,72.77785,67.09366,2021-08-25
8839,25038,32375,7702275,4197714,3886748,87.0,133.81995,72.93142,67.52868,4197714,3886748,72.93142,67.52868,2021-08-26
8355,24092,31015,7733290,4206069,3910840,87.3,134.35881,73.07658,67.94725,4206069,3910840,73.07658,67.94725,2021-08-27
11705,22320,32729,7766019,4217774,3933160,87.7,134.92745,73.27995,68.33504,4217774,3933160,73.27995,68.33504,2021-08-28
9535,18959,27518,7793537,4227309,3952119,88.0,135.40555,73.44561,68.66444,4227309,3952119,73.44561,68.66444,2021-08-29
10665,21416,30701,7824238,4237974,3973535,88.4,135.93895,73.63091,69.03652,4237974,3973535,73.63091,69.03652,2021-08-30
12594,20557,31275,7855513,4250568,3994092,88.7,136.48232,73.84971,69.39368,4250568,3994092,73.84971,69.39368,2021-08-31
8768,19143,26675,7882188,4259336,4013235,88.8,136.94578,74.00205,69.72627,4259336,4013235,74.00205,69.72627,2021-09-01
8499,19318,26462,7908650,4267835,4032553,87.3,137.40553,74.14971,70.0619,4267835,4032553,74.14971,70.0619,2021-09-02
7826,19437,26103,7934753,4275661,4051990,87.6,137.85904,74.28568,70.3996,4275661,4051990,74.28568,70.3996,2021-09-03
10397,4952,14362,7949115,4286058,4056942,87.8,138.10857,74.46632,70.48564,4286058,4056942,74.46632,70.48564,2021-09-04
7045,3784,10150,7959265,4293103,4060726,87.9,138.28492,74.58872,70.55138,4293103,4060726,74.58872,70.55138,2021-09-05
8713,7256,14693,7973958,4301816,4067982,88.0,138.54019,74.7401,70.67745,4301816,4067982,74.7401,70.67745,2021-09-06
7464,6735,13334,7987292,4309280,4074717,86.6,138.77186,74.86978,70.79446,4309280,4074717,74.86978,70.79446,2021-09-07
7414,6078,12371,7999663,4316694,4080795,84.8,138.9868,74.99859,70.90006,4316694,4080795,74.99859,70.90006,2021-09-08
6836,6632,12353,8012016,4323530,4087427,84.9,139.20142,75.11736,71.01529,4323530,4087427,75.11736,71.01529,2021-09-09
6641,5805,11425,8023441,4330171,4093232,85.1,139.39992,75.23274,71.11615,4330171,4093232,75.23274,71.11615,2021-09-10
9213,4613,12459,8035900,4339384,4097845,85.2,139.61638,75.39281,71.19629,4339384,4097845,75.39281,71.19629,2021-09-11
5328,2903,7502,8043402,4344712,4100748,85.3,139.74672,75.48538,71.24673,4344712,4100748,75.48538,71.24673,2021-09-12
6153,13591,18723,8062125,4350865,4114339,85.5,140.07202,75.59228,71.48286,4350865,4114339,75.59228,71.48286,2021-09-13
8759,11825,18910,8081035,4359624,4126164,85.7,140.40056,75.74446,71.68831,4359624,4126164,75.74446,71.68831,2021-09-14
3332,9824,12554,8093589,4362956,4135988,85.2,140.61867,75.80235,71.85899,4362956,4135988,75.80235,71.85899,2021-09-15
3912,7782,11076,8104665,4366868,4143770,84.1,140.81111,75.87032,71.9942,4366868,4143770,75.87032,71.9942,2021-09-16
4889,7587,11684,8116349,4371757,4151357,84.8,141.01411,75.95526,72.12601,4371757,4151357,75.95526,72.12601,2021-09-17
8995,11094,18979,8135328,4380752,4162451,85.0,141.34385,76.11154,72.31876,4380752,4162451,76.11154,72.31876,2021-09-18
6632,8726,14586,8149914,4387384,4171177,85.2,141.59727,76.22677,72.47037,4387384,4171177,76.22677,72.47037,2021-09-19
7406,11795,18317,8168231,4394790,4182972,85.4,141.91551,76.35544,72.6753,4394790,4182972,76.35544,72.6753,2021-09-20
7294,11063,17461,8185692,4402084,4194035,85.4,142.21888,76.48217,72.86751,4402084,4194035,76.48217,72.86751,2021-09-21
7234,8380,14796,8200488,4409318,4202415,83.9,142.47595,76.60785,73.0131,4409318,4202415,76.60785,73.0131,2021-09-22
7661,7767,14386,8214874,4416979,4210182,84.0,142.72589,76.74095,73.14804,4416979,4210182,76.74095,73.14804,2021-09-23
7566,7615,14218,8229092,4424545,4217797,84.2,142.97291,76.8724,73.28035,4424545,4217797,76.8724,73.28035,2021-09-24
10546,10597,19836,8248928,4435091,4228394,84.4,143.31755,77.05563,73.46446,4435091,4228394,77.05563,73.46446,2021-09-25
6789,6784,12732,8261660,4441880,4235178,84.5,143.53875,77.17358,73.58233,4441880,4235178,77.17358,73.58233,2021-09-26
7389,8886,15094,8276754,4449269,4244064,84.7,143.801,77.30196,73.73671,4449269,4244064,77.30196,73.73671,2021-09-27
6662,7819,13560,8290314,4455931,4251883,84.8,144.03659,77.41771,73.87256,4455931,4251883,77.41771,73.87256,2021-09-28
7166,7038,13444,8303758,4463097,4258921,81.3,144.27017,77.54221,73.99484,4463097,4258921,77.54221,73.99484,2021-09-29
9655,7113,15290,8319048,4472752,4266034,81.4,144.53582,77.70996,74.11842,4472752,4266034,77.70996,74.11842,2021-09-30
3863,5885,9351,8328399,4476615,4271919,81.5,144.69828,77.77707,74.22067,4476615,4271919,77.77707,74.22067,2021-10-01
5083,8159,12629,8341028,4481698,4280078,81.6,144.9177,77.86539,74.36242,4481698,4280078,77.86539,74.36242,2021-10-02
3772,5325,8613,8349641,4485470,4285403,81.7,145.06734,77.93092,74.45494,4485470,4285403,77.93092,74.45494,2021-10-03
4718,5914,10069,8359710,4490188,4291317,81.8,145.24228,78.01289,74.55769,4490188,4291317,78.01289,74.55769,2021-10-04
5282,7202,11920,8371630,4495470,4298519,81.9,145.44938,78.10466,74.68282,4495470,4298519,78.10466,74.68282,2021-10-05
5130,3821,8390,8380020,4500600,4302340,81.1,145.59515,78.19379,74.74921,4500600,4302340,78.19379,74.74921,2021-10-06
4889,3932,8172,8388192,4505489,4306272,81.2,145.73713,78.27873,74.81752,4505489,4306272,78.27873,74.81752,2021-10-07
4901,5051,9252,8397444,4510390,4311323,81.3,145.89788,78.36388,74.90528,4510390,4311323,78.36388,74.90528,2021-10-08
5937,8261,13328,8410772,4516327,4319584,81.4,146.12944,78.46703,75.0488,4516327,4319584,78.46703,75.0488,2021-10-09
4228,5913,9579,8420351,4520555,4325497,81.5,146.29586,78.54049,75.15154,4520555,4325497,78.54049,75.15154,2021-10-10
4786,6543,10749,8431100,4525341,4332040,81.6,146.48262,78.62364,75.26522,4525341,4332040,78.62364,75.26522,2021-10-11
5853,6346,11404,8442504,4531194,4338386,81.7,146.68075,78.72533,75.37547,4531194,4338386,78.72533,75.37547,2021-10-12
6168,5877,11348,8453852,4537362,4344263,81.8,146.87791,78.8325,75.47758,4537362,4344263,78.8325,75.47758,2021-10-13
6755,6112,12073,8465925,4544117,4350375,81.9,147.08767,78.94986,75.58377,4544117,4350375,78.94986,75.58377,2021-10-14
6449,6626,12204,8478129,4550566,4357001,82.0,147.2997,79.0619,75.69889,4550566,4357001,79.0619,75.69889,2021-10-15
6675,9229,14935,8493064,4557241,4366230,82.2,147.55918,79.17788,75.85924,4557241,4366230,79.17788,75.85924,2021-10-16
5108,6088,10431,8503495,4562349,4372318,82.3,147.74041,79.26662,75.96501,4562349,4372318,79.26662,75.96501,2021-10-17
3439,6537,9517,8513012,4565788,4378855,82.4,147.90576,79.32637,76.07858,4565788,4378855,79.32637,76.07858,2021-10-18
3363,6041,8958,8521970,4569151,4384896,82.5,148.0614,79.3848,76.18354,4569151,4384896,79.3848,76.18354,2021-10-19
2870,6016,8523,8530493,4572021,4390912,82.5,148.20948,79.43466,76.28806,4572021,4390912,79.43466,76.28806,2021-10-20
2557,7299,9506,8539999,4574578,4398211,82.6,148.37464,79.47909,76.41488,4574578,4398211,79.47909,76.41488,2021-10-21
2560,4106,6194,8546193,4577138,4402317,82.7,148.48225,79.52357,76.48621,4577138,4402317,79.52357,76.48621,2021-10-22
2850,5176,7539,8553732,4579988,4407493,82.8,148.61324,79.57308,76.57614,4579988,4407493,79.57308,76.57614,2021-10-23
1868,3801,5285,8559017,4581856,4411294,82.8,148.70506,79.60554,76.64218,4581856,4411294,79.60554,76.64218,2021-10-24
2071,4665,6323,8565340,4583927,4415959,82.9,148.81491,79.64152,76.72323,4583927,4415959,79.64152,76.72323,2021-10-25
2013,4486,6163,8571503,4585940,4420445,82.9,148.92199,79.67649,76.80117,4585940,4420445,79.67649,76.80117,2021-10-26
1849,4362,5934,8577437,4587789,4424807,83.0,149.02509,79.70862,76.87696,4587789,4424807,79.70862,76.87696,2021-10-27
1868,4863,6442,8583879,4589657,4429670,83.1,149.13701,79.74107,76.96145,4589657,4429670,79.74107,76.96145,2021-10-28
1776,4006,5517,8589396,4591433,4433676,83.1,149.23286,79.77193,77.03105,4591433,4433676,79.77193,77.03105,2021-10-29
2163,4762,6572,8595968,4593596,4438438,83.2,149.34705,79.80951,77.11378,4593596,4438438,79.80951,77.11378,2021-10-30
1453,3418,4661,8600629,4595049,4441856,83.2,149.42803,79.83476,77.17317,4595049,4441856,79.83476,77.17317,2021-10-31
902,3013,3807,8604436,4595951,4444869,83.3,149.49417,79.85043,77.22552,4595951,4444869,79.85043,77.22552,2021-11-01
1404,5129,6357,8610793,4597355,4449998,83.3,149.60462,79.87482,77.31463,4597355,4449998,79.87482,77.31463,2021-11-02
1455,5093,6350,8617143,4598810,4455091,83.4,149.71494,79.9001,77.40311,4598810,4455091,79.9001,77.40311,2021-11-03
1566,5379,6716,8623859,4600376,4460470,83.4,149.83163,79.92731,77.49657,4600376,4460470,79.92731,77.49657,2021-11-04
1724,5263,6716,8630575,4602100,4465733,83.5,149.94831,79.95726,77.58801,4602100,4465733,79.95726,77.58801,2021-11-05
2332,5411,7445,8638020,4604432,4471144,83.6,150.07766,79.99778,77.68202,4604432,4471144,79.99778,77.68202,2021-11-06
1508,3971,5332,8643352,4605940,4475115,83.6,150.1703,80.02398,77.75101,4605940,4475115,80.02398,77.75101,2021-11-07
1611,3197,4627,8647979,4607551,4478312,83.7,150.25069,80.05197,77.80656,4607551,4478312,80.05197,77.80656,2021-11-08
1506,3577,4939,8652918,4609057,4481889,83.7,150.3365,80.07813,77.8687,4609057,4481889,80.07813,77.8687,2021-11-09
1597,2883,4336,8657254,4610654,4484772,83.8,150.41184,80.10588,77.91879,4610654,4484772,80.10588,77.91879,2021-11-10
1625,3000,4471,8661725,4612279,4487772,83.8,150.48951,80.13411,77.97092,4612279,4487772,80.13411,77.97092,2021-11-11
1704,2567,4135,8665860,4613983,4490339,83.8,150.56136,80.16372,78.01552,4613983,4490339,80.16372,78.01552,2021-11-12
2552,3056,5410,8671270,4616535,4493395,83.9,150.65535,80.20805,78.06861,4616535,4493395,80.20805,78.06861,2021-11-13
1643,1934,3441,8674711,4618178,4495329,83.9,150.71513,80.2366,78.10221,4618178,4495329,80.2366,78.10221,2021-11-14
1670,2263,3778,8678489,4619848,4497592,84.0,150.78077,80.26561,78.14153,4619848,4497592,80.26561,78.14153,2021-11-15
1802,2261,3893,8682382,4621650,4499853,84.0,150.84841,80.29692,78.18081,4621650,4499853,80.29692,78.18081,2021-11-16
1572,2045,3490,8685872,4623222,4501898,84.0,150.90905,80.32424,78.21634,4623222,4501898,80.32424,78.21634,2021-11-17
1843,2040,3767,8689639,4625065,4503938,84.1,150.97449,80.35626,78.25179,4625065,4503938,80.35626,78.25179,2021-11-18
1913,1952,3754,8693393,4626978,4505890,84.1,151.03972,80.38949,78.2857,4626978,4505890,80.38949,78.2857,2021-11-19
2331,2184,4380,8697773,4629309,4508074,84.1,151.11582,80.42999,78.32364,4629309,4508074,80.42999,78.32364,2021-11-20
1977,1444,3298,8701071,4631286,4509518,84.2,151.17312,80.46434,78.34873,4631286,4509518,80.46434,78.34873,2021-11-21
2214,1361,3429,8704500,4633500,4510879,82.6,151.23269,80.50281,78.37238,4633500,4510879,80.50281,78.37238,2021-11-22
2165,1514,3574,8708074,4635665,4512393,82.6,151.29479,80.54042,78.39868,4635665,4512393,80.54042,78.39868,2021-11-23
1948,1473,3317,8711391,4637613,4513866,82.7,151.35242,80.57427,78.42428,4637613,4513866,80.57427,78.42428,2021-11-24
2506,1571,3962,8715353,4640119,4515437,82.7,151.42125,80.6178,78.45157,4640119,4515437,80.6178,78.45157,2021-11-25
2848,1697,4436,8719789,4642967,4517134,82.7,151.49832,80.66729,78.48105,4642967,4517134,80.66729,78.48105,2021-11-26
4315,2208,6319,8726108,4647282,4519342,82.8,151.60811,80.74226,78.51942,4647282,4519342,80.74226,78.51942,2021-11-27
3549,1621,5035,8731143,4650831,4520963,82.8,151.69559,80.80392,78.54758,4650831,4520963,80.80392,78.54758,2021-11-28
3914,1646,5415,8736558,4654745,4522609,82.9,151.78967,80.87192,78.57618,4654745,4522609,80.87192,78.57618,2021-11-29
3845,1776,5458,8742016,4658590,4524385,82.9,151.8845,80.93872,78.60703,4658590,4524385,80.93872,78.60703,2021-11-30
3382,1728,4945,8746961,4661972,4526113,80.8,151.97041,80.99748,78.63706,4661972,4526113,80.99748,78.63706,2021-12-01
3266,1874,4995,8751956,4665238,4527987,80.3,152.0572,81.05422,78.66961,4665238,4527987,81.05422,78.66961,2021-12-02
2691,1879,4463,8756419,4667929,4529866,80.3,152.13474,81.10098,78.70226,4667929,4529866,81.10098,78.70226,2021-12-03
2498,2608,4923,8761342,4670427,4532474,80.4,152.22027,81.14438,78.74757,4670427,4532474,81.14438,78.74757,2021-12-04
2909,1742,4534,8765876,4673336,4534216,80.4,152.29904,81.19492,78.77784,4673336,4534216,81.19492,78.77784,2021-12-05
4416,2040,6299,8772175,4677752,4536256,80.5,152.40848,81.27164,78.81328,4677752,4536256,81.27164,78.81328,2021-12-06
4604,1892,6312,8778487,4682356,4538148,80.5,152.51815,81.35163,78.84615,4682356,4538148,81.35163,78.84615,2021-12-07
3638,1417,4913,8783400,4685994,4539565,80.6,152.60351,81.41484,78.87077,4685994,4539565,81.41484,78.87077,2021-12-08
3838,2125,5793,8789193,4689832,4541690,80.6,152.70415,81.48152,78.90769,4689832,4541690,81.48152,78.90769,2021-12-09
2907,2067,4839,8794032,4692739,4543757,80.1,152.78823,81.53203,78.9436,4692739,4543757,81.53203,78.9436,2021-12-10
2532,2504,4895,8798927,4695271,4546261,80.1,152.87327,81.57602,78.98711,4695271,4546261,81.57602,78.98711,2021-12-11
3200,1918,4976,8803903,4698471,4548179,80.2,152.95973,81.63162,79.02043,4698471,4548179,81.63162,79.02043,2021-12-12
3549,2300,5692,8809595,4702020,4550479,80.2,153.05862,81.69328,79.06039,4702020,4550479,81.69328,79.06039,2021-12-13
3419,2314,5552,8815147,4705439,4552793,80.2,153.15508,81.75268,79.1006,4705439,4552793,81.75268,79.1006,2021-12-14
3542,2146,5531,8820678,4708981,4554939,78.0,153.25118,81.81422,79.13788,4708981,4554939,81.81422,79.13788,2021-12-15
4954,2461,7259,8827937,4713935,4557400,77.0,153.3773,81.90029,79.18064,4713935,4557400,81.90029,79.18064,2021-12-16
4767,2397,7085,8835022,4718702,4559797,77.1,153.50039,81.98311,79.22228,4718702,4559797,81.98311,79.22228,2021-12-17
0,0,0,8835022,4718702,4559797,77.1,153.50039,81.98311,79.22228,4718702,4559797,81.98311,79.22228,2021-12-18
5626,3664,426445,9261467,4724328,4563461,92.0,160.90948,82.08086,79.28594,4724328,4563461,82.08086,79.28594,2021-12-19
5626,3665,426446,9687913,4729954,4567126,92.0,168.31859,82.17861,79.34962,4729954,4567126,82.17861,79.34962,2021-12-20
5626,3664,426446,10114359,4735580,4570790,92.0,175.7277,82.27635,79.41328,4735580,4570790,82.27635,79.41328,2021-12-21
5626,3665,426446,10540805,4741206,4574455,92.0,183.1368,82.3741,79.47695,4741206,4574455,82.3741,79.47695,2021-12-22
6181,5175,86049,10626854,4747387,4579630,90.9,184.63183,82.48149,79.56686,4747387,4579630,82.48149,79.56686,2021-12-23
3829,2639,44584,10671438,4751216,4582269,91.3,185.40643,82.54801,79.61271,4751216,4582269,82.54801,79.61271,2021-12-24
1233,1290,19300,10690738,4752449,4583559,91.5,185.74175,82.56944,79.63513,4752449,4583559,82.56944,79.63513,2021-12-25
131,175,3186,10693924,4752580,4583734,91.5,185.79711,82.57171,79.63817,4752580,4583734,82.57171,79.63817,2021-12-26
4260,2568,28844,10722768,4756840,4586302,90.7,186.29824,82.64573,79.68278,4756840,4586302,82.64573,79.68278,2021-12-27
5171,4025,54461,10777229,4762011,4590327,91.2,187.24445,82.73557,79.75271,4762011,4590327,82.73557,79.75271,2021-12-28
7533,6290,91972,10869201,4769544,4596617,92.0,188.84238,82.86645,79.862,4769544,4596617,82.86645,79.862,2021-12-29
4981,3208,56249,10925450,4774525,4599825,92.4,189.81966,82.95299,79.91773,4774525,4599825,82.95299,79.91773,2021-12-30
4558,2974,50633,10976083,4779083,4602799,92.9,190.69936,83.03218,79.9694,4779083,4602799,83.03218,79.9694,2021-12-31
1968,1180,21144,10997227,4781051,4603979,93.1,191.06672,83.06637,79.98991,4781051,4603979,83.06637,79.98991,2022-01-01
4762,2415,34703,11031930,4785813,4606394,93.4,191.66965,83.1491,80.03186,4785813,4606394,83.1491,80.03186,2022-01-02
3981,3565,51038,11082968,4789794,4609959,93.8,192.55639,83.21827,80.0938,4789794,4609959,83.21827,80.0938,2022-01-03
5174,3821,62087,11145055,4794968,4613780,94.3,193.63509,83.30816,80.16019,4794968,4613780,83.30816,80.16019,2022-01-04
5226,3817,61957,11207012,4800194,4617597,92.6,194.71154,83.39896,80.22651,4800194,4617597,83.39896,80.22651,2022-01-05
4791,2930,50710,11257722,4804985,4620527,93.0,195.59258,83.4822,80.27741,4804985,4620527,83.4822,80.27741,2022-01-06
4604,3103,53394,11311116,4809589,4623630,93.4,196.52025,83.56219,80.33132,4809589,4623630,83.56219,80.33132,2022-01-07
6915,3897,63283,11374399,4816504,4627527,93.9,197.61973,83.68233,80.39903,4816504,4627527,83.68233,80.39903,2022-01-08
6779,3227,53808,11428207,4823283,4630754,94.4,198.5546,83.80011,80.4551,4823283,4630754,83.80011,80.4551,2022-01-09
10712,15378,74051,11502258,4833995,4646132,95.0,199.84117,83.98622,80.72228,4833995,4646132,83.98622,80.72228,2022-01-10
6438,5242,69580,11571838,4840433,4651374,95.6,201.05005,84.09808,80.81335,4840433,4651374,84.09808,80.81335,2022-01-11
6787,4997,69020,11640858,4847220,4656371,93.8,202.24921,84.21599,80.90017,4847220,4656371,84.21599,80.90017,2022-01-12
6794,5340,71240,11712098,4854014,4661711,93.6,203.48694,84.33403,80.99295,4854014,4661711,84.33403,80.99295,2022-01-13
7430,4929,70243,11782341,4861444,4666640,94.2,204.70735,84.46312,81.07858,4861444,4666640,84.46312,81.07858,2022-01-14
9879,3339,69746,11852087,4871323,4669979,94.8,205.91912,84.63476,81.1366,4871323,4669979,84.63476,81.1366,2022-01-15
8774,4151,56418,11908505,4880097,4674130,95.2,206.89933,84.7872,81.20871,4880097,4674130,84.7872,81.20871,2022-01-16
5555,4021,54468,11962973,4885652,4678151,95.6,207.84567,84.88372,81.27858,4885652,4678151,84.88372,81.27858,2022-01-17
6112,5523,65442,12028415,4891764,4683674,96.1,208.98266,84.98991,81.37453,4891764,4683674,84.98991,81.37453,2022-01-18
5533,5286,62040,12090455,4897297,4688960,94.8,210.06055,85.08604,81.46637,4897297,4688960,85.08604,81.46637,2022-01-19
5615,5671,62498,12152953,4902912,4694631,94.7,211.14639,85.18359,81.5649,4902912,4694631,85.18359,81.5649,2022-01-20
5178,4665,56086,12209039,4908090,4699296,95.1,212.12084,85.27355,81.64595,4908090,4699296,85.27355,81.64595,2022-01-21
2673,1775,55933,12264972,4910763,4701071,95.5,213.09262,85.32,81.67679,4910763,4701071,85.32,81.67679,2022-01-22
10568,7026,51893,12316865,4921331,4708097,96.0,213.99421,85.50361,81.79886,4921331,4708097,85.50361,81.79886,2022-01-23
3840,4812,49165,12366030,4925171,4712909,96.3,214.84841,85.57032,81.88246,4925171,4712909,85.57032,81.88246,2022-01-24
4359,5487,54317,12420347,4929530,4718396,96.7,215.79212,85.64606,81.9778,4929530,4718396,85.64606,81.9778,2022-01-25
4124,5272,51513,12471860,4933654,4723668,96.5,216.68711,85.71771,82.06939,4933654,4723668,85.71771,82.06939,2022-01-26
4223,5436,51054,12522914,4937877,4729104,96.2,217.57413,85.79108,82.16384,4937877,4729104,85.79108,82.16384,2022-01-27
4069,4632,49562,12572476,4941946,4733736,95.8,218.43522,85.86177,82.24431,4941946,4733736,85.86177,82.24431,2022-01-28
6568,6927,55478,12627954,4948514,4740663,96.2,219.3991,85.97588,82.36466,4948514,4740663,85.97588,82.36466,2022-01-29
5722,6507,45238,12673192,4954236,4747170,96.6,220.18507,86.0753,82.47772,4954236,4747170,86.0753,82.47772,2022-01-30
3557,5121,42885,12716077,4957793,4752291,96.9,220.93016,86.1371,82.56669,4957793,4752291,86.1371,82.56669,2022-01-31
3568,5661,44768,12760845,4961361,4757952,97.2,221.70796,86.19909,82.66505,4961361,4757952,86.19909,82.66505,2022-02-01
2785,5326,38828,12799673,4964146,4763278,95.8,222.38256,86.24748,82.75758,4964146,4763278,86.24748,82.75758,2022-02-02
2628,5879,32579,12832252,4966774,4769157,95.3,222.94859,86.29314,82.85972,4966774,4769157,86.29314,82.85972,2022-02-03
940,3163,11312,12843564,4967714,4772320,95.4,223.14513,86.30947,82.91468,4967714,4772320,86.30947,82.91468,2022-02-04
6347,10705,52600,12896164,4974061,4783025,95.8,224.059,86.41974,83.10067,4974061,4783025,86.41974,83.10067,2022-02-05
3636,7642,27521,12923685,4977697,4790667,96.0,224.53715,86.48291,83.23344,4977697,4790667,86.48291,83.23344,2022-02-06
1553,5278,20478,12944163,4979250,4795945,96.1,224.89294,86.50989,83.32514,4979250,4795945,86.50989,83.32514,2022-02-07
1641,6148,21489,12965652,4980891,4802093,96.3,225.26629,86.53841,83.43195,4980891,4802093,86.53841,83.43195,2022-02-08
1784,6100,20352,12986004,4982675,4808193,94.4,225.61989,86.5694,83.53794,4982675,4808193,86.5694,83.53794,2022-02-09
1555,6301,18429,13004433,4984230,4814494,94.6,225.94008,86.59642,83.64741,4984230,4814494,86.59642,83.64741,2022-02-10
1511,5698,17056,13021489,4985741,4820192,94.7,226.23641,86.62267,83.74641,4985741,4820192,86.62267,83.74641,2022-02-11
3153,7989,26355,13047844,4988894,4828181,94.9,226.6943,86.67745,83.88521,4988894,4828181,86.67745,83.88521,2022-02-12
2263,7299,22715,13070559,4991157,4835480,95.0,227.08896,86.71677,84.01202,4991157,4835480,86.71677,84.01202,2022-02-13
1187,4917,14291,13084850,4992344,4840397,95.1,227.33725,86.73739,84.09745,4992344,4840397,86.73739,84.09745,2022-02-14
1448,5107,18971,13103821,4993792,4845504,95.3,227.66685,86.76255,84.18618,4993792,4845504,86.76255,84.18618,2022-02-15
997,4238,12869,13116690,4994789,4849742,82.0,227.89044,86.77987,84.25981,4994789,4849742,86.77987,84.25981,2022-02-16
121,2850,4038,13120728,4994910,4852592,94.3,227.9606,86.78197,84.30933,4994910,4852592,86.78197,84.30933,2022-02-17
1000,6287,15367,13136095,4995910,4858879,94.4,228.22758,86.79935,84.41856,4995910,4858879,86.79935,84.41856,2022-02-18
955,7491,16098,13152193,4996865,4866370,94.5,228.50727,86.81594,84.54871,4996865,4866370,86.81594,84.54871,2022-02-19
477,5850,10535,13162728,4997342,4872220,94.6,228.69031,86.82423,84.65035,4997342,4872220,86.82423,84.65035,2022-02-20
349,3223,7385,13170113,4997691,4875443,94.7,228.81861,86.83029,84.70634,4997691,4875443,86.83029,84.70634,2022-02-21
436,3726,9357,13179470,4998127,4879169,94.9,228.98118,86.83787,84.77108,4998127,4879169,86.83787,84.77108,2022-02-22
630,3206,8661,13188131,4998757,4882375,93.8,229.13166,86.84881,84.82678,4998757,4882375,86.84881,84.82678,2022-02-23
500,2972,7982,13196113,4999257,4885347,93.8,229.27034,86.8575,84.87842,4999257,4885347,86.8575,84.87842,2022-02-24
667,2870,8465,13204578,4999924,4888217,93.9,229.41741,86.86909,84.92828,4999924,4888217,86.86909,84.92828,2022-02-25
867,5798,14661,13219239,5000791,4894015,94.0,229.67213,86.88415,85.02901,5000791,4894015,86.88415,85.02901,2022-02-26
236,2977,6455,13225694,5001027,4896992,94.1,229.78428,86.88825,85.08074,5001027,4896992,86.88825,85.08074,2022-02-27
420,3604,9651,13235345,5001447,4900596,94.1,229.95196,86.89555,85.14335,5001447,4900596,86.89555,85.14335,2022-02-28
599,2174,8128,13243473,5002046,4902770,93.5,230.09318,86.90595,85.18112,5002046,4902770,86.90595,85.18112,2022-03-01
749,2002,6596,13250069,5002795,4904772,92.1,230.20778,86.91897,85.21591,5002795,4904772,86.91897,85.21591,2022-03-02
506,2146,6016,13256085,5003301,4906918,92.2,230.3123,86.92776,85.25319,5003301,4906918,86.92776,85.25319,2022-03-03
543,1823,5839,13261924,5003844,4908741,92.2,230.41375,86.93719,85.28487,5003844,4908741,86.93719,85.28487,2022-03-04
698,3586,9599,13271523,5004542,4912327,92.3,230.58052,86.94932,85.34717,5004542,4912327,86.94932,85.34717,2022-03-05
411,2678,6063,13277586,5004953,4915005,92.3,230.68586,86.95646,85.3937,5004953,4915005,86.95646,85.3937,2022-03-06
376,1240,4403,13281989,5005329,4916245,92.4,230.76236,86.96299,85.41524,5005329,4916245,86.96299,85.41524,2022-03-07
366,1594,5777,13287766,5005695,4917839,92.4,230.86273,86.96935,85.44293,5005695,4917839,86.96935,85.44293,2022-03-08
420,1244,5103,13292869,5006115,4919083,91.2,230.95139,86.97665,85.46455,5006115,4919083,86.97665,85.46455,2022-03-09
384,990,4668,13297537,5006499,4920073,91.2,231.03249,86.98332,85.48175,5006499,4920073,86.98332,85.48175,2022-03-10
451,1011,4686,13302223,5006950,4921084,91.3,231.1139,86.99116,85.49931,5006950,4921084,86.99116,85.49931,2022-03-11
174,508,1690,13303913,5007124,4921592,91.3,231.14327,86.99418,85.50814,5007124,4921592,86.99418,85.50814,2022-03-12
707,2170,9385,13313298,5007831,4923762,91.3,231.30632,87.00646,85.54584,5007831,4923762,87.00646,85.54584,2022-03-13
322,722,3580,13316878,5008153,4924484,91.4,231.36852,87.01206,85.55839,5008153,4924484,87.01206,85.55839,2022-03-14
417,846,6626,13323504,5008570,4925330,91.4,231.48364,87.0193,85.57308,5008570,4925330,87.0193,85.57308,2022-03-15
417,812,4404,13327908,5008987,4926142,91.4,231.56016,87.02655,85.58719,5008987,4926142,87.02655,85.58719,2022-03-16
381,741,4015,13331923,5009368,4926883,91.5,231.62991,87.03317,85.60007,5009368,4926883,87.03317,85.60007,2022-03-17
373,755,4037,13335960,5009741,4927638,91.5,231.70005,87.03965,85.61318,5009741,4927638,87.03965,85.61318,2022-03-18
504,1101,5830,13341790,5010245,4928739,91.5,231.80134,87.0484,85.63231,5010245,4928739,87.0484,85.63231,2022-03-19
291,617,3267,13345057,5010536,4929356,91.5,231.85811,87.05346,85.64303,5010536,4929356,87.05346,85.64303,2022-03-20
132,406,2508,13347565,5010668,4929762,91.6,231.90168,87.05575,85.65009,5010668,4929762,87.05575,85.65009,2022-03-21
-453,531,2768,13350333,5010215,4930293,91.6,231.94977,87.04788,85.65931,5010215,4930293,87.04788,85.65931,2022-03-22
68,594,3064,13353397,5010283,4930887,91.6,232.00301,87.04906,85.66963,5010283,4930887,87.04906,85.66963,2022-03-23
5,484,2871,13356268,5010288,4931371,91.6,232.05289,87.04915,85.67804,5010288,4931371,87.04915,85.67804,2022-03-24
1481,1910,5693,13361961,5011769,4933281,91.7,232.1518,87.07488,85.71123,5011769,4933281,87.07488,85.71123,2022-03-25
381,1079,5425,13367386,5012150,4934360,91.7,232.24605,87.0815,85.72997,5012150,4934360,87.0815,85.72997,2022-03-26
96,277,1059,13368445,5012246,4934637,91.7,232.26445,87.08317,85.73478,5012246,4934637,87.08317,85.73478,2022-03-27
116,355,1744,13370189,5012362,4934992,91.7,232.29475,87.08519,85.74095,5012362,4934992,87.08519,85.74095,2022-03-28
331,921,5828,13376017,5012693,4935913,91.8,232.39601,87.09094,85.75695,5012693,4935913,87.09094,85.75695,2022-03-29
0,0,0,13376017,5012693,4935913,91.8,232.39601,87.09094,85.75695,5012693,4935913,87.09094,85.75695,2022-03-30
