delta_1d,delta_2d,delta_all,sum_doses,sum_1d,sum_2d,perc_doses,perc_inh_tot,perc_inh_1d,perc_inh_2d,sum_monotone_1d,sum_monotone_2d,perc_inh_monotone_1d,perc_inh_monotone_2d,date
0,0,0,0,0,0,0,0,0,0,0,0,0,0,2020-12-26
135,1,135,135,135,1,42.2,0.00885,0.00885,7e-05,135,1,0.00885,7e-05,2020-12-27
81,0,81,216,216,1,67.5,0.01417,0.01417,7e-05,216,1,0.01417,7e-05,2020-12-28
125,0,125,341,341,1,106.6,0.02236,0.02236,7e-05,341,1,0.02236,7e-05,2020-12-29
13,0,13,354,354,1,2.2,0.02322,0.02322,7e-05,354,1,0.02322,7e-05,2020-12-30
991,1,991,1345,1345,2,8.4,0.08821,0.08821,0.00013,1345,2,0.08821,0.00013,2020-12-31
146,0,146,1491,1491,2,9.4,0.09778,0.09778,0.00013,1491,2,0.09778,0.00013,2021-01-01
698,0,698,2189,2189,2,13.8,0.14356,0.14356,0.00013,2189,2,0.14356,0.00013,2021-01-02
740,0,740,2929,2929,2,18.4,0.19209,0.19209,0.00013,2929,2,0.19209,0.00013,2021-01-03
2627,2,2627,5556,5556,4,34.9,0.36437,0.36437,0.00026,5556,4,0.36437,0.00026,2021-01-04
2887,0,2887,8443,8443,4,30.6,0.5537,0.5537,0.00026,8443,4,0.5537,0.00026,2021-01-05
1669,4,1669,10112,10112,8,36.6,0.66316,0.66316,0.00052,10112,8,0.66316,0.00052,2021-01-06
3238,4,3238,13350,13350,12,45.1,0.87551,0.87551,0.00079,13350,12,0.87551,0.00079,2021-01-07
2948,5,2948,16298,16298,17,55.1,1.06884,1.06884,0.00111,16298,17,1.06884,0.00111,2021-01-08
1345,2,1345,17643,17643,19,59.7,1.15705,1.15705,0.00125,17643,19,1.15705,0.00125,2021-01-09
657,5,657,18300,18300,24,61.9,1.20014,1.20014,0.00157,18300,24,1.20014,0.00157,2021-01-10
2661,3,2661,20961,20961,27,62.6,1.37465,1.37465,0.00177,20961,27,1.37465,0.00177,2021-01-11
2481,3,2481,23442,23442,30,49.7,1.53736,1.53736,0.00197,23442,30,1.53736,0.00197,2021-01-12
2772,6,2772,26214,26214,36,55.6,1.71915,1.71915,0.00236,26214,36,1.71915,0.00236,2021-01-13
2985,2,2985,29199,29199,38,62.0,1.91491,1.91491,0.00249,29199,38,1.91491,0.00249,2021-01-14
2268,7,2268,31467,31467,45,66.8,2.06365,2.06365,0.00295,31467,45,2.06365,0.00295,2021-01-15
1281,5,1281,32748,32748,50,69.5,2.14765,2.14765,0.00328,32748,50,2.14765,0.00328,2021-01-16
869,2,869,33617,33617,52,71.3,2.20464,2.20464,0.00341,33617,52,2.20464,0.00341,2021-01-17
1993,161,2150,35767,35610,213,72.3,2.34564,2.33535,0.01397,35610,213,2.33535,0.01397,2021-01-18
1289,98,1382,37149,36899,311,75.1,2.43628,2.41988,0.0204,36899,311,2.41988,0.0204,2021-01-19
1549,14,1562,38711,38448,325,74.7,2.53872,2.52147,0.02131,38448,325,2.52147,0.02131,2021-01-20
682,433,1114,39825,39130,758,60.5,2.61177,2.56619,0.04971,39130,758,2.56619,0.04971,2021-01-21
1344,497,1834,41659,40474,1255,63.3,2.73205,2.65434,0.0823,40474,1255,2.65434,0.0823,2021-01-22
156,661,817,42476,40630,1916,64.5,2.78563,2.66457,0.12565,40630,1916,2.66457,0.12565,2021-01-23
118,646,764,43240,40748,2562,65.7,2.83573,2.6723,0.16802,40748,2562,2.6723,0.16802,2021-01-24
473,2268,2738,45978,41221,4830,69.8,3.01529,2.70332,0.31676,41221,4830,2.70332,0.31676,2021-01-25
16,2481,2497,48475,41237,7311,65.5,3.17905,2.70437,0.47946,41237,7311,2.70437,0.47946,2021-01-26
143,1614,1756,50231,41380,8925,64.8,3.29421,2.71375,0.58531,41380,8925,2.71375,0.58531,2021-01-27
38,2821,2859,53090,41418,11746,68.5,3.48171,2.71624,0.77032,41418,11746,2.71624,0.77032,2021-01-28
61,3047,3108,56198,41479,14793,72.5,3.68554,2.72024,0.97014,41479,14793,2.72024,0.97014,2021-01-29
24,1652,1675,57873,41503,16445,74.6,3.79538,2.72182,1.07848,41503,16445,2.72182,1.07848,2021-01-30
3,626,629,58502,41506,17071,75.4,3.83663,2.72202,1.11954,41506,17071,2.72202,1.11954,2021-01-31
101,2477,2578,61080,41607,19548,77.1,4.0057,2.72864,1.28198,41607,19548,2.72864,1.28198,2021-02-01
129,2551,2678,63758,41736,22099,66.7,4.18133,2.7371,1.44928,41736,22099,2.7371,1.44928,2021-02-02
50,2280,2330,66088,41786,24379,69.1,4.33413,2.74038,1.59881,41786,24379,2.74038,1.59881,2021-02-03
174,2652,2826,68914,41960,27031,72.1,4.51947,2.75179,1.77273,41960,27031,2.75179,1.77273,2021-02-04
304,2445,2748,71662,42264,29476,74.9,4.69968,2.77173,1.93307,42264,29476,2.77173,1.93307,2021-02-05
145,1750,1895,73557,42409,31226,76.9,4.82396,2.78124,2.04784,42409,31226,2.78124,2.04784,2021-02-06
2,406,408,73965,42411,31632,77.4,4.85072,2.78137,2.07447,42411,31632,2.78137,2.07447,2021-02-07
297,1687,1984,75949,42708,33319,79.4,4.98083,2.80084,2.1851,42708,33319,2.80084,2.1851,2021-02-08
264,1701,1961,77910,42972,35020,67.9,5.10944,2.81816,2.29666,42972,35020,2.81816,2.29666,2021-02-09
1023,1317,2335,80245,43995,36337,69.9,5.26257,2.88525,2.38303,43995,36337,2.88525,2.38303,2021-02-10
1104,903,1997,82242,45099,37240,71.6,5.39353,2.95765,2.44225,45099,37240,2.95765,2.44225,2021-02-11
897,1049,1945,84187,45996,38289,73.3,5.52109,3.01648,2.51104,45996,38289,3.01648,2.51104,2021-02-12
802,284,1082,85269,46798,38573,67.2,5.59205,3.06907,2.52967,46798,38573,3.06907,2.52967,2021-02-13
234,0,234,85503,47032,38573,67.4,5.60739,3.08442,2.52967,47032,38573,3.08442,2.52967,2021-02-14
1868,418,2274,87777,48900,38991,69.2,5.75653,3.20692,2.55708,48900,38991,3.20692,2.55708,2021-02-15
2000,445,2436,90213,50900,39436,71.1,5.91628,3.33809,2.58626,50900,39436,3.33809,2.58626,2021-02-16
2269,455,2707,92920,53169,39891,73.2,6.09381,3.48689,2.6161,53169,39891,3.48689,2.6161,2021-02-17
2434,353,2774,95694,55603,40244,64.7,6.27573,3.64651,2.63925,55603,40244,3.64651,2.63925,2021-02-18
3053,197,3230,98924,58656,40441,66.0,6.48756,3.84673,2.65217,58656,40441,3.84673,2.65217,2021-02-19
1339,8,1340,100264,59995,40449,62.4,6.57544,3.93455,2.6527,59995,40449,3.93455,2.6527,2021-02-20
867,8,871,101135,60862,40457,62.9,6.63256,3.99141,2.65322,60862,40457,3.99141,2.65322,2021-02-21
3209,155,3352,104487,64071,40612,65.0,6.85239,4.20186,2.66339,64071,40612,4.20186,2.66339,2021-02-22
3702,152,3812,108299,67773,40764,59.2,7.10238,4.44464,2.67335,67773,40764,4.44464,2.67335,2021-02-23
3512,315,3770,112069,71285,41079,61.2,7.34963,4.67496,2.69401,71285,41079,4.67496,2.69401,2021-02-24
3332,157,3463,115532,74617,41236,63.1,7.57673,4.89348,2.70431,74617,41236,4.89348,2.70431,2021-02-25
3443,358,3774,119306,78060,41594,65.2,7.82424,5.11927,2.72779,78060,41594,5.11927,2.72779,2021-02-26
1761,139,1890,121196,79821,41733,62.5,7.94819,5.23476,2.7369,79821,41733,5.23476,2.7369,2021-02-27
1051,18,1061,122257,80872,41751,63.1,8.01777,5.30369,2.73808,80872,41751,5.30369,2.73808,2021-02-28
3408,162,3546,125803,84280,41913,62.2,8.25032,5.52719,2.74871,84280,41913,5.52719,2.74871,2021-03-01
3777,320,4086,129889,88057,42233,57.5,8.51828,5.77489,2.76969,88057,42233,5.77489,2.76969,2021-03-02
3554,1147,4588,134477,91611,43380,59.6,8.81917,6.00796,2.84491,91611,43380,6.00796,2.84491,2021-03-03
3869,915,4746,139223,95480,44295,61.7,9.13042,6.2617,2.90492,95480,44295,6.2617,2.90492,2021-03-04
3742,1201,4881,144104,99222,45496,63.8,9.45052,6.5071,2.98368,99222,45496,6.5071,2.98368,2021-03-05
2603,735,3311,147415,101825,46231,65.3,9.66766,6.67781,3.03189,101825,46231,6.67781,3.03189,2021-03-06
1614,324,1915,149330,103439,46555,66.1,9.79325,6.78366,3.05314,103439,46555,6.78366,3.05314,2021-03-07
3941,1732,5638,154968,107380,48287,68.6,10.163,7.04211,3.16672,107380,48287,7.04211,3.16672,2021-03-08
4514,1501,5947,160915,111894,49788,64.3,10.55301,7.33815,3.26516,111894,49788,7.33815,3.26516,2021-03-09
4006,1982,5926,166841,115900,51770,62.5,10.94164,7.60087,3.39514,115900,51770,7.60087,3.39514,2021-03-10
4409,2076,6426,173267,120309,53846,64.9,11.36307,7.89001,3.53129,120309,53846,7.89001,3.53129,2021-03-11
3751,2549,6235,179502,124060,56395,67.2,11.77197,8.13601,3.69845,124060,56395,8.13601,3.69845,2021-03-12
2994,903,3855,183357,127054,57298,67.1,12.02478,8.33236,3.75767,127054,57298,8.33236,3.75767,2021-03-13
1055,621,1663,185020,128109,57919,67.7,12.13384,8.40155,3.7984,128109,57919,8.40155,3.7984,2021-03-14
4564,2887,7387,192407,132673,60806,64.6,12.61829,8.70086,3.98773,132673,60806,8.70086,3.98773,2021-03-15
2362,3782,6101,198508,135035,64588,66.6,13.0184,8.85576,4.23576,135035,64588,8.85576,4.23576,2021-03-16
2479,3112,5569,204077,137514,67700,68.5,13.38363,9.01834,4.43985,137514,67700,9.01834,4.43985,2021-03-17
2012,3018,4999,209076,139526,70718,70.2,13.71147,9.15029,4.63778,139526,70718,9.15029,4.63778,2021-03-18
2153,3208,5309,214385,141679,73926,71.9,14.05964,9.29149,4.84816,141679,73926,9.29149,4.84816,2021-03-19
1144,1193,2320,216705,142823,75119,72.7,14.21179,9.36651,4.9264,142823,75119,9.36651,4.9264,2021-03-20
69,485,554,217259,142892,75604,72.9,14.24812,9.37104,4.95821,142892,75604,9.37104,4.95821,2021-03-21
4826,3039,7772,225031,147718,78643,67.3,14.75781,9.68753,5.15751,147718,78643,9.68753,5.15751,2021-03-22
6088,3325,9311,234342,153806,81968,70.1,15.36844,10.08679,5.37556,153806,81968,10.08679,5.37556,2021-03-23
5901,3399,9198,243540,159707,85367,72.8,15.97166,10.47379,5.59847,159707,85367,10.47379,5.59847,2021-03-24
6363,3563,9791,253331,166070,88930,74.2,16.61376,10.89108,5.83214,166070,88930,10.89108,5.83214,2021-03-25
6203,3283,9366,262697,172273,92213,76.9,17.228,11.29788,6.04744,172273,92213,11.29788,6.04744,2021-03-26
2540,1430,3939,266636,174813,93643,78.1,17.48632,11.46446,6.14123,174813,93643,11.46446,6.14123,2021-03-27
389,761,1141,267777,175202,94404,78.4,17.56115,11.48997,6.19113,175202,94404,11.48997,6.19113,2021-03-28
7464,3254,10603,278380,182666,97658,73.7,18.25651,11.97947,6.40453,182666,97658,11.97947,6.40453,2021-03-29
8839,3496,12240,290620,191505,101154,76.9,19.05922,12.55914,6.63381,191505,101154,12.55914,6.63381,2021-03-30
9180,2895,11959,302579,200685,104049,80.0,19.84351,13.16117,6.82366,200685,104049,13.16117,6.82366,2021-03-31
9673,2866,12449,315028,210358,106915,83.3,20.65993,13.79554,7.01162,210358,106915,13.79554,7.01162,2021-04-01
9310,2586,11799,326827,219668,109501,82.7,21.43372,14.4061,7.18121,219668,109501,14.4061,7.18121,2021-04-02
4466,983,5412,332239,224134,110484,77.8,21.78865,14.69899,7.24568,224134,110484,14.69899,7.24568,2021-04-03
513,256,764,333003,224647,110740,77.9,21.83875,14.73263,7.26247,224647,110740,14.73263,7.26247,2021-04-04
2334,1674,3987,336990,226981,112414,78.9,22.10023,14.8857,7.37225,226981,112414,14.8857,7.37225,2021-04-05
11004,2395,13274,350264,237985,114809,72.8,22.97075,15.60735,7.52932,237985,114809,15.60735,7.52932,2021-04-06
11410,2410,13712,363976,249395,117219,75.6,23.87,16.35564,7.68737,249395,117219,16.35564,7.68737,2021-04-07
11755,2193,13804,377780,261150,119412,78.5,24.77529,17.12654,7.83119,261150,119412,17.12654,7.83119,2021-04-08
10706,1933,12496,390276,271856,121345,81.1,25.59479,17.82866,7.95796,271856,121345,17.82866,7.95796,2021-04-09
6984,992,7899,398175,278840,122337,82.7,26.11282,18.28668,8.02301,278840,122337,18.28668,8.02301,2021-04-10
4005,297,4254,402429,282845,122634,83.6,26.3918,18.54933,8.04249,282845,122634,18.54933,8.04249,2021-04-11
10371,2127,12397,414826,293216,124761,86.2,27.20481,19.22947,8.18198,293216,124761,19.22947,8.18198,2021-04-12
11050,2156,13093,427919,304266,126917,88.9,28.06346,19.95415,8.32338,304266,126917,19.95415,8.32338,2021-04-13
10880,2342,13095,441014,315146,129259,84.7,28.92225,20.66767,8.47697,315146,129259,20.66767,8.47697,2021-04-14
10007,1971,11868,452882,325153,131230,86.3,29.70057,21.32394,8.60623,325153,131230,21.32394,8.60623,2021-04-15
10202,2005,12040,464922,335355,133235,88.6,30.49017,21.993,8.73772,335355,133235,21.993,8.73772,2021-04-16
6640,819,7397,472319,341995,134054,90.0,30.97527,22.42846,8.79143,341995,134054,22.42846,8.79143,2021-04-17
2152,527,2622,474941,344147,134581,90.5,31.14723,22.56959,8.82599,344147,134581,22.56959,8.82599,2021-04-18
9015,3929,12850,487791,353162,138510,91.1,31.98995,23.16081,9.08366,353162,138510,23.16081,9.08366,2021-04-19
9901,4520,14268,502059,363063,143030,93.8,32.92566,23.81013,9.38009,363063,143030,23.81013,9.38009,2021-04-20
8953,5443,14302,516361,372016,148473,88.6,33.8636,24.39728,9.73705,372016,148473,24.39728,9.73705,2021-04-21
8790,5232,13884,530245,380806,153705,90.3,34.77413,24.97373,10.08017,380806,153705,24.97373,10.08017,2021-04-22
8572,6245,14703,544948,389378,159950,92.8,35.73837,25.5359,10.48972,389378,159950,25.5359,10.48972,2021-04-23
5069,3306,8223,553171,394447,163256,94.2,36.27765,25.86833,10.70653,394447,163256,25.86833,10.70653,2021-04-24
1521,427,1936,555107,395968,163683,94.6,36.40461,25.96808,10.73454,395968,163683,25.96808,10.73454,2021-04-25
7958,4632,10602,565709,403926,168315,94.9,37.09991,26.48997,11.03831,403926,168315,26.48997,11.03831,2021-04-26
7207,9340,14827,580536,411133,177655,96.9,38.07228,26.96262,11.65084,411133,177655,26.96262,11.65084,2021-04-27
6467,8107,14480,595016,417600,185762,90.9,39.02189,27.38673,12.1825,417600,185762,27.38673,12.1825,2021-04-28
6742,8973,15605,610621,424342,194735,93.3,40.04529,27.82888,12.77097,424342,194735,27.82888,12.77097,2021-04-29
5866,8677,14449,625070,430208,203412,95.5,40.99287,28.21358,13.34001,430208,203412,28.21358,13.34001,2021-04-30
1345,5841,7157,632227,431553,209253,88.8,41.46224,28.30179,13.72307,431553,209253,28.30179,13.72307,2021-05-01
508,3483,3983,636210,432061,212736,89.4,41.72345,28.3351,13.95149,432061,212736,28.3351,13.95149,2021-05-02
6452,7097,13274,649484,438513,219833,91.3,42.59397,28.75823,14.41692,438513,219833,28.75823,14.41692,2021-05-03
5434,8352,13670,663154,443947,228185,93.2,43.49047,29.1146,14.96466,443947,228185,29.1146,14.96466,2021-05-04
5260,8589,13737,676891,449207,236774,88.4,44.39136,29.45956,15.52794,449207,236774,29.45956,15.52794,2021-05-05
6204,8745,14552,691443,455411,245519,90.3,45.3457,29.86642,16.10144,455411,245519,29.86642,16.10144,2021-05-06
5807,8326,13628,705071,461218,253845,91.0,46.23944,30.24725,16.64747,461218,253845,30.24725,16.64747,2021-05-07
2311,5338,7540,712611,463529,259183,92.0,46.73392,30.39881,16.99755,463529,259183,30.39881,16.99755,2021-05-08
1117,1743,2830,715441,464646,260926,92.4,46.91952,30.47207,17.11185,464646,260926,30.47207,17.11185,2021-05-09
6278,6773,12667,728108,470924,267699,94.0,47.75024,30.88379,17.55604,470924,267699,30.88379,17.55604,2021-05-10
7315,6785,13952,742060,478239,274484,95.7,48.66522,31.36351,18.001,478239,274484,31.36351,18.001,2021-05-11
6713,5809,12125,754185,484952,280293,91.0,49.4604,31.80376,18.38197,484952,280293,31.80376,18.38197,2021-05-12
9054,4706,13331,767516,494006,284999,92.6,50.33466,32.39753,18.69059,494006,284999,32.39753,18.69059,2021-05-13
8810,4607,13169,780685,502816,289606,92.9,51.1983,32.9753,18.99272,502816,289606,32.9753,18.99272,2021-05-14
4355,3046,7331,788016,507171,292652,93.7,51.67908,33.26091,19.19248,507171,292652,33.26091,19.19248,2021-05-15
2145,1598,3716,791732,509316,294250,94.2,51.92278,33.40158,19.29728,509316,294250,33.40158,19.29728,2021-05-16
8666,3935,12050,803782,517982,298185,95.6,52.71303,33.96991,19.55535,517982,298185,33.96991,19.55535,2021-05-17
10193,3555,13509,817291,528175,301740,97.0,53.59897,34.63838,19.78849,528175,301740,34.63838,19.78849,2021-05-18
10458,3599,13589,830880,538633,305339,92.8,54.49015,35.32423,20.02451,538633,305339,35.32423,20.02451,2021-05-19
8906,4404,12953,843833,547539,309743,94.2,55.33963,35.90829,20.31333,547539,309743,35.90829,20.31333,2021-05-20
9734,3308,12880,856713,557273,313051,94.1,56.18431,36.54666,20.53028,557273,313051,36.54666,20.53028,2021-05-21
4970,1812,6660,863373,562243,314863,94.9,56.62108,36.8726,20.64911,562243,314863,36.8726,20.64911,2021-05-22
1186,1140,2311,865684,563429,316003,95.1,56.77264,36.95038,20.72387,563429,316003,36.95038,20.72387,2021-05-23
9387,2895,11903,877587,572816,318898,94.7,57.55326,37.56599,20.91373,572816,318898,37.56599,20.91373,2021-05-24
11095,3970,14299,891886,583911,322868,96.2,58.491,38.29362,21.17409,583911,322868,38.29362,21.17409,2021-05-25
12316,6067,16704,908590,596227,328935,92.8,59.58647,39.10131,21.57197,596227,328935,39.10131,21.57197,2021-05-26
12840,5693,17028,925618,609067,334628,94.5,60.70319,39.94338,21.94532,609067,334628,39.94338,21.94532,2021-05-27
11769,5955,16341,941959,620836,340583,96.2,61.77485,40.7152,22.33586,620836,340583,40.7152,22.33586,2021-05-28
4020,3748,6897,948856,624856,344331,96.9,62.22717,40.97884,22.58166,624856,344331,40.97884,22.58166,2021-05-29
1361,2092,3315,952171,626217,346423,95.3,62.44457,41.0681,22.71885,626217,346423,41.0681,22.71885,2021-05-30
9212,7069,14763,966934,635429,353492,96.7,63.41274,41.67223,23.18245,635429,353492,41.67223,23.18245,2021-05-31
10981,7633,16362,983296,646410,361125,90.7,64.48578,42.39238,23.68303,646410,361125,42.39238,23.68303,2021-06-01
5372,4508,8549,991845,651782,365633,91.5,65.04644,42.74468,23.97867,651782,365633,42.74468,23.97867,2021-06-02
9178,8809,15578,1007423,660960,374442,92.9,66.06806,43.34659,24.55638,660960,374442,43.34659,24.55638,2021-06-03
9302,6938,14806,1022229,670262,381380,90.5,67.03906,43.95662,25.01138,670262,381380,43.95662,25.01138,2021-06-04
4956,3688,8115,1030344,675218,385068,91.2,67.57125,44.28164,25.25324,675218,385068,44.28164,25.25324,2021-06-05
2953,2270,3815,1034159,678171,387338,91.0,67.82144,44.4753,25.40211,678171,387338,44.4753,25.40211,2021-06-06
8682,8153,15729,1049888,686853,395491,92.4,68.85297,45.04468,25.9368,686853,395491,45.04468,25.9368,2021-06-07
11477,8564,18152,1068040,698330,404055,93.9,70.0434,45.79736,26.49843,698330,404055,45.79736,26.49843,2021-06-08
12524,8984,19132,1087172,710854,413039,90.1,71.2981,46.6187,27.08762,710854,413039,46.6187,27.08762,2021-06-09
13240,8113,18931,1106103,724094,421152,91.7,72.53962,47.48699,27.61968,724094,421152,47.48699,27.61968,2021-06-10
11796,7913,17885,1123988,735890,429065,92.9,73.71254,48.26059,28.13862,735890,429065,48.26059,28.13862,2021-06-11
7505,2936,10268,1134256,743395,432001,93.7,74.38593,48.75278,28.33117,743395,432001,48.75278,28.33117,2021-06-12
5191,560,5649,1139905,748586,432561,94.2,74.7564,49.09321,28.36789,748586,432561,49.09321,28.36789,2021-06-13
8290,7027,15190,1155095,756876,439588,94.7,75.75258,49.63688,28.82873,756876,439588,49.63688,28.82873,2021-06-14
9350,8248,17456,1172551,766226,447836,96.1,76.89736,50.25006,29.36965,766226,447836,50.25006,29.36965,2021-06-15
9277,7281,16421,1188972,775503,455117,91.1,77.97427,50.85846,29.84714,775503,455117,50.85846,29.84714,2021-06-16
9174,7698,16728,1205700,784677,462815,92.4,79.07132,51.4601,30.35199,784677,462815,51.4601,30.35199,2021-06-17
8202,7364,15430,1221130,792879,470179,93.6,80.08324,51.998,30.83493,792879,470179,51.998,30.83493,2021-06-18
5742,1762,7421,1228551,798621,471941,94.1,80.56991,52.37457,30.95048,798621,471941,52.37457,30.95048,2021-06-19
1062,297,1337,1229888,799683,472238,92.9,80.6576,52.44421,30.96996,799683,472238,52.44421,30.96996,2021-06-20
8583,6412,14858,1244746,808266,478650,94.1,81.632,53.0071,31.39047,808266,478650,53.0071,31.39047,2021-06-21
7677,8255,15831,1260577,815943,486905,95.2,82.67022,53.51056,31.93184,815943,486905,53.51056,31.93184,2021-06-22
9137,5379,14365,1274942,825080,492284,88.9,83.61229,54.10978,32.2846,825080,492284,54.10978,32.2846,2021-06-23
6303,4998,11190,1286132,831383,497282,89.7,84.34615,54.52314,32.61238,831383,497282,54.52314,32.61238,2021-06-24
6921,7133,13863,1299995,838304,504415,90.7,85.2553,54.97703,33.08017,838304,504415,54.97703,33.08017,2021-06-25
4504,2823,7232,1307227,842808,507238,90.0,85.72958,55.2724,33.2653,842808,507238,55.2724,33.2653,2021-06-26
696,1277,1952,1309179,843504,508515,90.1,85.8576,55.31805,33.34905,843504,508515,55.31805,33.34905,2021-06-27
7311,4479,11638,1320817,850815,512994,90.9,86.62083,55.79751,33.64279,850815,512994,55.79751,33.64279,2021-06-28
8716,6652,15211,1336028,859531,519646,92.0,87.61839,56.36912,34.07904,859531,519646,56.36912,34.07904,2021-06-29
8277,7031,15130,1351158,867808,526677,87.6,88.61063,56.91194,34.54014,867808,526677,56.91194,34.54014,2021-06-30
7390,6369,13595,1364753,875198,533046,88.4,89.50221,57.39658,34.95782,875198,533046,57.39658,34.95782,2021-07-01
6504,6729,13057,1377810,881702,539775,88.4,90.35851,57.82312,35.39912,881702,539775,57.82312,35.39912,2021-07-02
5502,3439,8838,1386648,887204,543214,89.0,90.93811,58.18395,35.62465,887204,543214,58.18395,35.62465,2021-07-03
3883,1096,4888,1391536,891087,544310,86.2,91.25867,58.4386,35.69653,891087,544310,58.4386,35.69653,2021-07-04
5376,6751,11979,1403515,896463,551061,86.9,92.04427,58.79117,36.13927,896463,551061,58.79117,36.13927,2021-07-05
5708,6817,12395,1415910,902171,557878,87.6,92.85715,59.1655,36.58634,902171,557878,59.1655,36.58634,2021-07-06
5008,6946,11840,1427750,907179,564824,85.8,93.63363,59.49394,37.04187,907179,564824,59.49394,37.04187,2021-07-07
6240,7645,13720,1441470,913419,572469,86.6,94.53341,59.90316,37.54323,913419,572469,59.90316,37.54323,2021-07-08
4250,8746,12868,1454338,917669,581215,87.3,95.37731,60.18188,38.11681,917669,581215,60.18188,38.11681,2021-07-09
2779,4221,6920,1461258,920448,585436,87.2,95.83113,60.36413,38.39363,920448,585436,60.36413,38.39363,2021-07-10
1256,933,2161,1463419,921704,586369,87.3,95.97285,60.4465,38.45481,921704,586369,60.4465,38.45481,2021-07-11
4199,9414,13478,1476897,925903,595783,88.1,96.85676,60.72188,39.0722,925903,595783,60.72188,39.0722,2021-07-12
3524,9710,13129,1490026,929427,605493,88.9,97.71777,60.95299,39.70899,929427,605493,60.95299,39.70899,2021-07-13
3476,8173,11536,1501562,932903,613666,87.0,98.47432,61.18095,40.24499,932903,613666,61.18095,40.24499,2021-07-14
5289,9749,14824,1516386,938192,623415,87.9,99.44649,61.52781,40.88434,938192,623415,61.52781,40.88434,2021-07-15
3191,9562,12641,1529027,941383,632977,88.6,100.27551,61.73708,41.51142,941383,632977,61.73708,41.51142,2021-07-16
1813,4755,6514,1535541,943196,637732,89.0,100.7027,61.85598,41.82326,943196,637732,61.85598,41.82326,2021-07-17
395,2010,2384,1537925,943591,639742,88.4,100.85905,61.88188,41.95508,943591,639742,61.88188,41.95508,2021-07-18
3402,8871,12125,1550050,946993,648613,89.1,101.65422,62.10499,42.53685,946993,648613,62.10499,42.53685,2021-07-19
2772,11332,13994,1564044,949765,659945,89.9,102.57197,62.28678,43.28002,949765,659945,62.28678,43.28002,2021-07-20
3887,15499,19253,1583297,953652,675444,88.5,103.8346,62.54169,44.29646,953652,675444,62.54169,44.29646,2021-07-21
4661,17018,21512,1604809,958313,692462,89.7,105.24539,62.84737,45.41253,958313,692462,62.84737,45.41253,2021-07-22
5258,14998,20064,1624873,963571,707460,90.8,106.56121,63.19219,46.39611,963571,707460,63.19219,46.39611,2021-07-23
2364,9356,11623,1636496,965935,716816,91.5,107.32346,63.34723,47.00969,965935,716816,63.34723,47.00969,2021-07-24
665,5814,6460,1642956,966600,722630,91.8,107.74711,63.39084,47.39098,966600,722630,63.39084,47.39098,2021-07-25
4821,13082,17722,1660678,971421,735712,92.8,108.90934,63.70701,48.24891,971421,735712,63.70701,48.24891,2021-07-26
4443,13202,17481,1678159,975864,748914,93.1,110.05577,63.99838,49.11472,975864,748914,63.99838,49.11472,2021-07-27
5955,12791,18553,1696712,981819,761705,91.6,111.2725,64.38892,49.95357,981819,761705,64.38892,49.95357,2021-07-28
4485,13733,18077,1714789,986304,775438,92.6,112.45801,64.68305,50.8542,986304,775438,64.68305,50.8542,2021-07-29
4788,11543,16182,1730971,991092,786981,93.5,113.51925,64.99706,51.6112,991092,786981,64.99706,51.6112,2021-07-30
1335,7003,8286,1739257,992427,793984,93.9,114.06265,65.08461,52.07047,992427,793984,65.08461,52.07047,2021-07-31
152,1340,1490,1740747,992579,795324,94.0,114.16037,65.09457,52.15834,992579,795324,65.09457,52.15834,2021-08-01
3044,10245,13147,1753894,995623,805569,94.7,115.02257,65.2942,52.83022,995623,805569,65.2942,52.83022,2021-08-02
4078,10265,14180,1768074,999701,815834,94.6,115.95251,65.56164,53.50342,999701,815834,65.56164,53.50342,2021-08-03
3368,10664,13896,1781970,1003069,826498,92.7,116.86383,65.78252,54.20277,1003069,826498,65.78252,54.20277,2021-08-04
4206,10230,14307,1796277,1007275,836728,93.5,117.8021,66.05836,54.87367,1007275,836728,66.05836,54.87367,2021-08-05
4107,8326,12257,1808534,1011382,845054,94.1,118.60593,66.3277,55.4197,1011382,845054,66.3277,55.4197,2021-08-06
1157,4132,5222,1813756,1012539,849186,94.4,118.94839,66.40358,55.69068,1012539,849186,66.40358,55.69068,2021-08-07
548,673,1209,1814965,1013087,849859,93.6,119.02768,66.43952,55.73482,1013087,849859,66.43952,55.73482,2021-08-08
4500,7755,12066,1827031,1017587,857614,94.2,119.81898,66.73463,56.2434,1017587,857614,66.73463,56.2434,2021-08-09
4441,8925,13178,1840209,1022028,866539,94.9,120.68321,67.02588,56.82871,1022028,866539,67.02588,56.82871,2021-08-10
4921,8409,13173,1853382,1026949,874948,93.1,121.54711,67.3486,57.38019,1026949,874948,67.3486,57.38019,2021-08-11
4700,8032,12584,1865966,1031649,882980,93.8,122.37239,67.65683,57.90693,1031649,882980,67.65683,57.90693,2021-08-12
4027,7039,10927,1876893,1035676,890019,92.4,123.089,67.92093,58.36856,1035676,890019,67.92093,58.36856,2021-08-13
930,2325,3230,1880123,1036606,892344,92.6,123.30082,67.98192,58.52104,1036606,892344,67.98192,58.52104,2021-08-14
881,575,1417,1881540,1037487,892919,92.7,123.39375,68.0397,58.55875,1037487,892919,68.0397,58.55875,2021-08-15
3894,6201,9962,1891502,1041381,899120,93.2,124.04707,68.29507,58.96542,1041381,899120,68.29507,58.96542,2021-08-16
3752,6273,9892,1901394,1045133,905393,93.7,124.6958,68.54113,59.37681,1045133,905393,68.54113,59.37681,2021-08-17
4426,8057,12321,1913715,1049559,913450,90.5,125.50383,68.83139,59.9052,1049559,913450,68.83139,59.9052,2021-08-18
2823,7194,9875,1923590,1052382,920644,90.9,126.15144,69.01653,60.37699,1052382,920644,69.01653,60.37699,2021-08-19
3304,6538,9682,1933272,1055686,927182,91.4,126.7864,69.23321,60.80576,1055686,927182,69.23321,60.80576,2021-08-20
953,2194,3084,1936356,1056639,929376,91.5,126.98865,69.29571,60.94964,1056639,929376,69.29571,60.94964,2021-08-21
181,588,760,1937116,1056820,929964,91.6,127.03849,69.30758,60.9882,1056820,929964,69.30758,60.9882,2021-08-22
3691,7145,10668,1947784,1060511,937109,92.1,127.73812,69.54964,61.45678,1060511,937109,69.54964,61.45678,2021-08-23
3000,5917,8787,1956571,1063511,943026,90.8,128.31438,69.74638,61.84483,1063511,943026,69.74638,61.84483,2021-08-24
3373,6221,9446,1966017,1066884,949247,91.2,128.93386,69.96759,62.25281,1066884,949247,69.96759,62.25281,2021-08-25
2703,6507,9102,1975119,1069587,955754,88.1,129.53078,70.14486,62.67955,1069587,955754,70.14486,62.67955,2021-08-26
2944,6515,9289,1984408,1072531,962269,88.5,130.13996,70.33793,63.10681,1072531,962269,70.33793,63.10681,2021-08-27
1036,3152,4144,1988552,1073567,965421,88.7,130.41173,70.40587,63.31352,1073567,965421,70.40587,63.31352,2021-08-28
177,576,741,1989293,1073744,965997,88.7,130.46033,70.41748,63.35129,1073744,965997,70.41748,63.35129,2021-08-29
2614,7382,9876,1999169,1076358,973379,89.2,131.10801,70.58891,63.83541,1076358,973379,70.58891,63.83541,2021-08-30
2716,6977,9590,2008759,1079074,980356,89.6,131.73693,70.76703,64.29298,1079074,980356,70.76703,64.29298,2021-08-31
2799,5859,8547,2017306,1081873,986215,89.6,132.29746,70.95059,64.67722,1081873,986215,70.95059,64.67722,2021-09-01
2946,5685,8489,2025795,1084819,991900,88.4,132.85417,71.14379,65.05005,1084819,991900,71.14379,65.05005,2021-09-02
2293,5254,7411,2033206,1087112,997154,88.7,133.3402,71.29417,65.39461,1087112,997154,71.29417,65.39461,2021-09-03
910,2161,3037,2036243,1088022,999315,88.8,133.53937,71.35385,65.53633,1088022,999315,71.35385,65.53633,2021-09-04
279,761,1024,2037267,1088301,1000076,88.9,133.60652,71.37214,65.58624,1088301,1000076,71.37214,65.58624,2021-09-05
2847,5409,8094,2045361,1091148,1005485,89.2,134.13734,71.55885,65.94097,1091148,1005485,71.55885,65.94097,2021-09-06
2751,5246,7841,2053202,1093899,1010731,88.0,134.65156,71.73927,66.28501,1093899,1010731,71.73927,66.28501,2021-09-07
2248,5462,7541,2060743,1096147,1016193,86.4,135.14611,71.88669,66.64321,1096147,1016193,71.88669,66.64321,2021-09-08
2685,5403,7810,2068553,1098832,1021596,86.7,135.6583,72.06278,66.99755,1098832,1021596,72.06278,66.99755,2021-09-09
2074,5097,6996,2075549,1100906,1026693,87.0,136.1171,72.1988,67.33181,1100906,1026693,72.1988,67.33181,2021-09-10
896,1363,2193,2077742,1101802,1028056,87.1,136.26092,72.25756,67.4212,1101802,1028056,72.25756,67.4212,2021-09-11
69,52,119,2077861,1101871,1028108,87.1,136.26873,72.26208,67.42461,1101871,1028108,72.26208,67.42461,2021-09-12
2484,4785,7076,2084937,1104355,1032893,87.4,136.73278,72.42498,67.73842,1104355,1032893,72.42498,67.73842,2021-09-13
2404,4158,6396,2091333,1106759,1037051,87.7,137.15224,72.58264,68.0111,1106759,1037051,72.58264,68.0111,2021-09-14
2252,4108,6214,2097547,1109011,1041159,87.3,137.55976,72.73033,68.28051,1109011,1041159,72.73033,68.28051,2021-09-15
2236,3114,5178,2102725,1111247,1044273,86.4,137.89934,72.87697,68.48473,1111247,1044273,72.87697,68.48473,2021-09-16
2320,3611,5772,2108497,1113567,1047884,86.6,138.27788,73.02912,68.72155,1113567,1047884,73.02912,68.72155,2021-09-17
1798,1370,3048,2111545,1115365,1049254,86.7,138.47777,73.14703,68.81139,1115365,1049254,73.14703,68.81139,2021-09-18
47,110,156,2111701,1115412,1049364,86.7,138.488,73.15012,68.81861,1115412,1049364,73.15012,68.81861,2021-09-19
2846,3731,6443,2118144,1118258,1053095,87.0,138.91054,73.33676,69.06329,1118258,1053095,73.33676,69.06329,2021-09-20
2888,3603,6333,2124477,1121146,1056698,87.2,139.32586,73.52616,69.29958,1121146,1056698,73.52616,69.29958,2021-09-21
2922,3185,5929,2130406,1124068,1059883,86.3,139.7147,73.71779,69.50846,1124068,1059883,73.71779,69.50846,2021-09-22
2322,3033,5236,2135642,1126390,1062916,86.5,140.05808,73.87007,69.70736,1126390,1062916,73.87007,69.70736,2021-09-23
2623,3129,5586,2141228,1129013,1066045,86.7,140.42442,74.04209,69.91257,1129013,1066045,74.04209,69.91257,2021-09-24
1641,1143,2680,2143908,1130654,1067188,86.8,140.60017,74.14971,69.98753,1130654,1067188,74.14971,69.98753,2021-09-25
147,149,281,2144189,1130801,1067337,86.8,140.6186,74.15935,69.9973,1130801,1067337,74.15935,69.9973,2021-09-26
2792,2939,5603,2149792,1133593,1070276,87.1,140.98605,74.34245,70.19004,1133593,1070276,74.34245,70.19004,2021-09-27
2602,2636,5100,2154892,1136195,1072912,87.7,141.32052,74.51309,70.36291,1136195,1072912,74.51309,70.36291,2021-09-28
2573,2488,4925,2159817,1138768,1075400,84.9,141.64351,74.68183,70.52608,1138768,1075400,74.68183,70.52608,2021-09-29
2180,2596,4643,2164460,1140948,1077996,85.1,141.948,74.8248,70.69633,1140948,1077996,74.8248,70.69633,2021-09-30
2107,2327,4317,2168777,1143055,1080323,85.3,142.23111,74.96298,70.84894,1143055,1080323,74.96298,70.84894,2021-10-01
1656,1105,2668,2171445,1144711,1081428,85.4,142.40608,75.07158,70.9214,1144711,1081428,75.07158,70.9214,2021-10-02
80,36,113,2171558,1144791,1081464,85.4,142.4135,75.07683,70.92376,1144791,1081464,75.07683,70.92376,2021-10-03
1518,2082,3535,2175093,1146309,1083546,85.5,142.64532,75.17638,71.0603,1146309,1083546,75.17638,71.0603,2021-10-04
1962,2686,4560,2179653,1148271,1086232,85.7,142.94438,75.30505,71.23646,1148271,1086232,75.30505,71.23646,2021-10-05
2068,2494,4455,2184108,1150339,1088726,85.8,143.23654,75.44067,71.40002,1150339,1088726,75.44067,71.40002,2021-10-06
1681,2353,3952,2188060,1152020,1091079,85.9,143.49572,75.55092,71.55433,1152020,1091079,75.55092,71.55433,2021-10-07
1601,2378,3922,2191982,1153621,1093457,86.1,143.75293,75.65591,71.71028,1153621,1093457,75.65591,71.71028,2021-10-08
1552,1417,2887,2194869,1155173,1094874,86.2,143.94226,75.75769,71.80321,1155173,1094874,75.75769,71.80321,2021-10-09
31,55,86,2194955,1155204,1094929,86.2,143.9479,75.75973,71.80682,1155204,1094929,75.75973,71.80682,2021-10-10
1873,2169,3970,2198925,1157077,1097098,86.3,144.20826,75.88256,71.94906,1157077,1097098,75.88256,71.94906,2021-10-11
2769,2417,5075,2204000,1159846,1099515,86.5,144.54108,76.06415,72.10757,1159846,1099515,76.06415,72.10757,2021-10-12
2615,2236,4777,2208777,1162461,1101751,86.7,144.85436,76.23565,72.25421,1162461,1101751,76.23565,72.25421,2021-10-13
2691,2566,5153,2213930,1165152,1104317,86.9,145.1923,76.41213,72.42249,1165152,1104317,76.41213,72.42249,2021-10-14
2174,2432,4515,2218445,1167326,1106749,87.1,145.4884,76.5547,72.58199,1167326,1106749,76.5547,72.58199,2021-10-15
1587,1613,3156,2221601,1168913,1108362,87.2,145.69538,76.65878,72.68777,1168913,1108362,76.65878,72.68777,2021-10-16
220,235,451,2222052,1169133,1108597,87.2,145.72495,76.67321,72.70318,1169133,1108597,76.67321,72.70318,2021-10-17
1924,3055,4896,2226948,1171057,1111652,87.4,146.04604,76.79939,72.90353,1171057,1111652,76.79939,72.90353,2021-10-18
1506,2750,4176,2231124,1172563,1114402,87.6,146.31991,76.89815,73.08388,1172563,1114402,76.89815,73.08388,2021-10-19
1216,2636,3771,2234895,1173779,1117038,87.7,146.56721,76.9779,73.25675,1173779,1117038,76.9779,73.25675,2021-10-20
1042,2260,3235,2238130,1174821,1119298,87.9,146.77937,77.04623,73.40497,1174821,1119298,77.04623,73.40497,2021-10-21
859,2322,3133,2241263,1175680,1121620,88.0,146.98484,77.10257,73.55725,1175680,1121620,77.10257,73.55725,2021-10-22
717,1535,2222,2243485,1176397,1123155,88.1,147.13056,77.14959,73.65791,1176397,1123155,77.14959,73.65791,2021-10-23
66,57,121,2243606,1176463,1123212,88.1,147.13849,77.15392,73.66165,1176463,1123212,77.15392,73.66165,2021-10-24
914,2312,3166,2246772,1177377,1125524,88.2,147.34612,77.21386,73.81327,1177377,1125524,77.21386,73.81327,2021-10-25
771,1797,2523,2249295,1178148,1127321,88.3,147.51158,77.26442,73.93112,1178148,1127321,77.26442,73.93112,2021-10-26
717,2218,2891,2252186,1178865,1129539,88.4,147.70118,77.31144,74.07658,1178865,1129539,77.31144,74.07658,2021-10-27
700,1869,2541,2254727,1179565,1131408,88.5,147.86782,77.35735,74.19915,1179565,1131408,77.35735,74.19915,2021-10-28
568,1763,2295,2257022,1180133,1133171,88.6,148.01833,77.3946,74.31477,1180133,1133171,77.3946,74.31477,2021-10-29
455,1266,1688,2258710,1180588,1134437,88.7,148.12903,77.42444,74.3978,1180588,1134437,77.42444,74.3978,2021-10-30
54,44,97,2258807,1180642,1134481,88.7,148.13539,77.42798,74.40069,1180642,1134481,77.42798,74.40069,2021-10-31
80,292,367,2259174,1180722,1134773,88.7,148.15946,77.43323,74.41984,1180722,1134773,77.43323,74.41984,2021-11-01
578,3042,3584,2262758,1181300,1137815,88.8,148.39451,77.47113,74.61933,1181300,1137815,77.47113,74.61933,2021-11-02
576,2272,2805,2265563,1181876,1140087,89.0,148.57846,77.50891,74.76833,1181876,1140087,77.50891,74.76833,2021-11-03
508,2402,2887,2268450,1182384,1142489,89.1,148.76779,77.54222,74.92586,1182384,1142489,77.54222,74.92586,2021-11-04
502,1994,2476,2270926,1182886,1144483,89.2,148.93017,77.57515,75.05663,1182886,1144483,77.57515,75.05663,2021-11-05
459,1775,2219,2273145,1183345,1146258,89.2,149.0757,77.60525,75.17304,1183345,1146258,77.60525,75.17304,2021-11-06
32,57,88,2273233,1183377,1146315,89.3,149.08147,77.60735,75.17677,1183377,1146315,77.60735,75.17677,2021-11-07
705,1910,2589,2275822,1184082,1148225,89.4,149.25126,77.65358,75.30203,1184082,1148225,77.65358,75.30203,2021-11-08
643,1602,2219,2278041,1184725,1149827,89.4,149.39678,77.69575,75.4071,1184725,1149827,77.69575,75.4071,2021-11-09
534,1256,1774,2279815,1185259,1151083,89.5,149.51312,77.73077,75.48947,1185259,1151083,77.73077,75.48947,2021-11-10
596,1250,1832,2281647,1185855,1152333,89.6,149.63327,77.76986,75.57144,1185855,1152333,77.76986,75.57144,2021-11-11
472,1075,1530,2283177,1186327,1153408,89.6,149.73361,77.80081,75.64194,1186327,1153408,77.80081,75.64194,2021-11-12
482,1366,1835,2285012,1186809,1154774,89.7,149.85395,77.83242,75.73153,1186809,1154774,77.83242,75.73153,2021-11-13
27,77,104,2285116,1186836,1154851,89.7,149.86077,77.83419,75.73658,1186836,1154851,77.83419,75.73658,2021-11-14
708,1368,2059,2287175,1187544,1156219,89.8,149.9958,77.88062,75.82629,1187544,1156219,77.88062,75.82629,2021-11-15
616,1039,1637,2288812,1188160,1157258,89.8,150.10316,77.92102,75.89443,1188160,1157258,77.92102,75.89443,2021-11-16
527,858,1376,2290188,1188687,1158116,89.9,150.1934,77.95558,75.9507,1188687,1158116,77.95558,75.9507,2021-11-17
719,867,1569,2291757,1189406,1158983,90.0,150.2963,78.00274,76.00756,1189406,1158983,78.00274,76.00756,2021-11-18
628,863,1480,2293237,1190034,1159846,90.0,150.39336,78.04392,76.06415,1190034,1159846,78.04392,76.06415,2021-11-19
553,773,1321,2294558,1190587,1160619,90.1,150.47999,78.08019,76.11485,1190587,1160619,78.08019,76.11485,2021-11-20
122,106,228,2294786,1190709,1160725,90.1,150.49494,78.08819,76.1218,1190709,1160725,78.08819,76.1218,2021-11-21
808,560,1358,2296144,1191517,1161285,90.1,150.584,78.14118,76.15853,1191517,1161285,78.14118,76.15853,2021-11-22
962,752,1696,2297840,1192479,1162037,90.2,150.69523,78.20427,76.20784,1192479,1162037,78.20427,76.20784,2021-11-23
839,674,1504,2299344,1193318,1162711,90.3,150.79386,78.25929,76.25204,1193318,1162711,78.25929,76.25204,2021-11-24
1125,682,1793,2301137,1194443,1163393,90.3,150.91145,78.33307,76.29677,1194443,1163393,78.33307,76.29677,2021-11-25
1189,580,1759,2302896,1195632,1163973,90.4,151.02681,78.41104,76.33481,1195632,1163973,78.41104,76.33481,2021-11-26
1217,669,1880,2304776,1196849,1164642,90.5,151.1501,78.49086,76.37868,1196849,1164642,78.49086,76.37868,2021-11-27
185,91,276,2305052,1197034,1164733,90.5,151.1682,78.50299,76.38465,1197034,1164733,78.50299,76.38465,2021-11-28
1629,779,2396,2307448,1198663,1165512,90.6,151.32533,78.60982,76.43574,1198663,1165512,78.60982,76.43574,2021-11-29
1698,736,2427,2309875,1200361,1166248,90.7,151.4845,78.72118,76.48401,1200361,1166248,78.72118,76.48401,2021-11-30
1325,668,1988,2311863,1201686,1166916,88.3,151.61487,78.80807,76.52781,1201686,1166916,78.80807,76.52781,2021-12-01
1394,640,2027,2313890,1203080,1167556,87.7,151.74781,78.89949,76.56979,1203080,1167556,78.89949,76.56979,2021-12-02
1381,645,2024,2315914,1204461,1168201,87.8,151.88054,78.99006,76.61209,1204461,1168201,78.99006,76.61209,2021-12-03
1062,585,1644,2317558,1205523,1168786,87.9,151.98836,79.05971,76.65045,1205523,1168786,79.05971,76.65045,2021-12-04
507,83,590,2318148,1206030,1168869,87.9,152.02705,79.09296,76.65589,1206030,1168869,79.09296,76.65589,2021-12-05
1685,760,2439,2320587,1207715,1169629,88.0,152.187,79.20346,76.70574,1207715,1169629,79.20346,76.70574,2021-12-06
1808,739,2539,2323126,1209523,1170368,88.1,152.35351,79.32203,76.7542,1209523,1170368,79.32203,76.7542,2021-12-07
384,122,506,2323632,1209907,1170490,88.1,152.3867,79.34722,76.7622,1209907,1170490,79.34722,76.7622,2021-12-08
1534,925,2452,2326084,1211441,1171415,88.2,152.5475,79.44782,76.82286,1211441,1171415,79.44782,76.82286,2021-12-09
1092,729,1815,2327899,1212533,1172144,87.6,152.66653,79.51943,76.87067,1212533,1172144,79.51943,76.87067,2021-12-10
844,621,1462,2329361,1213377,1172765,87.6,152.76241,79.57478,76.9114,1213377,1172765,79.57478,76.9114,2021-12-11
251,102,352,2329713,1213628,1172867,87.6,152.7855,79.59125,76.91809,1213628,1172867,79.59125,76.91809,2021-12-12
1138,869,2002,2331715,1214766,1173736,87.7,152.91679,79.66588,76.97508,1214766,1173736,79.66588,76.97508,2021-12-13
896,722,1615,2333330,1215662,1174458,87.8,153.02271,79.72464,77.02243,1215662,1174458,79.72464,77.02243,2021-12-14
979,703,1677,2335007,1216641,1175161,85.4,153.13269,79.78884,77.06853,1216641,1175161,79.78884,77.06853,2021-12-15
1087,972,2050,2337057,1217728,1176133,84.3,153.26713,79.86013,77.13228,1217728,1176133,79.86013,77.13228,2021-12-16
1111,998,2104,2339161,1218839,1177131,84.4,153.40511,79.93299,77.19773,1218839,1177131,79.93299,77.19773,2021-12-17
0,0,0,2339161,1218839,1177131,84.4,153.40511,79.93299,77.19773,1218839,1177131,79.93299,77.19773,2021-12-18
935,1027,100130,2439291,1219774,1178158,98.8,159.97176,79.99431,77.26508,1219774,1178158,79.99431,77.26508,2021-12-19
936,1027,100130,2539421,1220710,1179185,98.8,166.53841,80.05569,77.33243,1220710,1179185,80.05569,77.33243,2021-12-20
936,1027,100130,2639551,1221646,1180212,98.8,173.10506,80.11708,77.39978,1221646,1180212,80.11708,77.39978,2021-12-21
936,1027,100131,2739682,1222582,1181239,98.8,179.67178,80.17846,77.46713,1222582,1181239,80.17846,77.46713,2021-12-22
1650,1617,20472,2760154,1224232,1182856,97.5,181.01436,80.28667,77.57318,1224232,1182856,80.28667,77.57318,2021-12-23
854,1092,11645,2771799,1225086,1183948,97.9,181.77805,80.34268,77.64479,1225086,1183948,80.34268,77.64479,2021-12-24
206,274,3441,2775240,1225292,1184222,98.1,182.00372,80.35618,77.66276,1225292,1184222,80.35618,77.66276,2021-12-25
9,5,177,2775417,1225301,1184227,98.1,182.01533,80.35678,77.66309,1225301,1184227,80.35678,77.66309,2021-12-26
419,924,6495,2781912,1225720,1185151,97.4,182.44128,80.38425,77.72369,1225720,1185151,80.38425,77.72369,2021-12-27
1341,2192,16231,2798143,1227061,1187343,97.9,183.50572,80.4722,77.86744,1227061,1187343,80.4722,77.86744,2021-12-28
1134,1419,15871,2814014,1228195,1188762,98.5,184.54656,80.54657,77.9605,1228195,1188762,80.54657,77.9605,2021-12-29
1411,888,13994,2828008,1229606,1189650,99.0,185.46431,80.6391,78.01874,1229606,1189650,80.6391,78.01874,2021-12-30
1044,822,12108,2840116,1230650,1190472,99.4,186.25837,80.70757,78.07265,1230650,1190472,80.70757,78.07265,2021-12-31
217,218,4061,2844177,1230867,1190690,99.5,186.52469,80.7218,78.08694,1230867,1190690,80.7218,78.08694,2022-01-01
187,99,925,2845102,1231054,1190789,99.6,186.58535,80.73406,78.09343,1231054,1190789,80.73406,78.09343,2022-01-02
595,637,6368,2851470,1231649,1191426,99.8,187.00298,80.77308,78.13521,1231649,1191426,80.77308,78.13521,2022-01-03
1721,1382,16058,2867528,1233370,1192808,100.4,188.05608,80.88595,78.22584,1233370,1192808,80.88595,78.22584,2022-01-04
1765,1231,16890,2884418,1235135,1194039,98.5,189.16375,81.0017,78.30657,1235135,1194039,81.0017,78.30657,2022-01-05
1222,507,9710,2894128,1236357,1194546,98.8,189.80054,81.08184,78.33982,1236357,1194546,81.08184,78.33982,2022-01-06
725,784,7718,2901846,1237082,1195330,99.1,190.3067,81.12939,78.39124,1237082,1195330,81.12939,78.39124,2022-01-07
1558,1348,14999,2916845,1238640,1196678,99.6,191.29035,81.23156,78.47964,1238640,1196678,81.23156,78.47964,2022-01-08
821,550,6813,2923658,1239461,1197228,99.8,191.73716,81.28541,78.51571,1239461,1197228,81.28541,78.51571,2022-01-09
1878,1420,9176,2932834,1241339,1198648,100.1,192.33893,81.40857,78.60884,1241339,1198648,81.40857,78.60884,2022-01-10
2520,1837,18563,2951397,1243859,1200485,100.7,193.55631,81.57383,78.72931,1243859,1200485,81.57383,78.72931,2022-01-11
2442,1475,18822,2970219,1246301,1201960,99.0,194.79068,81.73398,78.82604,1246301,1201960,81.73398,78.82604,2022-01-12
2293,1645,18982,2989201,1248594,1203605,98.8,196.03555,81.88436,78.93392,1248594,1203605,81.88436,78.93392,2022-01-13
2201,1453,18434,3007635,1250795,1205058,99.4,197.24447,82.0287,79.02921,1250795,1205058,82.0287,79.02921,2022-01-14
2206,957,17320,3024955,1253001,1206015,100.0,198.38034,82.17338,79.09198,1253001,1206015,82.17338,79.09198,2022-01-15
759,402,6822,3031777,1253760,1206417,100.2,198.82774,82.22315,79.11834,1253760,1206417,82.22315,79.11834,2022-01-16
829,821,8327,3040104,1254589,1207238,100.5,199.37383,82.27752,79.17218,1254589,1207238,82.27752,79.17218,2022-01-17
1654,1408,15328,3055432,1256243,1208646,101.0,200.37906,82.38599,79.26452,1256243,1208646,82.38599,79.26452,2022-01-18
1764,1252,17846,3073278,1258007,1209898,99.8,201.54942,82.50168,79.34663,1258007,1209898,82.50168,79.34663,2022-01-19
1580,1671,17805,3091083,1259587,1211569,99.7,202.7171,82.60529,79.45621,1259587,1211569,82.60529,79.45621,2022-01-20
1482,1291,17448,3108531,1261069,1212860,100.3,203.86136,82.70249,79.54088,1261069,1212860,82.70249,79.54088,2022-01-21
860,556,15532,3124063,1261929,1213416,100.8,204.87997,82.75889,79.57734,1261929,1213416,82.75889,79.57734,2022-01-22
1093,584,6808,3130871,1263022,1214000,101.0,205.32644,82.83057,79.61564,1263022,1214000,82.83057,79.61564,2022-01-23
737,766,8029,3138900,1263759,1214766,101.3,205.853,82.8789,79.66588,1263759,1214766,82.8789,79.66588,2022-01-24
1264,1662,15906,3154806,1265023,1216428,100.9,206.89613,82.96179,79.77487,1265023,1216428,82.96179,79.77487,2022-01-25
1190,1748,16968,3171774,1266213,1218176,100.8,208.00891,83.03984,79.88951,1266213,1218176,83.03984,79.88951,2022-01-26
1283,1514,15619,3187393,1267496,1219690,100.5,209.03323,83.12398,79.9888,1267496,1219690,83.12398,79.9888,2022-01-27
1176,1076,14801,3202194,1268672,1220766,101.0,210.0039,83.2011,80.05936,1268672,1220766,83.2011,80.05936,2022-01-28
0,0,0,3202194,1268672,1220766,101.0,210.0039,83.2011,80.05936,1268672,1220766,83.2011,80.05936,2022-01-29
1286,1771,19006,3221200,1269958,1222537,101.6,211.25033,83.28544,80.17551,1269958,1222537,83.28544,80.17551,2022-01-30
908,1405,9161,3230361,1270866,1223942,101.9,211.85112,83.34498,80.26765,1270866,1223942,83.34498,80.26765,2022-01-31
795,1211,7571,3237932,1271661,1225153,102.1,212.34764,83.39712,80.34707,1271661,1225153,83.39712,80.34707,2022-02-01
1605,2905,19915,3257847,1273266,1228058,101.1,213.65369,83.50238,80.53758,1273266,1228058,83.50238,80.53758,2022-02-02
1134,2177,13246,3271093,1274400,1230235,100.7,214.52238,83.57675,80.68035,1274400,1230235,83.57675,80.68035,2022-02-03
488,1209,6882,3277975,1274888,1231444,100.9,214.97371,83.60875,80.75964,1274888,1231444,83.60875,80.75964,2022-02-04
1082,2925,16511,3294486,1275970,1234369,101.4,216.05652,83.67971,80.95147,1275970,1234369,83.67971,80.95147,2022-02-05
438,918,4383,3298869,1276408,1235287,101.5,216.34396,83.70844,81.01167,1276408,1235287,83.70844,81.01167,2022-02-06
395,1142,5659,3304528,1276803,1236429,101.7,216.71509,83.73434,81.08656,1276803,1236429,83.73434,81.08656,2022-02-07
796,2242,9696,3314224,1277599,1238671,102.0,217.35096,83.78654,81.2336,1277599,1238671,83.78654,81.2336,2022-02-08
696,2175,8909,3323133,1278295,1240846,100.3,217.93523,83.83219,81.37624,1278295,1240846,83.83219,81.37624,2022-02-09
736,1954,7977,3331110,1279031,1242800,100.5,218.45837,83.88046,81.50438,1279031,1242800,83.88046,81.50438,2022-02-10
541,1773,7158,3338268,1279572,1244573,100.7,218.9278,83.91594,81.62066,1279572,1244573,83.91594,81.62066,2022-02-11
529,1599,7487,3345755,1280101,1246172,100.9,219.41881,83.95063,81.72552,1280101,1246172,83.95063,81.72552,2022-02-12
234,767,2616,3348371,1280335,1246939,101.0,219.59037,83.96597,81.77582,1280335,1246939,83.96597,81.77582,2022-02-13
256,958,3536,3351907,1280591,1247897,101.1,219.82226,83.98276,81.83865,1280591,1247897,83.98276,81.83865,2022-02-14
438,1414,6433,3358340,1281029,1249311,101.3,220.24415,84.01149,81.93138,1281029,1249311,84.01149,81.93138,2022-02-15
423,1317,6021,3364361,1281452,1250628,86.5,220.63901,84.03923,82.01775,1281452,1250628,84.03923,82.01775,2022-02-16
406,1462,5446,3369807,1281858,1252090,100.4,220.99617,84.06585,82.11363,1281858,1252090,84.06585,82.11363,2022-02-17
351,1282,5121,3374928,1282209,1253372,100.6,221.33201,84.08887,82.19771,1282209,1253372,84.08887,82.19771,2022-02-18
330,1218,5344,3380272,1282539,1254590,100.7,221.68247,84.11051,82.27758,1282539,1254590,84.11051,82.27758,2022-02-19
137,526,1841,3382113,1282676,1255116,100.8,221.80321,84.1195,82.31208,1282676,1255116,84.1195,82.31208,2022-02-20
144,700,2620,3384733,1282820,1255816,100.9,221.97503,84.12894,82.35799,1282820,1255816,84.12894,82.35799,2022-02-21
320,1210,5035,3389768,1283140,1257026,101.0,222.30523,84.14993,82.43734,1283140,1257026,84.14993,82.43734,2022-02-22
269,1110,4504,3394272,1283409,1258136,99.9,222.60061,84.16757,82.51014,1283409,1258136,84.16757,82.51014,2022-02-23
282,1071,4306,3398578,1283691,1259207,100.1,222.883,84.18606,82.58037,1283691,1259207,84.18606,82.58037,2022-02-24
253,870,4081,3402659,1283944,1260077,100.2,223.15064,84.20266,82.63743,1283944,1260077,84.20266,82.63743,2022-02-25
112,399,2062,3404721,1284056,1260476,100.2,223.28587,84.21,82.6636,1284056,1260476,84.21,82.6636,2022-02-26
161,844,3504,3408225,1284217,1261320,100.3,223.51567,84.22056,82.71895,1284217,1261320,84.22056,82.71895,2022-02-27
82,437,1896,3410121,1284299,1261757,100.4,223.64001,84.22594,82.74761,1284299,1261757,84.22594,82.74761,2022-02-28
382,903,4058,3414179,1284681,1262660,99.8,223.90614,84.25099,82.80683,1284681,1262660,84.25099,82.80683,2022-03-01
256,1091,3919,3418098,1284937,1263751,98.3,224.16315,84.26778,82.87837,1284937,1263751,84.26778,82.87837,2022-03-02
262,896,3463,3421561,1285199,1264647,98.4,224.39026,84.28496,82.93714,1285199,1264647,84.28496,82.93714,2022-03-03
212,645,3024,3424585,1285411,1265292,98.5,224.58858,84.29886,82.97944,1285411,1265292,84.29886,82.97944,2022-03-04
158,625,3077,3427662,1285569,1265917,98.6,224.79037,84.30923,83.02042,1285569,1265917,84.30923,83.02042,2022-03-05
43,265,969,3428631,1285612,1266182,98.6,224.85392,84.31205,83.0378,1285612,1266182,84.31205,83.0378,2022-03-06
107,409,1704,3430335,1285719,1266591,98.7,224.96567,84.31906,83.06463,1285719,1266591,84.31906,83.06463,2022-03-07
209,622,3315,3433650,1285928,1267213,98.8,225.18307,84.33277,83.10542,1285928,1267213,84.33277,83.10542,2022-03-08
205,534,2877,3436527,1286133,1267747,97.3,225.37175,84.34621,83.14044,1286133,1267747,84.34621,83.14044,2022-03-09
154,479,2336,3438863,1286287,1268226,97.4,225.52495,84.35631,83.17185,1286287,1268226,84.35631,83.17185,2022-03-10
136,413,2225,3441088,1286423,1268639,97.5,225.67086,84.36523,83.19894,1286423,1268639,84.36523,83.19894,2022-03-11
69,256,1215,3442303,1286492,1268895,97.5,225.75054,84.36976,83.21572,1286492,1268895,84.36976,83.21572,2022-03-12
133,428,2180,3444483,1286625,1269323,97.6,225.89351,84.37848,83.24379,1286625,1269323,84.37848,83.24379,2022-03-13
83,257,1314,3445797,1286708,1269580,97.6,225.97969,84.38392,83.26065,1286708,1269580,84.38392,83.26065,2022-03-14
152,350,2182,3447979,1286860,1269930,97.7,226.12278,84.39389,83.2836,1286860,1269930,84.39389,83.2836,2022-03-15
164,437,2530,3450509,1287024,1270367,97.7,226.2887,84.40465,83.31226,1287024,1270367,84.40465,83.31226,2022-03-16
142,370,1762,3452271,1287166,1270737,97.8,226.40426,84.41396,83.33652,1287166,1270737,84.41396,83.33652,2022-03-17
75,350,1806,3454077,1287241,1271087,97.8,226.5227,84.41888,83.35948,1287241,1271087,84.41888,83.35948,2022-03-18
94,324,1895,3455972,1287335,1271411,97.9,226.64697,84.42504,83.38073,1287335,1271411,84.42504,83.38073,2022-03-19
22,79,450,3456422,1287357,1271490,97.9,226.67649,84.42649,83.38591,1287357,1271490,84.42649,83.38591,2022-03-20
42,151,976,3457398,1287399,1271641,97.9,226.74049,84.42924,83.39581,1287399,1271641,84.42924,83.39581,2022-03-21
17,231,1461,3458859,1287416,1271872,98.0,226.83631,84.43035,83.41096,1287416,1271872,84.43035,83.41096,2022-03-22
-8,317,1696,3460555,1287408,1272189,98.0,226.94753,84.42983,83.43175,1287408,1272189,84.42983,83.43175,2022-03-23
35,242,1200,3461755,1287443,1272431,98.0,227.02623,84.43213,83.44762,1287443,1272431,84.43213,83.44762,2022-03-24
20,193,960,3462715,1287463,1272624,98.1,227.08919,84.43344,83.46028,1287463,1272624,84.43344,83.46028,2022-03-25
