delta_1d,delta_2d,delta_all,sum_doses,sum_1d,sum_2d,perc_doses,perc_inh_tot,perc_inh_1d,perc_inh_2d,sum_monotone_1d,sum_monotone_2d,perc_inh_monotone_1d,perc_inh_monotone_2d,date
0,0,0,0,0,0,0,0,0,0,0,0,0,0,2020-12-26
718,1,718,718,718,1,44.3,0.00716,0.00716,1e-05,718,1,0.00716,1e-05,2020-12-27
108,0,108,826,826,1,51.0,0.00824,0.00824,1e-05,826,1,0.00824,1e-05,2020-12-28
107,0,107,933,933,1,57.6,0.0093,0.0093,1e-05,933,1,0.0093,1e-05,2020-12-29
115,0,115,1048,1048,1,1.7,0.01045,0.01045,1e-05,1048,1,0.01045,1e-05,2020-12-30
715,0,715,1763,1763,1,2.2,0.01758,0.01758,1e-05,1763,1,0.01758,1e-05,2020-12-31
24,0,24,1787,1787,1,2.2,0.01782,0.01782,1e-05,1787,1,0.01782,1e-05,2021-01-01
202,0,202,1989,1989,1,2.5,0.01984,0.01984,1e-05,1989,1,0.01984,1e-05,2021-01-02
857,1,857,2846,2846,2,3.5,0.02838,0.02838,2e-05,2846,2,0.02838,2e-05,2021-01-03
6142,8,6142,8988,8988,10,11.2,0.08963,0.08963,0.0001,8988,10,0.08963,0.0001,2021-01-04
7882,9,7882,16870,16870,19,15.5,0.16824,0.16824,0.00019,16870,19,0.16824,0.00019,2021-01-05
7173,7,7173,24043,24043,26,22.1,0.23977,0.23977,0.00026,24043,26,0.23977,0.00026,2021-01-06
11821,50,11821,35864,35864,76,24.1,0.35765,0.35765,0.00076,35864,76,0.35765,0.00076,2021-01-07
12762,23,12762,48626,48626,99,32.7,0.48492,0.48492,0.00099,48626,99,0.48492,0.00099,2021-01-08
12517,10,12517,61143,61143,109,41.1,0.60975,0.60975,0.00109,61143,109,0.60975,0.00109,2021-01-09
10556,12,10556,71699,71699,121,48.2,0.71502,0.71502,0.00121,71699,121,0.71502,0.00121,2021-01-10
16324,23,16324,88023,88023,144,56.9,0.87781,0.87781,0.00144,88023,144,0.87781,0.00144,2021-01-11
20350,39,20350,108373,108373,183,46.6,1.08075,1.08075,0.00182,108373,183,1.08075,0.00182,2021-01-12
26502,51,26502,134875,134875,234,57.5,1.34504,1.34504,0.00233,134875,234,1.34504,0.00233,2021-01-13
26994,74,26994,161869,161869,308,68.7,1.61423,1.61423,0.00307,161869,308,1.61423,0.00307,2021-01-14
25311,60,25311,187180,187180,368,79.4,1.86665,1.86665,0.00367,187180,368,1.86665,0.00367,2021-01-15
15673,26,15673,202853,202853,394,86.1,2.02295,2.02295,0.00393,202853,394,2.02295,0.00393,2021-01-16
8164,208,8365,211218,211017,602,89.6,2.10637,2.10436,0.006,211017,602,2.10436,0.006,2021-01-17
8300,989,9275,220493,219317,1591,88.3,2.19886,2.18713,0.01587,219317,1591,2.18713,0.01587,2021-01-18
7600,490,8071,228564,226917,2081,91.6,2.27935,2.26292,0.02075,226917,2081,2.26292,0.02075,2021-01-19
5608,122,5723,234287,232525,2203,84.7,2.33642,2.31885,0.02197,232525,2203,2.31885,0.02197,2021-01-20
4842,713,5537,239824,237367,2916,78.4,2.39164,2.36714,0.02908,237367,2916,2.36714,0.02908,2021-01-21
3200,74,3269,243093,240567,2990,79.5,2.42424,2.39905,0.02982,240567,2990,2.39905,0.02982,2021-01-22
928,203,1128,244221,241495,3193,79.9,2.43549,2.4083,0.03184,241495,3193,2.4083,0.03184,2021-01-23
538,664,1202,245423,242033,3857,80.3,2.44747,2.41367,0.03846,242033,3857,2.41367,0.03846,2021-01-24
518,6624,7139,252562,242551,10481,82.6,2.51867,2.41883,0.10452,242551,10481,2.41883,0.10452,2021-01-25
347,8057,8403,260965,242898,18538,73.3,2.60247,2.42229,0.18487,242898,18538,2.42229,0.18487,2021-01-26
808,7273,8079,269044,243706,25811,70.9,2.68303,2.43035,0.2574,243706,25811,2.43035,0.2574,2021-01-27
803,11497,12294,281338,244509,37308,74.1,2.80564,2.43836,0.37205,244509,37308,2.43836,0.37205,2021-01-28
689,12873,13558,294896,245198,50181,77.7,2.94084,2.44523,0.50043,245198,50181,2.44523,0.50043,2021-01-29
154,12219,12365,307261,245352,62400,81.0,3.06415,2.44677,0.62228,245352,62400,2.44677,0.62228,2021-01-30
29,9800,9829,317090,245381,72200,83.5,3.16217,2.44706,0.72001,245381,72200,2.44706,0.72001,2021-01-31
310,15833,16141,333231,245691,88033,85.3,3.32314,2.45015,0.87791,245691,88033,2.45015,0.87791,2021-02-01
500,19532,20028,353259,246191,107565,74.4,3.52287,2.45513,1.07269,246191,107565,2.45513,1.07269,2021-02-02
1084,24674,25753,379012,247275,132239,79.8,3.77969,2.46594,1.31875,247275,132239,2.46594,1.31875,2021-02-03
2053,26001,28050,407062,249328,158240,85.7,4.05942,2.48642,1.57804,249328,158240,2.48642,1.57804,2021-02-04
2445,23525,25955,433017,251773,181765,91.2,4.31825,2.5108,1.81265,251773,181765,2.5108,1.81265,2021-02-05
1020,14308,15325,448342,252793,196073,94.4,4.47108,2.52097,1.95533,252793,196073,2.52097,1.95533,2021-02-06
338,6992,7327,455669,253131,203065,96.0,4.54415,2.52434,2.02506,253131,203065,2.52434,2.02506,2021-02-07
2134,8021,10145,465814,255265,211086,98.1,4.64532,2.54562,2.10505,255265,211086,2.54562,2.10505,2021-02-08
4045,8217,12241,478055,259310,219303,83.1,4.76739,2.58596,2.18699,259310,219303,2.58596,2.18699,2021-02-09
7600,6912,14477,492532,266910,226215,81.8,4.91176,2.66175,2.25592,266910,226215,2.66175,2.25592,2021-02-10
9719,7513,17150,509682,276629,233728,84.7,5.08279,2.75868,2.33085,276629,233728,2.75868,2.33085,2021-02-11
9048,5223,14101,523783,285677,238951,87.0,5.22341,2.84891,2.38293,285677,238951,2.84891,2.38293,2021-02-12
4950,1546,6430,530213,290627,240497,78.8,5.28754,2.89827,2.39835,290627,240497,2.89827,2.39835,2021-02-13
2949,657,3586,533799,293576,241154,79.3,5.3233,2.92768,2.4049,293576,241154,2.92768,2.4049,2021-02-14
8582,655,9070,542869,302158,241809,80.6,5.41375,3.01326,2.41143,302158,241809,3.01326,2.41143,2021-02-15
9083,541,9539,552408,311241,242350,82.1,5.50887,3.10384,2.41683,311241,242350,3.10384,2.41683,2021-02-16
10655,1567,12045,564453,321896,243917,83.8,5.62899,3.2101,2.43246,321896,243917,3.2101,2.43246,2021-02-17
13030,1199,14069,578522,334926,245116,74.8,5.7693,3.34004,2.44441,334926,245116,3.34004,2.44441,2021-02-18
13510,878,14239,592761,348436,245994,76.6,5.91129,3.47477,2.45317,348436,245994,3.47477,2.45317,2021-02-19
9043,490,9378,602139,357479,246484,70.1,6.00482,3.56495,2.45806,357479,246484,3.56495,2.45806,2021-02-20
5039,111,5056,607195,362518,246595,70.7,6.05524,3.6152,2.45916,362518,246595,3.6152,2.45916,2021-02-21
11653,467,11963,619158,374171,247062,72.1,6.17454,3.73141,2.46382,374171,247062,3.73141,2.46382,2021-02-22
11505,498,11837,630995,385676,247560,65.5,6.29258,3.84614,2.46879,385676,247560,3.84614,2.46879,2021-02-23
13772,1118,14730,645725,399448,248678,67.1,6.43948,3.98348,2.47993,399448,248678,3.98348,2.47993,2021-02-24
13739,1817,15363,661088,413187,250495,68.7,6.59268,4.1205,2.49805,413187,250495,4.1205,2.49805,2021-02-25
16543,2076,18455,679543,429730,252571,70.6,6.77672,4.28547,2.51876,429730,252571,4.28547,2.51876,2021-02-26
13312,770,13957,693500,443042,253341,67.0,6.91591,4.41822,2.52644,443042,253341,4.41822,2.52644,2021-02-27
7676,279,7886,701386,450718,253620,65.2,6.99455,4.49477,2.52922,450718,253620,4.49477,2.52922,2021-02-28
17098,1889,18807,720193,467816,255509,67.0,7.18211,4.66528,2.54806,467816,255509,4.66528,2.54806,2021-03-01
19798,3312,22850,743043,487614,258821,62.9,7.40998,4.86272,2.58109,487614,258821,4.86272,2.58109,2021-03-02
19721,7511,27043,770086,507335,266332,65.0,7.67966,5.05939,2.65599,507335,266332,5.05939,2.65599,2021-03-03
20291,9314,29384,799470,527626,275646,67.5,7.97269,5.26174,2.74887,527626,275646,5.26174,2.74887,2021-03-04
20564,8756,29016,828486,548190,284402,69.9,8.26206,5.46681,2.83619,548190,284402,5.46681,2.83619,2021-03-05
16849,4847,21371,849857,565039,289249,71.7,8.47518,5.63484,2.88453,565039,289249,5.63484,2.88453,2021-03-06
9539,2765,12102,861959,574578,292014,72.7,8.59586,5.72996,2.9121,574578,292014,5.72996,2.9121,2021-03-07
22704,7627,29839,891798,597282,299641,75.2,8.89343,5.95638,2.98816,597282,299641,5.95638,2.98816,2021-03-08
25854,7993,33282,925080,623136,307634,71.1,9.22534,6.21421,3.06787,623136,307634,6.21421,3.06787,2021-03-09
25469,8467,33390,958470,648605,316101,68.0,9.55832,6.4682,3.15231,648605,316101,6.4682,3.15231,2021-03-10
26332,10656,36310,994780,674937,326757,70.5,9.92042,6.73079,3.25858,674937,326757,6.73079,3.25858,2021-03-11
25088,10849,35361,1030141,700025,337606,73.0,10.27305,6.98098,3.36677,700025,337606,6.98098,3.36677,2021-03-12
21121,6665,27247,1057388,721146,344271,72.8,10.54477,7.19161,3.43323,721146,344271,7.19161,3.43323,2021-03-13
11597,3692,14887,1072275,732743,347963,73.8,10.69323,7.30726,3.47005,732743,347963,7.30726,3.47005,2021-03-14
23061,9141,31655,1103930,755804,357104,70.4,11.00891,7.53724,3.56121,755804,357104,7.53724,3.56121,2021-03-15
16435,9256,25551,1129481,772239,366360,72.0,11.26372,7.70113,3.65352,772239,366360,7.70113,3.65352,2021-03-16
15323,11240,26393,1155874,787562,377600,73.7,11.52692,7.85394,3.76561,787562,377600,7.85394,3.76561,2021-03-17
16175,11558,27489,1183363,803737,389158,75.5,11.80106,8.01525,3.88087,803737,389158,8.01525,3.88087,2021-03-18
19245,13565,32535,1215898,822982,402723,77.5,12.12551,8.20717,4.01614,822982,402723,8.20717,4.01614,2021-03-19
22834,10346,32698,1248596,845816,413069,79.6,12.45159,8.43488,4.11932,845816,413069,8.43488,4.11932,2021-03-20
18326,5775,23526,1272122,864142,418844,81.1,12.6862,8.61763,4.17691,864142,418844,8.61763,4.17691,2021-03-21
29808,11295,40394,1312516,893950,430139,74.6,13.08903,8.91489,4.28955,893950,430139,8.91489,4.28955,2021-03-22
29772,13699,42704,1355220,923722,443838,77.0,13.5149,9.21179,4.42616,923722,443838,9.21179,4.42616,2021-03-23
31440,12952,43556,1398776,955162,456790,79.5,13.94926,9.52533,4.55533,955162,456790,9.52533,4.55533,2021-03-24
30195,13756,43097,1441873,985357,470546,79.9,14.37904,9.82645,4.69251,985357,470546,9.82645,4.69251,2021-03-25
28203,13862,41409,1483282,1013560,484408,82.2,14.79199,10.1077,4.83075,1013560,484408,10.1077,4.83075,2021-03-26
23762,9400,32542,1515824,1037322,493808,84.0,15.11652,10.34467,4.92449,1037322,493808,10.34467,4.92449,2021-03-27
14359,6679,20651,1536475,1051681,500487,85.2,15.32246,10.48786,4.99109,1051681,500487,10.48786,4.99109,2021-03-28
25233,15500,40108,1576583,1076914,515987,79.8,15.72243,10.7395,5.14567,1076914,515987,10.7395,5.14567,2021-03-29
24882,15434,39766,1616349,1101796,531421,81.8,16.119,10.98763,5.29958,1101796,531421,10.98763,5.29958,2021-03-30
26898,16008,42302,1658651,1128694,547429,83.9,16.54085,11.25587,5.45922,1128694,547429,11.25587,5.45922,2021-03-31
26808,17013,43222,1701873,1155502,564442,86.1,16.97188,11.52321,5.62888,1155502,564442,11.52321,5.62888,2021-04-01
26771,15161,41431,1743304,1182273,579603,84.7,17.38505,11.79019,5.78008,1182273,579603,11.79019,5.78008,2021-04-02
26174,10477,36371,1779675,1208447,590080,78.4,17.74776,12.05121,5.88456,1208447,590080,12.05121,5.88456,2021-04-03
3716,3928,7618,1787293,1212163,594008,78.7,17.82373,12.08826,5.92373,1212163,594008,12.08826,5.92373,2021-04-04
19285,8267,27399,1814692,1231448,602275,79.9,18.09697,12.28058,6.00617,1231448,602275,12.28058,6.00617,2021-04-05
25149,18487,43114,1857806,1256597,620762,73.6,18.52692,12.53138,6.19053,1256597,620762,12.53138,6.19053,2021-04-06
34806,16438,50687,1908493,1291403,637200,75.6,19.0324,12.87848,6.35446,1291403,637200,12.87848,6.35446,2021-04-07
35982,16988,52507,1961000,1327385,654188,77.7,19.55602,13.23731,6.52387,1327385,654188,13.23731,6.52387,2021-04-08
36455,16599,52492,2013492,1363840,670787,79.7,20.0795,13.60086,6.68941,1363840,670787,13.60086,6.68941,2021-04-09
40881,12501,52874,2066366,1404721,683288,81.8,20.60678,14.00854,6.81407,1404721,683288,14.00854,6.81407,2021-04-10
24852,7735,32252,2098618,1429573,691023,83.1,20.92841,14.25638,6.89121,1429573,691023,14.25638,6.89121,2021-04-11
32946,14945,47411,2146029,1462519,705968,85.0,21.40122,14.58493,7.04025,1462519,705968,14.58493,7.04025,2021-04-12
33594,14588,47717,2193746,1496113,720556,86.7,21.87707,14.91995,7.18573,1496113,720556,14.91995,7.18573,2021-04-13
34260,13526,47260,2241006,1530373,734082,80.3,22.34837,15.2616,7.32061,1530373,734082,15.2616,7.32061,2021-04-14
35660,14423,49505,2290511,1566033,748505,81.3,22.84206,15.61722,7.46445,1566033,748505,15.61722,7.46445,2021-04-15
39337,15064,53745,2344256,1605370,763569,83.2,23.37803,16.00951,7.61467,1605370,763569,16.00951,7.61467,2021-04-16
37715,11393,48610,2392866,1643085,774962,84.9,23.86279,16.38562,7.72829,1643085,774962,16.38562,7.72829,2021-04-17
31212,5725,36460,2429326,1674297,780687,86.2,24.22639,16.69688,7.78538,1674297,780687,16.69688,7.78538,2021-04-18
51008,10415,60438,2489764,1725305,791102,86.2,24.82911,17.20556,7.88924,1725305,791102,17.20556,7.88924,2021-04-19
57385,11474,67757,2557521,1782690,802576,88.6,25.50481,17.77783,8.00367,1782690,802576,17.77783,8.00367,2021-04-20
57216,15742,71928,2629449,1839906,818318,81.7,26.22211,18.34841,8.16065,1839906,818318,18.34841,8.16065,2021-04-21
57673,17586,74142,2703591,1897579,835904,83.2,26.96149,18.92356,8.33603,1897579,835904,18.92356,8.33603,2021-04-22
56993,17724,73669,2777260,1954572,853628,85.5,27.69615,19.49192,8.51278,1954572,853628,19.49192,8.51278,2021-04-23
54720,22107,75899,2853159,2009292,875735,87.8,28.45305,20.03761,8.73324,2009292,875735,20.03761,8.73324,2021-04-24
46786,5760,51633,2904792,2056078,881495,89.4,28.96796,20.50418,8.79069,2056078,881495,20.50418,8.79069,2021-04-25
68877,20420,88048,2992840,2124955,901915,90.4,29.84602,21.19106,8.99432,2124955,901915,21.19106,8.99432,2021-04-26
69515,18068,86144,3078984,2194470,919983,93.0,30.70509,21.88429,9.17451,2194470,919983,21.88429,9.17451,2021-04-27
68861,29059,95835,3174819,2263331,949042,85.5,31.6608,22.57101,9.4643,2263331,949042,22.57101,9.4643,2021-04-28
85742,34316,115688,3290507,2349073,983358,85.3,32.8145,23.42607,9.80651,2349073,983358,23.42607,9.80651,2021-04-29
89879,35957,117583,3408090,2438952,1019315,88.3,33.98709,24.32239,10.16509,2438952,1019315,24.32239,10.16509,2021-04-30
66788,38599,96138,3504228,2505740,1057914,85.5,34.94582,24.98843,10.55002,2505740,1057914,24.98843,10.55002,2021-05-01
61063,27038,83554,3587782,2566803,1084952,87.5,35.77906,25.59738,10.81966,2566803,1084952,25.59738,10.81966,2021-05-02
71632,15145,83786,3671568,2638435,1100097,89.1,36.61462,26.31172,10.97069,2638435,1100097,26.31172,10.97069,2021-05-03
72545,17282,86983,3758551,2710980,1117379,91.2,37.48205,27.03518,11.14303,2710980,1117379,27.03518,11.14303,2021-05-04
72838,20411,88223,3846774,2783818,1137790,85.8,38.36185,27.76155,11.34658,2783818,1137790,27.76155,11.34658,2021-05-05
73408,20934,90013,3936787,2857226,1158724,87.8,39.25951,28.49361,11.55534,2857226,1158724,28.49361,11.55534,2021-05-06
70008,27657,92527,4029314,2927234,1186381,88.3,40.18223,29.19176,11.83115,2927234,1186381,29.19176,11.83115,2021-05-07
65743,27150,87895,4117209,2992977,1213531,90.2,41.05876,29.84739,12.10191,2992977,1213531,29.84739,12.10191,2021-05-08
56459,16005,69754,4186963,3049436,1229536,91.7,41.75438,30.41042,12.26152,3049436,1229536,30.41042,12.26152,2021-05-09
63725,24607,85336,4272299,3113161,1254143,93.6,42.60539,31.04592,12.50691,3113161,1254143,31.04592,12.50691,2021-05-10
60724,28823,86996,4359295,3173885,1282966,95.5,43.47296,31.65149,12.79435,3173885,1282966,31.65149,12.79435,2021-05-11
59962,30396,87588,4446883,3233847,1313362,90.1,44.34642,32.24946,13.09747,3233847,1313362,32.24946,13.09747,2021-05-12
58336,32982,87266,4534149,3292183,1346344,91.9,45.21668,32.83121,13.42638,3292183,1346344,32.83121,13.42638,2021-05-13
55680,34037,86067,4620216,3347863,1380381,90.9,46.07498,33.38648,13.76581,3347863,1380381,33.38648,13.76581,2021-05-14
47554,37246,81017,4701233,3395417,1417627,92.5,46.88292,33.86071,14.13725,3395417,1417627,33.86071,14.13725,2021-05-15
36506,34413,68744,4769977,3431923,1452040,93.9,47.56847,34.22476,14.48043,3431923,1452040,34.22476,14.48043,2021-05-16
30258,67088,94717,4864694,3462181,1519128,95.7,48.51303,34.52651,15.14946,3462181,1519128,34.52651,15.14946,2021-05-17
32666,58963,88278,4952972,3494847,1578091,97.5,49.39338,34.85227,15.73747,3494847,1578091,34.85227,15.73747,2021-05-18
33935,53642,83327,5036299,3528782,1631733,92.5,50.22436,35.19069,16.27241,3528782,1631733,35.19069,16.27241,2021-05-19
32539,68087,95646,5131945,3561321,1699820,94.3,51.17819,35.51518,16.95141,3561321,1699820,35.51518,16.95141,2021-05-20
29152,68732,93957,5225902,3590473,1768552,94.0,52.11517,35.8059,17.63684,3590473,1768552,35.8059,17.63684,2021-05-21
32452,45899,70715,5296617,3622925,1814451,95.2,52.82038,36.12953,18.09457,3622925,1814451,36.12953,18.09457,2021-05-22
26814,41116,60831,5357448,3649739,1855567,96.3,53.42701,36.39693,18.50459,3649739,1855567,36.39693,18.50459,2021-05-23
49540,53872,89639,5447087,3699279,1909439,96.0,54.32093,36.89096,19.04183,3699279,1909439,36.89096,19.04183,2021-05-24
44683,57058,91245,5538332,3743962,1966497,97.6,55.23087,37.33656,19.61084,3743962,1966497,37.33656,19.61084,2021-05-25
43637,57950,93818,5632150,3787599,2024447,93.3,56.16647,37.77173,20.18875,3787599,2024447,37.77173,20.18875,2021-05-26
41411,58152,95044,5727194,3829010,2082599,94.9,57.11429,38.1847,20.76866,3829010,2082599,38.1847,20.76866,2021-05-27
42953,53240,93750,5820944,3871963,2135839,96.5,58.04921,38.61305,21.2996,3871963,2135839,38.61305,21.2996,2021-05-28
42241,48342,88409,5909353,3914204,2184181,97.9,58.93087,39.0343,21.78169,3914204,2184181,39.0343,21.78169,2021-05-29
34417,45034,74441,5983794,3948621,2229215,96.9,59.67323,39.37752,22.23079,3948621,2229215,39.37752,22.23079,2021-05-30
79495,46361,95763,6079557,4028116,2275576,98.4,60.62822,40.17028,22.69312,4028116,2275576,40.17028,22.69312,2021-05-31
76915,40806,94063,6173620,4105031,2316382,91.7,61.56626,40.93731,23.10006,4105031,2316382,40.93731,23.10006,2021-06-01
78311,15902,84735,6258355,4183342,2332284,93.0,62.41128,41.71827,23.25864,4183342,2332284,41.71827,23.25864,2021-06-02
86293,16968,97246,6355601,4269635,2349252,94.1,63.38107,42.57882,23.42785,4269635,2349252,42.57882,23.42785,2021-06-03
94999,20155,104677,6460278,4364634,2369407,91.0,64.42495,43.5262,23.62885,4364634,2369407,43.5262,23.62885,2021-06-04
92611,30902,102458,6562736,4457245,2400309,92.5,65.44671,44.44976,23.93702,4457245,2400309,44.44976,23.93702,2021-06-05
80921,22034,90148,6652884,4538166,2422343,92.8,66.34571,45.25674,24.15675,4538166,2422343,45.25674,24.15675,2021-06-06
85662,23705,99054,6751938,4623828,2446048,94.2,67.33353,46.111,24.39315,4623828,2446048,46.111,24.39315,2021-06-07
88857,22398,102973,6854911,4712685,2468446,95.6,68.36042,46.99713,24.61651,4712685,2468446,46.99713,24.61651,2021-06-08
89170,20611,103787,6958698,4801855,2489057,91.0,69.39543,47.88637,24.82206,4801855,2489057,47.88637,24.82206,2021-06-09
88229,20908,102745,7061443,4890084,2509965,92.4,70.42006,48.76624,25.03056,4890084,2509965,48.76624,25.03056,2021-06-10
86846,20311,101557,7163000,4976930,2530276,92.9,71.43283,49.6323,25.23311,4976930,2530276,49.6323,25.23311,2021-06-11
86154,7492,89346,7252346,5063084,2537768,94.1,72.32383,50.49147,25.30783,5063084,2537768,50.49147,25.30783,2021-06-12
73877,4731,76009,7328355,5136961,2542499,95.1,73.08183,51.22821,25.35501,5136961,2542499,51.22821,25.35501,2021-06-13
50251,46146,94901,7423256,5187212,2588645,95.6,74.02823,51.72934,25.81519,5187212,2588645,51.72934,25.81519,2021-06-14
50095,47307,96115,7519371,5237307,2635952,96.3,74.98673,52.22891,26.28696,5237307,2635952,52.22891,26.28696,2021-06-15
51011,49748,99415,7618786,5288318,2685700,90.8,75.97815,52.73761,26.78307,5288318,2685700,52.73761,26.78307,2021-06-16
51286,58881,108702,7727488,5339604,2744581,91.8,77.06217,53.24906,27.37026,5339604,2744581,53.24906,27.37026,2021-06-17
53018,56180,107760,7835248,5392622,2800761,93.0,78.13681,53.77778,27.93052,5392622,2800761,53.77778,27.93052,2021-06-18
57650,48368,104420,7939668,5450272,2849129,94.3,79.17813,54.3527,28.41286,5450272,2849129,54.3527,28.41286,2021-06-19
54021,36490,89064,8028732,5504293,2885619,94.3,80.06632,54.89142,28.77676,5504293,2885619,54.89142,28.77676,2021-06-20
80348,35782,113426,8142158,5584641,2921401,95.7,81.19746,55.69269,29.1336,5584641,2921401,55.69269,29.1336,2021-06-21
81305,32643,111291,8253449,5665946,2954044,97.0,82.30731,56.5035,29.45913,5665946,2954044,56.5035,29.45913,2021-06-22
78755,35078,111106,8364555,5744701,2989122,90.0,83.41531,57.28888,29.80894,5744701,2989122,57.28888,29.80894,2021-06-23
80757,31983,109821,8474376,5825458,3021105,91.0,84.51049,58.09423,30.12789,5825458,3021105,58.09423,30.12789,2021-06-24
80669,30505,108361,8582737,5906127,3051610,92.2,85.59112,58.8987,30.4321,5906127,3051610,58.8987,30.4321,2021-06-25
80190,28627,105950,8688687,5986317,3080237,92.3,86.64771,59.69839,30.71758,5986317,3080237,59.69839,30.71758,2021-06-26
72079,21771,90968,8779655,6058396,3102008,93.2,87.55488,60.4172,30.93469,6058396,3102008,60.4172,30.93469,2021-06-27
76918,34270,108136,8887791,6135314,3136278,94.4,88.63326,61.18426,31.27645,6135314,3136278,61.18426,31.27645,2021-06-28
59447,50280,107386,8995177,6194761,3186558,95.5,89.70417,61.77709,31.77787,6194761,3186558,61.77709,31.77787,2021-06-29
58704,50888,107055,9102232,6253465,3237446,90.8,90.77177,62.36252,32.28535,6253465,3237446,62.36252,32.28535,2021-06-30
55746,52230,105186,9207418,6309211,3289676,91.8,91.82074,62.91844,32.80621,6309211,3289676,62.91844,32.80621,2021-07-01
51078,55468,104080,9311498,6360289,3345144,91.7,92.85867,63.42782,33.35936,6360289,3345144,63.42782,33.35936,2021-07-02
46680,58280,102574,9414072,6406969,3403424,92.7,93.88159,63.89333,33.94056,6406969,3403424,63.89333,33.94056,2021-07-03
42152,47075,86793,9500865,6449121,3450499,90.4,94.74713,64.31369,34.41001,6449121,3450499,64.31369,34.41001,2021-07-04
33390,70685,101958,9602823,6482511,3521184,91.3,95.7639,64.64667,35.11492,6482511,3521184,64.64667,35.11492,2021-07-05
24512,79353,102227,9705050,6507023,3600537,92.3,96.78336,64.89112,35.90626,6507023,3600537,64.89112,35.90626,2021-07-06
19164,94280,112116,9817166,6526187,3694817,90.4,97.90143,65.08223,36.84647,6526187,3694817,65.08223,36.84647,2021-07-07
14256,101747,114767,9931933,6540443,3796564,91.5,99.04594,65.2244,37.86114,6540443,3796564,65.2244,37.86114,2021-07-08
12629,104298,115827,10047760,6553072,3900862,92.5,100.20103,65.35034,38.90124,6553072,3900862,65.35034,38.90124,2021-07-09
15098,93515,107296,10155056,6568170,3994377,92.9,101.27103,65.5009,39.83382,6568170,3994377,65.5009,39.83382,2021-07-10
12827,78734,90361,10245417,6580997,4073111,93.7,102.17215,65.62882,40.61899,6580997,4073111,65.62882,40.61899,2021-07-11
15948,97632,111932,10357349,6596945,4170743,94.4,103.28839,65.78786,41.59263,6596945,4170743,65.78786,41.59263,2021-07-12
16690,93640,108769,10466118,6613635,4264383,95.4,104.37309,65.9543,42.52645,6613635,4264383,65.9543,42.52645,2021-07-13
15767,95821,109485,10575603,6629402,4360204,93.5,105.46493,66.11154,43.48202,6629402,4360204,66.11154,43.48202,2021-07-14
14574,96310,109412,10685015,6643976,4456514,94.5,106.55603,66.25688,44.44247,6643976,4456514,66.25688,44.44247,2021-07-15
12307,98004,108942,10793957,6656283,4554518,95.4,107.64246,66.37961,45.41981,6656283,4554518,66.37961,45.41981,2021-07-16
11148,98512,108528,10902485,6667431,4653030,96.4,108.72475,66.49078,46.40222,6667431,4653030,66.49078,46.40222,2021-07-17
9238,88798,97120,10999605,6676669,4741828,96.4,109.69327,66.58291,47.28776,6676669,4741828,66.58291,47.28776,2021-07-18
11891,86481,96956,11096561,6688560,4828309,97.0,110.66017,66.70149,48.15019,6688560,4828309,66.70149,48.15019,2021-07-19
7665,88484,95057,11191618,6696225,4916793,97.9,111.60812,66.77793,49.03259,6696225,4916793,66.77793,49.03259,2021-07-20
9491,85782,94054,11285672,6705716,5002575,95.7,112.54607,66.87258,49.88805,6705716,5002575,66.87258,49.88805,2021-07-21
13972,87573,99457,11385129,6719688,5090148,96.5,113.5379,67.01191,50.76137,6719688,5090148,67.01191,50.76137,2021-07-22
12689,84786,95558,11480687,6732377,5174934,97.4,114.49085,67.13845,51.60689,6732377,5174934,67.13845,51.60689,2021-07-23
10601,86951,95886,11576573,6742978,5261885,98.2,115.44707,67.24417,52.47401,6742978,5261885,67.24417,52.47401,2021-07-24
10204,77639,86650,11663223,6753182,5339524,98.9,116.31119,67.34593,53.24826,6753182,5339524,67.34593,53.24826,2021-07-25
8474,102765,109644,11772867,6761656,5442289,99.8,117.40461,67.43044,54.27309,6761656,5442289,67.43044,54.27309,2021-07-26
8191,98144,104968,11877835,6769847,5540433,99.8,118.4514,67.51212,55.25182,6769847,5540433,67.51212,55.25182,2021-07-27
20873,59529,77486,11955321,6790720,5599962,98.1,119.22413,67.72028,55.84548,6790720,5599962,67.72028,55.84548,2021-07-28
35735,42092,74458,12029779,6826455,5642054,98.7,119.96666,68.07664,56.26524,6826455,5642054,68.07664,56.26524,2021-07-29
37226,39521,73343,12103122,6863681,5681575,98.9,120.69807,68.44788,56.65936,6863681,5681575,68.44788,56.65936,2021-07-30
38397,36006,71128,12174250,6902078,5717581,99.5,121.40739,68.83079,57.01843,6902078,5717581,68.83079,57.01843,2021-07-31
28879,26323,53157,12227407,6930957,5743904,100.0,121.9375,69.11879,57.28093,6930957,5743904,69.11879,57.28093,2021-08-01
19249,65811,83671,12311078,6950206,5809715,100.4,122.7719,69.31075,57.93723,6950206,5809715,69.31075,57.93723,2021-08-02
14214,72770,85844,12396922,6964420,5882485,100.6,123.62798,69.4525,58.66293,6964420,5882485,69.4525,58.66293,2021-08-03
15149,76129,90189,12487111,6979569,5958614,98.5,124.52739,69.60357,59.42212,6979569,5958614,69.60357,59.42212,2021-08-04
16555,75055,90331,12577442,6996124,6033669,99.2,125.42821,69.76866,60.17061,6996124,6033669,69.76866,60.17061,2021-08-05
18667,68457,85644,12663086,7014791,6102126,99.5,126.2823,69.95482,60.85329,7014791,6102126,69.95482,60.85329,2021-08-06
16891,64177,79744,12742830,7031682,6166303,100.1,127.07754,70.12327,61.4933,7031682,6166303,70.12327,61.4933,2021-08-07
17476,42464,58850,12801680,7049158,6208767,100.2,127.66442,70.29754,61.91677,7049158,6208767,70.29754,61.91677,2021-08-08
19691,50954,69005,12870685,7068849,6259721,100.7,128.35257,70.49391,62.4249,7068849,6259721,70.49391,62.4249,2021-08-09
19785,43383,61490,12932175,7088634,6303104,101.2,128.96578,70.69122,62.85754,7088634,6303104,70.69122,62.85754,2021-08-10
23809,39496,61401,12993576,7112443,6342600,99.0,129.5781,70.92865,63.25141,7112443,6342600,70.92865,63.25141,2021-08-11
23382,35447,56919,13050495,7135825,6378047,99.0,130.14572,71.16183,63.60491,7135825,6378047,71.16183,63.60491,2021-08-12
21798,33214,53470,13103965,7157623,6411261,98.2,130.67895,71.37921,63.93613,7157623,6411261,71.37921,63.93613,2021-08-13
11684,15571,26551,13130516,7169307,6426832,98.4,130.94373,71.49573,64.09141,7169307,6426832,71.49573,64.09141,2021-08-14
3117,4095,7003,13137519,7172424,6430927,98.5,131.01357,71.52681,64.13225,7172424,6430927,71.52681,64.13225,2021-08-15
17946,22380,39053,13176572,7190370,6453307,98.8,131.40302,71.70578,64.35544,7190370,6453307,71.70578,64.35544,2021-08-16
18600,16172,33285,13209857,7208970,6469479,99.0,131.73496,71.89127,64.51671,7208970,6469479,71.89127,64.51671,2021-08-17
19277,13257,30935,13240792,7228247,6482736,95.2,132.04345,72.08351,64.64892,7228247,6482736,72.08351,64.64892,2021-08-18
15899,14463,28991,13269783,7244146,6497199,95.4,132.33257,72.24206,64.79315,7244146,6497199,72.24206,64.79315,2021-08-19
15228,13188,27142,13296925,7259374,6510387,95.6,132.60324,72.39392,64.92466,7259374,6510387,72.39392,64.92466,2021-08-20
10256,11998,21336,13318261,7269630,6522385,95.7,132.81601,72.4962,65.04431,7269630,6522385,72.4962,65.04431,2021-08-21
8140,10678,18207,13336468,7277770,6533063,95.9,132.99758,72.57737,65.1508,7277770,6533063,72.57737,65.1508,2021-08-22
27062,34133,57507,13393975,7304832,6567196,96.3,133.57107,72.84725,65.49119,7304832,6567196,72.84725,65.49119,2021-08-23
28086,23592,47547,13441522,7332918,6590788,94.8,134.04523,73.12733,65.72646,7332918,6590788,73.12733,65.72646,2021-08-24
24768,23208,44538,13486060,7357686,6613996,95.1,134.48938,73.37433,65.9579,7357686,6613996,73.37433,65.9579,2021-08-25
23155,18717,38717,13524777,7380841,6632713,91.7,134.87549,73.60524,66.14456,7380841,6632713,73.60524,66.14456,2021-08-26
21132,17512,35761,13560538,7401973,6650225,92.0,135.23211,73.81598,66.3192,7401973,6650225,73.81598,66.3192,2021-08-27
19967,17456,35014,13595552,7421940,6667681,92.2,135.58129,74.0151,66.49328,7421940,6667681,74.0151,66.49328,2021-08-28
14035,12562,25195,13620747,7435975,6680243,92.4,135.83255,74.15507,66.61855,7435975,6680243,74.15507,66.61855,2021-08-29
48832,28467,71250,13691997,7484807,6708710,92.9,136.54308,74.64204,66.90244,7484807,6708710,74.64204,66.90244,2021-08-30
41247,26468,62845,13754842,7526054,6735178,93.3,137.1698,75.05338,67.16639,7526054,6735178,75.05338,67.16639,2021-08-31
34272,29985,60246,13815088,7560326,6765163,93.4,137.77061,75.39515,67.46541,7560326,6765163,75.39515,67.46541,2021-09-01
28787,31008,56501,13871589,7589113,6796171,91.9,138.33406,75.68223,67.77464,7589113,6796171,75.68223,67.77464,2021-09-02
25378,30415,52943,13924532,7614491,6826586,92.3,138.86203,75.93531,68.07795,7614491,6826586,75.93531,68.07795,2021-09-03
23060,25334,45665,13970197,7637551,6851920,92.6,139.31743,76.16528,68.33059,7637551,6851920,76.16528,68.33059,2021-09-04
13787,20908,33257,14003454,7651338,6872828,92.8,139.64908,76.30277,68.5391,7651338,6872828,76.30277,68.5391,2021-09-05
18553,39979,56297,14059751,7669891,6912807,93.2,140.2105,76.48779,68.93779,7669891,6912807,76.48779,68.93779,2021-09-06
17655,45620,61047,14120798,7687546,6958427,91.9,140.81929,76.66385,69.39273,7687546,6958427,76.66385,69.39273,2021-09-07
15271,44901,58184,14178982,7702817,7003328,90.2,141.39953,76.81614,69.84051,7702817,7003328,76.81614,69.84051,2021-09-08
13554,44905,56697,14235679,7716371,7048233,90.6,141.96494,76.95131,70.28832,7716371,7048233,76.95131,70.28832,2021-09-09
13216,41365,52684,14288363,7729587,7089598,90.9,142.49033,77.08311,70.70083,7729587,7089598,77.08311,70.70083,2021-09-10
15155,27949,41136,14329499,7744742,7117547,91.2,142.90056,77.23424,70.97955,7744742,7117547,77.23424,70.97955,2021-09-11
10187,18057,26950,14356449,7754929,7135604,91.3,143.16931,77.33583,71.15963,7754929,7135604,77.33583,71.15963,2021-09-12
7401,30045,36285,14392734,7762330,7165649,91.6,143.53117,77.40963,71.45925,7762330,7165649,77.40963,71.45925,2021-09-13
8648,29309,36731,14429465,7770978,7194958,91.8,143.89746,77.49588,71.75153,7770978,7194958,77.49588,71.75153,2021-09-14
9424,26789,34811,14464276,7780402,7221747,91.3,144.24462,77.58986,72.01868,7780402,7221747,77.58986,72.01868,2021-09-15
9140,22205,29979,14494255,7789542,7243952,90.3,144.54358,77.681,72.24012,7789542,7243952,77.681,72.24012,2021-09-16
10934,20701,30250,14524505,7800476,7264653,90.7,144.84525,77.79004,72.44656,7800476,7264653,77.79004,72.44656,2021-09-17
14292,21534,34189,14558694,7814768,7286187,90.9,145.1862,77.93257,72.66131,7814768,7286187,77.93257,72.66131,2021-09-18
11312,14847,25050,14583744,7826080,7301034,91.1,145.43601,78.04538,72.80937,7826080,7301034,78.04538,72.80937,2021-09-19
12203,40591,51571,14635315,7838283,7341625,91.4,145.9503,78.16707,73.21416,7838283,7341625,78.16707,73.21416,2021-09-20
13635,33833,46184,14681499,7851918,7375458,91.7,146.41087,78.30305,73.55156,7851918,7375458,78.30305,73.55156,2021-09-21
14540,29813,42912,14724411,7866458,7405271,90.2,146.83881,78.44805,73.84887,7866458,7405271,78.44805,73.84887,2021-09-22
14136,25924,38722,14763133,7880594,7431195,90.5,147.22496,78.58902,74.1074,7880594,7431195,78.58902,74.1074,2021-09-23
14247,26704,39521,14802654,7894841,7457899,90.7,147.61908,78.7311,74.3737,7894841,7457899,78.7311,74.3737,2021-09-24
14411,26008,39042,14841696,7909252,7483907,91.0,148.00843,78.87481,74.63307,7909252,7483907,78.87481,74.63307,2021-09-25
9947,15353,24445,14866141,7919199,7499260,91.1,148.2522,78.97401,74.78618,7919199,7499260,78.97401,74.78618,2021-09-26
13945,23018,35714,14901855,7933144,7522278,91.3,148.60836,79.11307,75.01572,7933144,7522278,79.11307,75.01572,2021-09-27
13972,18669,31419,14933274,7947116,7540947,91.7,148.92169,79.25241,75.2019,7947116,7540947,79.25241,75.2019,2021-09-28
12199,17718,28689,14961963,7959315,7558665,87.6,149.20779,79.37406,75.37859,7959315,7558665,79.37406,75.37859,2021-09-29
12217,15907,27053,14989016,7971532,7574572,87.7,149.47757,79.4959,75.53722,7971532,7574572,79.4959,75.53722,2021-09-30
11118,13556,23564,15012580,7982650,7588128,87.9,149.71256,79.60677,75.67241,7982650,7588128,79.60677,75.67241,2021-10-01
9991,14364,23362,15035942,7992641,7602492,88.0,149.94554,79.7064,75.81565,7992641,7602492,79.7064,75.81565,2021-10-02
5814,8396,13673,15049615,7998455,7610888,88.1,150.08189,79.76438,75.89938,7998455,7610888,79.76438,75.89938,2021-10-03
8694,11135,18981,15068596,8007149,7622023,88.2,150.27118,79.85109,76.01043,8007149,7622023,79.85109,76.01043,2021-10-04
8418,9544,17090,15085686,8015567,7631567,88.3,150.44161,79.93503,76.1056,8015567,7631567,79.93503,76.1056,2021-10-05
8381,9508,17041,15102727,8023948,7641075,87.4,150.61155,80.01861,76.20042,8023948,7641075,80.01861,76.20042,2021-10-06
8787,9712,17618,15120345,8032735,7650787,87.5,150.78725,80.10624,76.29727,8032735,7650787,80.10624,76.29727,2021-10-07
8545,11994,19641,15139986,8041280,7662781,87.6,150.98312,80.19146,76.41688,8041280,7662781,80.19146,76.41688,2021-10-08
7562,11598,18385,15158371,8048842,7674379,87.7,151.16646,80.26687,76.53254,8048842,7674379,80.26687,76.53254,2021-10-09
3304,5734,8713,15167084,8052146,7680113,87.8,151.25335,80.29982,76.58973,8052146,7680113,80.29982,76.58973,2021-10-10
7949,14845,22037,15189121,8060095,7694958,87.9,151.47311,80.37909,76.73777,8060095,7694958,80.37909,76.73777,2021-10-11
8233,13425,20924,15210045,8068328,7708383,88.1,151.68178,80.46119,76.87165,8068328,7708383,80.46119,76.87165,2021-10-12
9085,14061,22431,15232476,8077413,7722444,88.2,151.90547,80.55179,77.01187,8077413,7722444,80.55179,77.01187,2021-10-13
9450,13599,22244,15254720,8086863,7736043,88.3,152.1273,80.64603,77.14749,8086863,7736043,80.64603,77.14749,2021-10-14
8890,13444,21491,15276211,8095753,7749487,88.4,152.34162,80.73469,77.28156,8095753,7749487,80.73469,77.28156,2021-10-15
7368,11756,18300,15294511,8103121,7761243,88.5,152.52411,80.80816,77.39879,8103121,7761243,80.80816,77.39879,2021-10-16
3247,6742,9692,15304203,8106368,7767985,88.6,152.62077,80.84054,77.46603,8106368,7767985,80.84054,77.46603,2021-10-17
6208,15763,21311,15325514,8112576,7783748,88.7,152.83329,80.90245,77.62322,8112576,7783748,80.90245,77.62322,2021-10-18
5921,13825,19088,15344602,8118497,7797573,88.8,153.02364,80.9615,77.76109,8118497,7797573,80.9615,77.76109,2021-10-19
5517,12217,17115,15361717,8124014,7809790,88.9,153.19432,81.01652,77.88293,8124014,7809790,81.01652,77.88293,2021-10-20
5294,11446,16104,15377821,8129308,7821236,89.0,153.35492,81.06931,77.99707,8129308,7821236,81.06931,77.99707,2021-10-21
5162,11336,15820,15393641,8134470,7832572,89.1,153.51268,81.12079,78.11012,8134470,7832572,81.12079,78.11012,2021-10-22
3529,9787,12828,15406469,8137999,7842359,89.2,153.64061,81.15598,78.20772,8137999,7842359,81.15598,78.20772,2021-10-23
1208,3532,4584,15411053,8139207,7845891,89.2,153.68633,81.16803,78.24294,8139207,7845891,81.16803,78.24294,2021-10-24
4330,10978,14697,15425750,8143537,7856869,89.3,153.83289,81.21121,78.35242,8143537,7856869,81.21121,78.35242,2021-10-25
3767,8771,12055,15437805,8147304,7865640,89.4,153.95311,81.24878,78.43989,8147304,7865640,81.24878,78.43989,2021-10-26
3278,8000,10878,15448683,8150582,7873640,89.4,154.06159,81.28147,78.51967,8150582,7873640,81.28147,78.51967,2021-10-27
3019,8143,10772,15459455,8153601,7881783,89.5,154.16901,81.31157,78.60088,8153601,7881783,81.31157,78.60088,2021-10-28
2746,8055,10442,15469897,8156347,7889838,89.6,154.27315,81.33896,78.6812,8156347,7889838,81.33896,78.6812,2021-10-29
2174,6206,8062,15477959,8158521,7896044,89.6,154.35354,81.36064,78.74309,8158521,7896044,81.36064,78.74309,2021-10-30
648,1932,2487,15480446,8159169,7897976,89.6,154.37834,81.3671,78.76236,8159169,7897976,81.3671,78.76236,2021-10-31
1104,3149,4116,15484562,8160273,7901125,89.6,154.41939,81.37811,78.79376,8160273,7901125,81.37811,78.79376,2021-11-01
2783,7860,10322,15494884,8163056,7908985,89.7,154.52233,81.40586,78.87215,8163056,7908985,81.40586,78.87215,2021-11-02
2660,7008,9305,15504189,8165716,7915993,89.8,154.61512,81.43239,78.94203,8165716,7915993,81.43239,78.94203,2021-11-03
2578,6850,9108,15513297,8168294,7922843,89.8,154.70595,81.4581,79.01035,8168294,7922843,81.4581,79.01035,2021-11-04
2754,6766,9239,15522536,8171048,7929609,89.9,154.79809,81.48556,79.07782,8171048,7929609,81.48556,79.07782,2021-11-05
2031,5201,7043,15529579,8173079,7934810,89.9,154.86832,81.50582,79.12969,8173079,7934810,81.50582,79.12969,2021-11-06
681,1691,2297,15531876,8173760,7936501,89.9,154.89123,81.51261,79.14655,8173760,7936501,81.51261,79.14655,2021-11-07
2754,7132,9563,15541439,8176514,7943633,90.0,154.9866,81.54007,79.21767,8176514,7943633,81.54007,79.21767,2021-11-08
2592,6060,8404,15549843,8179106,7949693,90.0,155.0704,81.56592,79.27811,8179106,7949693,81.56592,79.27811,2021-11-09
2837,5492,8090,15557933,8181943,7955185,90.1,155.15108,81.59421,79.33288,8181943,7955185,81.59421,79.33288,2021-11-10
2773,5759,8314,15566247,8184716,7960944,90.1,155.23399,81.62187,79.39031,8184716,7960944,81.62187,79.39031,2021-11-11
2551,6300,8661,15574908,8187267,7967244,90.2,155.32036,81.64731,79.45313,8187267,7967244,81.64731,79.45313,2021-11-12
2153,4569,6540,15581448,8189420,7971813,90.2,155.38558,81.66878,79.4987,8189420,7971813,81.66878,79.4987,2021-11-13
751,1337,2038,15583486,8190171,7973150,90.2,155.40591,81.67627,79.51203,8190171,7973150,81.67627,79.51203,2021-11-14
2470,4883,7158,15590644,8192641,7978033,90.2,155.47729,81.7009,79.56073,8192641,7978033,81.7009,79.56073,2021-11-15
2477,4244,6529,15597173,8195118,7982277,90.3,155.5424,81.7256,79.60305,8195118,7982277,81.7256,79.60305,2021-11-16
2436,3919,6205,15603378,8197554,7986196,90.3,155.60428,81.74989,79.64213,8197554,7986196,81.74989,79.64213,2021-11-17
2552,3975,6375,15609753,8200106,7990171,90.4,155.66786,81.77534,79.68177,8200106,7990171,81.77534,79.68177,2021-11-18
2530,3686,6071,15615824,8202636,7993857,90.4,155.7284,81.80057,79.71853,8202636,7993857,81.80057,79.71853,2021-11-19
2062,2994,4922,15620746,8204698,7996851,90.4,155.77748,81.82114,79.74839,8204698,7996851,81.82114,79.74839,2021-11-20
784,832,1570,15622316,8205482,7997683,90.4,155.79314,81.82896,79.75669,8205482,7997683,81.82896,79.75669,2021-11-21
2815,2945,5580,15627896,8208297,8000628,88.8,155.84879,81.85703,79.78605,8208297,8000628,81.85703,79.78605,2021-11-22
2737,3014,5604,15633500,8211034,8003642,88.8,155.90467,81.88432,79.81611,8211034,8003642,81.88432,79.81611,2021-11-23
2794,3879,6562,15640062,8213828,8007521,88.8,155.97011,81.91219,79.85479,8213828,8007521,81.91219,79.85479,2021-11-24
3270,2864,5998,15646060,8217098,8010385,88.9,156.02993,81.9448,79.88336,8217098,8010385,81.9448,79.88336,2021-11-25
3087,3058,6023,15652083,8220185,8013443,88.9,156.08999,81.97558,79.91385,8220185,8013443,81.97558,79.91385,2021-11-26
2784,2600,5260,15657343,8222969,8016043,88.9,156.14245,82.00334,79.93978,8222969,8016043,82.00334,79.93978,2021-11-27
1063,762,1793,15659136,8224032,8016805,88.9,156.16033,82.01395,79.94738,8224032,8016805,82.01395,79.94738,2021-11-28
4131,2822,6811,15665947,8228163,8019627,89.0,156.22825,82.05514,79.97552,8228163,8019627,82.05514,79.97552,2021-11-29
3989,2844,6714,15672661,8232152,8022471,89.0,156.2952,82.09492,80.00388,8232152,8022471,82.09492,80.00388,2021-11-30
3795,2913,6594,15679255,8235947,8025384,86.7,156.36096,82.13277,80.03293,8235947,8025384,82.13277,80.03293,2021-12-01
3796,2769,6443,15685698,8239743,8028153,86.1,156.42522,82.17062,80.06055,8239743,8028153,82.17062,80.06055,2021-12-02
3764,2665,6333,15692031,8243507,8030818,86.1,156.48837,82.20816,80.08712,8243507,8030818,82.20816,80.08712,2021-12-03
3704,2521,6132,15698163,8247211,8033339,86.2,156.54952,82.2451,80.11226,8247211,8033339,82.2451,80.11226,2021-12-04
2443,1021,3418,15701581,8249654,8034360,86.2,156.58361,82.26946,80.12245,8249654,8034360,82.26946,80.12245,2021-12-05
4950,2906,7736,15709317,8254604,8037266,86.2,156.66075,82.31882,80.15143,8254604,8037266,82.31882,80.15143,2021-12-06
4574,2422,6890,15716207,8259178,8039688,86.3,156.72947,82.36444,80.17558,8259178,8039688,82.36444,80.17558,2021-12-07
2239,733,2926,15719133,8261417,8040421,86.3,156.75864,82.38677,80.18289,8261417,8040421,82.38677,80.18289,2021-12-08
4234,4225,8361,15727494,8265651,8044646,86.3,156.84202,82.42899,80.22502,8265651,8044646,82.42899,80.22502,2021-12-09
4539,2845,7267,15734761,8270190,8047491,85.7,156.91449,82.47425,80.25339,8270190,8047491,82.47425,80.25339,2021-12-10
3914,2019,5841,15740602,8274104,8049510,85.8,156.97274,82.51329,80.27353,8274104,8049510,82.51329,80.27353,2021-12-11
2404,950,3306,15743908,8276508,8050460,85.8,157.00571,82.53726,80.283,8276508,8050460,82.53726,80.283,2021-12-12
4173,2660,6721,15750629,8280681,8053120,85.8,157.07274,82.57888,80.30953,8280681,8053120,82.57888,80.30953,2021-12-13
4330,2367,6577,15757206,8285011,8055487,85.9,157.13833,82.62206,80.33313,8285011,8055487,82.62206,80.33313,2021-12-14
3576,2109,5584,15762790,8288587,8057596,83.4,157.19401,82.65772,80.35417,8288587,8057596,82.65772,80.35417,2021-12-15
7228,2321,9460,15772250,8295815,8059917,82.3,157.28835,82.7298,80.37731,8295815,8059917,82.7298,80.37731,2021-12-16
7024,3868,10777,15783027,8302839,8063785,82.4,157.39583,82.79985,80.41589,8302839,8063785,82.79985,80.41589,2021-12-17
0,0,0,15783027,8302839,8063785,82.4,157.39583,82.79985,80.41589,8302839,8063785,82.79985,80.41589,2021-12-18
9026,2083,729688,16512715,8311865,8065868,97.6,164.67262,82.88986,80.43666,8311865,8065868,82.88986,80.43666,2021-12-19
9026,2084,729688,17242403,8320891,8067952,97.6,171.94942,82.97987,80.45744,8320891,8067952,82.97987,80.45744,2021-12-20
9026,2084,729688,17972091,8329917,8070036,97.6,179.22621,83.06988,80.47822,8329917,8070036,83.06988,80.47822,2021-12-21
9027,2084,729689,18701780,8338944,8072120,97.6,186.50301,83.1599,80.49901,8338944,8072120,83.1599,80.49901,2021-12-22
11231,5676,177473,18879253,8350175,8077796,96.6,188.27286,83.2719,80.55561,8350175,8077796,83.2719,80.55561,2021-12-23
7755,1776,91819,18971072,8357930,8079572,97.1,189.18852,83.34924,80.57332,8357930,8079572,83.34924,80.57332,2021-12-24
1679,-641,16382,18987454,8359609,8078931,97.2,189.35189,83.36598,80.56693,8359609,8078931,83.36598,80.56693,2021-12-25
3218,890,30749,19018203,8362827,8079821,97.3,189.65853,83.39807,80.5758,8362827,8079821,83.39807,80.5758,2021-12-26
4419,3204,74944,19093147,8367246,8083025,97.7,190.40591,83.44214,80.60776,8367246,8083025,83.44214,80.60776,2021-12-27
9103,4293,112071,19205218,8376349,8087318,97.2,191.52354,83.53292,80.65057,8376349,8087318,83.53292,80.65057,2021-12-28
9687,3598,113322,19318540,8386036,8090916,97.8,192.65364,83.62953,80.68645,8386036,8090916,83.62953,80.68645,2021-12-29
9407,3073,110080,19428620,8395443,8093989,98.4,193.75141,83.72334,80.71709,8395443,8093989,83.72334,80.71709,2021-12-30
8962,1776,95174,19523794,8404405,8095765,98.9,194.70053,83.81271,80.73481,8404405,8095765,83.81271,80.73481,2021-12-31
2138,-468,20764,19544558,8406543,8095297,99.0,194.9076,83.83403,80.73014,8406543,8095297,83.83403,80.73014,2022-01-01
4983,1783,43601,19588159,8411526,8097080,99.2,195.34241,83.88372,80.74792,8411526,8097080,83.88372,80.74792,2022-01-02
6613,4183,77262,19665421,8418139,8101263,99.6,196.1129,83.94967,80.78963,8418139,8101263,83.94967,80.78963,2022-01-03
9017,4891,106774,19772195,8427156,8106154,100.1,197.1777,84.03959,80.83841,8427156,8106154,84.03959,80.83841,2022-01-04
8971,3598,103483,19875678,8436127,8109752,98.2,198.20968,84.12906,80.87429,8436127,8109752,84.12906,80.87429,2022-01-05
5173,342,46236,19921914,8441300,8110094,98.4,198.67077,84.18064,80.8777,8441300,8110094,84.18064,80.8777,2022-01-06
5312,1951,59957,19981871,8446612,8112045,98.7,199.26869,84.23362,80.89716,8446612,8112045,84.23362,80.89716,2022-01-07
15378,7851,161812,20143683,8461990,8119896,99.5,200.88235,84.38698,80.97545,8461990,8119896,84.38698,80.97545,2022-01-08
11799,2494,83436,20227119,8473789,8122390,99.9,201.71442,84.50464,81.00032,8473789,8122390,84.50464,81.00032,2022-01-09
18217,23276,116459,20343578,8492006,8145666,100.5,202.8758,84.68631,81.23244,8492006,8145666,84.68631,81.23244,2022-01-10
10456,8356,116220,20459798,8502462,8154022,101.1,204.0348,84.79058,81.31577,8502462,8154022,84.79058,81.31577,2022-01-11
11252,7293,112295,20572093,8513714,8161315,99.1,205.15466,84.90279,81.3885,8513714,8161315,84.90279,81.3885,2022-01-12
10529,8173,114523,20686616,8524243,8169488,98.9,206.29674,85.00779,81.47001,8524243,8169488,85.00779,81.47001,2022-01-13
9264,8097,110491,20797107,8533507,8177585,99.4,207.39861,85.10018,81.55075,8533507,8177585,85.10018,81.55075,2022-01-14
15587,6812,125111,20922218,8549094,8184397,100.0,208.64627,85.25562,81.61869,8549094,8184397,85.25562,81.61869,2022-01-15
16572,5066,91291,21013509,8565666,8189463,100.5,209.55667,85.42088,81.66921,8565666,8189463,85.42088,81.66921,2022-01-16
7540,5480,84368,21097877,8573206,8194943,100.9,210.39803,85.49607,81.72386,8573206,8194943,85.49607,81.72386,2022-01-17
8018,8165,103920,21201797,8581224,8203108,101.4,211.43437,85.57603,81.80528,8581224,8203108,85.57603,81.80528,2022-01-18
8262,7507,100954,21302751,8589486,8210615,100.0,212.44113,85.65843,81.88014,8589486,8210615,85.65843,81.88014,2022-01-19
7001,9348,101180,21403931,8596487,8219963,99.8,213.45014,85.72824,81.97337,8596487,8219963,85.72824,81.97337,2022-01-20
6273,6728,97054,21500985,8602760,8226691,100.2,214.41801,85.7908,82.04046,8602760,8226691,85.7908,82.04046,2022-01-21
4476,4175,112223,21613208,8607236,8230866,100.7,215.53715,85.83544,82.0821,8607236,8230866,85.83544,82.0821,2022-01-22
16720,8477,83815,21697023,8623956,8239343,101.1,216.373,86.00218,82.16663,8623956,8239343,86.00218,82.16663,2022-01-23
4313,6061,72967,21769990,8628269,8245404,101.5,217.10066,86.04519,82.22708,8628269,8245404,86.04519,82.22708,2022-01-24
5532,8802,95864,21865854,8633801,8254206,101.9,218.05666,86.10036,82.31485,8633801,8254206,86.10036,82.31485,2022-01-25
5274,8044,93281,21959135,8639075,8262250,101.7,218.9869,86.15295,82.39507,8639075,8262250,86.15295,82.39507,2022-01-26
4967,8218,89789,22048924,8644042,8270468,101.3,219.88232,86.20248,82.47703,8644042,8270468,86.20248,82.47703,2022-01-27
4893,6600,87691,22136615,8648935,8277068,100.9,220.75682,86.25128,82.54285,8648935,8277068,86.25128,82.54285,2022-01-28
9796,12091,109260,22245875,8658731,8289159,101.4,221.84641,86.34897,82.66342,8658731,8289159,86.34897,82.66342,2022-01-29
10035,11231,79856,22325731,8668766,8300390,101.8,222.64277,86.44904,82.77542,8668766,8300390,86.44904,82.77542,2022-01-30
4355,7472,62003,22387734,8673121,8307862,102.1,223.26109,86.49247,82.84994,8673121,8307862,86.49247,82.84994,2022-01-31
4157,9200,75299,22463033,8677278,8317062,102.4,224.01201,86.53393,82.94168,8677278,8317062,86.53393,82.94168,2022-02-01
2600,8105,51749,22514782,8679878,8325167,100.8,224.52808,86.55986,83.02251,8679878,8325167,86.55986,83.02251,2022-02-02
3700,11789,75231,22590013,8683578,8336956,100.4,225.27832,86.59676,83.14008,8683578,8336956,86.59676,83.14008,2022-02-03
1546,4576,27818,22617831,8685124,8341532,100.5,225.55573,86.61217,83.18571,8685124,8341532,86.61217,83.18571,2022-02-04
6729,17958,100685,22718516,8691853,8359490,101.0,226.55981,86.67928,83.3648,8691853,8359490,86.67928,83.3648,2022-02-05
5070,15511,51136,22769652,8696923,8375001,101.2,227.06976,86.72984,83.51948,8696923,8375001,86.72984,83.51948,2022-02-06
1939,8450,35390,22805042,8698862,8383451,101.4,227.42269,86.74917,83.60375,8698862,8383451,86.74917,83.60375,2022-02-07
2156,9520,45253,22850295,8701018,8392971,101.6,227.87397,86.77068,83.69868,8701018,8392971,86.77068,83.69868,2022-02-08
1886,9306,40748,22891043,8702904,8402277,99.6,228.28033,86.78948,83.79149,8702904,8402277,86.78948,83.79149,2022-02-09
1941,8269,38219,22929262,8704845,8410546,99.8,228.66147,86.80884,83.87395,8704845,8410546,86.80884,83.87395,2022-02-10
1413,7439,36672,22965934,8706258,8417985,100.0,229.02718,86.82293,83.94814,8706258,8417985,86.82293,83.94814,2022-02-11
3423,12135,49855,23015789,8709681,8430120,100.2,229.52436,86.85707,84.06915,8709681,8430120,86.85707,84.06915,2022-02-12
1672,8883,20868,23036657,8711353,8439003,100.3,229.73246,86.87374,84.15774,8711353,8439003,86.87374,84.15774,2022-02-13
1712,8084,31389,23068046,8713065,8447087,100.4,230.04549,86.89081,84.23836,8713065,8447087,86.89081,84.23836,2022-02-14
978,6803,29480,23097526,8714043,8453890,100.5,230.33948,86.90057,84.3062,8714043,8453890,86.90057,84.3062,2022-02-15
1010,5863,27279,23124805,8715053,8459753,86.4,230.61152,86.91064,84.36467,8715053,8459753,86.91064,84.36467,2022-02-16
1003,6922,26715,23151520,8716056,8466675,99.6,230.87793,86.92064,84.4337,8716056,8466675,86.92064,84.4337,2022-02-17
787,5330,24384,23175904,8716843,8472005,99.7,231.1211,86.92849,84.48685,8716843,8472005,86.92849,84.48685,2022-02-18
1596,10774,37283,23213187,8718439,8482779,99.9,231.4929,86.94441,84.59429,8718439,8482779,86.94441,84.59429,2022-02-19
1044,8888,24007,23237194,8719483,8491667,100.0,231.73231,86.95482,84.68293,8719483,8491667,86.95482,84.68293,2022-02-20
604,4275,17858,23255052,8720087,8495942,100.1,231.9104,86.96084,84.72556,8720087,8495942,86.96084,84.72556,2022-02-21
721,5071,23691,23278743,8720808,8501013,100.2,232.14666,86.96803,84.77613,8720808,8501013,86.96803,84.77613,2022-02-22
669,3577,19019,23297762,8721477,8504590,98.9,232.33633,86.9747,84.8118,8721477,8504590,86.9747,84.8118,2022-02-23
637,3354,18468,23316230,8722114,8507944,99.0,232.5205,86.98105,84.84525,8722114,8507944,86.98105,84.84525,2022-02-24
538,3102,17949,23334179,8722652,8511046,99.1,232.69949,86.98642,84.87618,8722652,8511046,86.98642,84.87618,2022-02-25
1095,6668,30060,23364239,8723747,8517714,99.2,232.99927,86.99734,84.94268,8723747,8517714,86.99734,84.94268,2022-02-26
679,5133,17433,23381672,8724426,8522847,99.3,233.17312,87.00411,84.99387,8724426,8522847,87.00411,84.99387,2022-02-27
376,2784,13995,23395667,8724802,8525631,99.4,233.31268,87.00786,85.02163,8724802,8525631,87.00786,85.02163,2022-02-28
1115,2492,16503,23412170,8725917,8528123,98.7,233.47726,87.01898,85.04648,8725917,8528123,87.01898,85.04648,2022-03-01
741,1961,11728,23423898,8726658,8530084,97.3,233.59421,87.02637,85.06604,8726658,8530084,87.02637,85.06604,2022-03-02
723,2071,12431,23436329,8727381,8532155,97.3,233.71818,87.03358,85.08669,8727381,8532155,87.03358,85.08669,2022-03-03
498,1536,11229,23447558,8727879,8533691,97.4,233.83016,87.03855,85.10201,8727879,8533691,87.03855,85.10201,2022-03-04
944,4354,21457,23469015,8728823,8538045,97.4,234.04414,87.04796,85.14543,8728823,8538045,87.04796,85.14543,2022-03-05
410,2365,10120,23479135,8729233,8540410,97.5,234.14506,87.05205,85.16902,8729233,8540410,87.05205,85.16902,2022-03-06
261,884,7597,23486732,8729494,8541294,97.5,234.22082,87.05465,85.17783,8729494,8541294,87.05465,85.17783,2022-03-07
396,1453,11991,23498723,8729890,8542747,97.6,234.3404,87.0586,85.19232,8729890,8542747,87.0586,85.19232,2022-03-08
366,1155,10115,23508838,8730256,8543902,96.2,234.44128,87.06225,85.20384,8730256,8543902,87.06225,85.20384,2022-03-09
472,1222,11064,23519902,8730728,8545124,96.2,234.55161,87.06696,85.21603,8730728,8545124,87.06696,85.21603,2022-03-10
475,1163,10478,23530380,8731203,8546287,96.2,234.6561,87.07169,85.22762,8731203,8546287,87.07169,85.22762,2022-03-11
395,1200,8412,23538792,8731598,8547487,96.3,234.73999,87.07563,85.23959,8731598,8547487,87.07563,85.23959,2022-03-12
962,2407,19717,23558509,8732560,8549894,96.4,234.93662,87.08523,85.2636,8732560,8549894,87.08523,85.2636,2022-03-13
336,781,6850,23565359,8732896,8550675,96.4,235.00493,87.08858,85.27138,8732896,8550675,87.08858,85.27138,2022-03-14
441,1248,10580,23575939,8733337,8551923,96.4,235.11044,87.09298,85.28383,8733337,8551923,87.09298,85.28383,2022-03-15
388,789,9016,23584955,8733725,8552712,96.5,235.20035,87.09685,85.2917,8733725,8552712,87.09685,85.2917,2022-03-16
460,871,9213,23594168,8734185,8553583,96.5,235.29223,87.10143,85.30038,8734185,8553583,87.10143,85.30038,2022-03-17
375,807,8818,23602986,8734560,8554390,96.5,235.38016,87.10517,85.30843,8734560,8554390,87.10517,85.30843,2022-03-18
706,1548,16202,23619188,8735266,8555938,96.6,235.54174,87.11221,85.32387,8735266,8555938,87.11221,85.32387,2022-03-19
434,712,6487,23625675,8735700,8556650,96.6,235.60643,87.11654,85.33097,8735700,8556650,87.11654,85.33097,2022-03-20
262,517,4943,23630618,8735962,8557167,96.7,235.65572,87.11915,85.33613,8735962,8557167,87.11915,85.33613,2022-03-21
251,756,9075,23639693,8736213,8557923,96.7,235.74622,87.12166,85.34366,8736213,8557923,87.12166,85.34366,2022-03-22
29,509,6467,23646160,8736242,8558432,96.7,235.81072,87.12195,85.34874,8736242,8558432,87.12195,85.34874,2022-03-23
151,611,7440,23653600,8736393,8559043,96.7,235.88491,87.12345,85.35483,8736393,8559043,87.12345,85.35483,2022-03-24
1123,1543,9235,23662835,8737516,8560586,96.8,235.97701,87.13465,85.37022,8737516,8560586,87.13465,85.37022,2022-03-25
604,1431,13653,23676488,8738120,8562017,96.8,236.11316,87.14067,85.38449,8738120,8562017,87.14067,85.38449,2022-03-26
318,626,4982,23681470,8738438,8562643,96.9,236.16284,87.14385,85.39073,8738438,8562643,87.14385,85.39073,2022-03-27
210,595,4734,23686204,8738648,8563238,96.9,236.21005,87.14594,85.39667,8738648,8563238,87.14594,85.39667,2022-03-28
323,690,8194,23694398,8738971,8563928,96.9,236.29177,87.14916,85.40355,8738971,8563928,87.14916,85.40355,2022-03-29
273,460,6053,23700451,8739244,8564388,96.9,236.35213,87.15188,85.40814,8739244,8564388,87.15188,85.40814,2022-03-30
370,599,7177,23707628,8739614,8564987,97.0,236.4237,87.15557,85.41411,8739614,8564987,87.15557,85.41411,2022-03-31
229,462,5731,23713359,8739843,8565449,97.0,236.48086,87.15786,85.41872,8739843,8565449,87.15786,85.41872,2022-04-01
478,885,9400,23722759,8740321,8566334,97.0,236.5746,87.16262,85.42754,8740321,8566334,87.16262,85.42754,2022-04-02
259,422,2975,23725734,8740580,8566756,97.0,236.60426,87.16521,85.43175,8740580,8566756,87.16521,85.43175,2022-04-03
154,429,3343,23729077,8740734,8567185,97.1,236.6376,87.16674,85.43603,8740734,8567185,87.16674,85.43603,2022-04-04
226,611,5525,23734602,8740960,8567796,97.1,236.6927,87.169,85.44212,8740960,8567796,87.169,85.44212,2022-04-05
218,385,4948,23739550,8741178,8568181,97.1,236.74204,87.17117,85.44596,8741178,8568181,87.17117,85.44596,2022-04-06
263,592,5447,23744997,8741441,8568773,97.1,236.79636,87.17379,85.45187,8741441,8568773,87.17379,85.45187,2022-04-07
181,436,5220,23750217,8741622,8569209,97.1,236.84842,87.1756,85.45621,8741622,8569209,87.1756,85.45621,2022-04-08
384,912,9625,23759842,8742006,8570121,97.2,236.94441,87.17943,85.46531,8742006,8570121,87.17943,85.46531,2022-04-09
202,399,2995,23762837,8742208,8570520,97.2,236.97427,87.18144,85.46929,8742208,8570520,87.18144,85.46929,2022-04-10
129,285,2901,23765738,8742337,8570805,97.2,237.0032,87.18273,85.47213,8742337,8570805,87.18273,85.47213,2022-04-11
209,606,5866,23771604,8742546,8571411,97.2,237.0617,87.18481,85.47817,8742546,8571411,87.18481,85.47817,2022-04-12
168,355,4844,23776448,8742714,8571766,97.2,237.11001,87.18649,85.48171,8742714,8571766,87.18649,85.48171,2022-04-13
301,517,7256,23783704,8743015,8572283,97.3,237.18237,87.18949,85.48687,8743015,8572283,87.18949,85.48687,2022-04-14
222,442,7681,23791385,8743237,8572725,97.3,237.25897,87.1917,85.49128,8743237,8572725,87.1917,85.49128,2022-04-15
256,572,6844,23798229,8743493,8573297,97.3,237.32722,87.19426,85.49698,8743493,8573297,87.19426,85.49698,2022-04-16
47,73,1126,23799355,8743540,8573370,97.3,237.33845,87.19473,85.49771,8743540,8573370,87.19473,85.49771,2022-04-17
15,33,629,23799984,8743555,8573403,97.3,237.34472,87.19487,85.49804,8743555,8573403,87.19487,85.49804,2022-04-18
105,271,4293,23804277,8743660,8573674,97.4,237.38753,87.19592,85.50074,8743660,8573674,87.19592,85.50074,2022-04-19
248,584,8548,23812825,8743908,8574258,97.4,237.47278,87.19839,85.50656,8743908,8574258,87.19839,85.50656,2022-04-20
201,457,8666,23821491,8744109,8574715,97.4,237.5592,87.2004,85.51112,8744109,8574715,87.2004,85.51112,2022-04-21
171,386,7901,23829392,8744280,8575101,97.5,237.63799,87.2021,85.51497,8744280,8575101,87.2021,85.51497,2022-04-22
360,768,11624,23841016,8744640,8575869,97.5,237.75391,87.20569,85.52263,8744640,8575869,87.20569,85.52263,2022-04-23
207,377,2733,23843749,8744847,8576246,97.5,237.78117,87.20776,85.52639,8744847,8576246,87.20776,85.52639,2022-04-24
36,81,993,23844742,8744883,8576327,97.5,237.79107,87.20812,85.5272,8744883,8576327,87.20812,85.5272,2022-04-25
119,304,4305,23849047,8745002,8576631,97.5,237.834,87.2093,85.53023,8745002,8576631,87.2093,85.53023,2022-04-26
157,276,8054,23857101,8745159,8576907,97.6,237.91432,87.21087,85.53298,8745159,8576907,87.21087,85.53298,2022-04-27
126,245,4115,23861216,8745285,8577152,97.6,237.95536,87.21213,85.53543,8745285,8577152,87.21213,85.53543,2022-04-28
214,391,11776,23872992,8745499,8577543,97.6,238.07279,87.21426,85.53932,8745499,8577543,87.21426,85.53932,2022-04-29
378,681,11012,23884004,8745877,8578224,97.7,238.18261,87.21803,85.54612,8745877,8578224,87.21803,85.54612,2022-04-30
0,0,0,23884004,8745877,8578224,97.7,238.18261,87.21803,85.54612,8745877,8578224,87.21803,85.54612,2022-05-01
