delta_1d,delta_2d,delta_all,sum_doses,sum_1d,sum_2d,perc_doses,perc_inh_tot,perc_inh_1d,perc_inh_2d,sum_monotone_1d,sum_monotone_2d,perc_inh_monotone_1d,perc_inh_monotone_2d,date
0,0,0,0,0,0,0,0,0,0,0,0,0,0,2020-12-26
200,0,200,200,200,0,100.0,0.01322,0.01322,0.0,200,0,0.01322,0.0,2020-12-27
0,0,0,200,200,0,100.0,0.01322,0.01322,0.0,200,0,0.01322,0.0,2020-12-28
0,0,0,200,200,0,100.0,0.01322,0.01322,0.0,200,0,0.01322,0.0,2020-12-29
17,0,17,217,217,0,2.4,0.01435,0.01435,0.0,217,0,0.01435,0.0,2020-12-30
385,0,385,602,602,0,6.7,0.0398,0.0398,0.0,602,0,0.0398,0.0,2020-12-31
0,0,0,602,602,0,6.7,0.0398,0.0398,0.0,602,0,0.0398,0.0,2021-01-01
453,0,453,1055,1055,0,11.8,0.06974,0.06974,0.0,1055,0,0.06974,0.0,2021-01-02
896,0,896,1951,1951,0,21.7,0.12898,0.12898,0.0,1951,0,0.12898,0.0,2021-01-03
1503,0,1503,3454,3454,0,38.5,0.22834,0.22834,0.0,3454,0,0.22834,0.0,2021-01-04
1562,0,1562,5016,5016,0,31.7,0.3316,0.3316,0.0,5016,0,0.3316,0.0,2021-01-05
2181,0,2181,7197,7197,0,45.6,0.47578,0.47578,0.0,7197,0,0.47578,0.0,2021-01-06
1806,0,1806,9003,9003,0,50.7,0.59517,0.59517,0.0,9003,0,0.59517,0.0,2021-01-07
1576,0,1576,10579,10579,0,59.6,0.69936,0.69936,0.0,10579,0,0.69936,0.0,2021-01-08
1709,0,1709,12288,12288,0,69.2,0.81234,0.81234,0.0,12288,0,0.81234,0.0,2021-01-09
1737,0,1737,14025,14025,0,79.0,0.92717,0.92717,0.0,14025,0,0.92717,0.0,2021-01-10
1176,0,1176,15201,15201,0,85.6,1.00491,1.00491,0.0,15201,0,1.00491,0.0,2021-01-11
1226,0,1226,16427,16427,0,59.7,1.08596,1.08596,0.0,16427,0,1.08596,0.0,2021-01-12
2105,0,2105,18532,18532,0,63.9,1.22512,1.22512,0.0,18532,0,1.22512,0.0,2021-01-13
2010,0,2010,20542,20542,0,70.8,1.35799,1.35799,0.0,20542,0,1.35799,0.0,2021-01-14
1771,0,1771,22313,22313,0,76.9,1.47507,1.47507,0.0,22313,0,1.47507,0.0,2021-01-15
2005,0,2005,24318,24318,0,83.9,1.60762,1.60762,0.0,24318,0,1.60762,0.0,2021-01-16
1550,56,1606,25924,25868,56,89.4,1.71379,1.71009,0.0037,25868,56,1.71009,0.0037,2021-01-17
547,126,673,26597,26415,182,91.7,1.75828,1.74625,0.01203,26415,182,1.74625,0.01203,2021-01-18
141,85,226,26823,26556,267,92.5,1.77322,1.75557,0.01765,26556,267,1.75557,0.01765,2021-01-19
384,14,398,27221,26940,281,86.9,1.79953,1.78095,0.01858,26940,281,1.78095,0.01858,2021-01-20
585,312,897,28118,27525,593,71.1,1.85883,1.81963,0.0392,27525,593,1.81963,0.0392,2021-01-21
194,293,487,28605,27719,886,72.4,1.89102,1.83245,0.05857,27719,886,1.83245,0.05857,2021-01-22
123,434,557,29162,27842,1320,73.8,1.92785,1.84058,0.08726,27842,1320,1.84058,0.08726,2021-01-23
5,875,880,30042,27847,2195,76.0,1.98602,1.84091,0.14511,27847,2195,1.84091,0.14511,2021-01-24
97,1498,1595,31637,27944,3693,80.0,2.09146,1.84733,0.24414,27944,3693,1.84733,0.24414,2021-01-25
92,1924,2016,33653,28036,5617,82.7,2.22474,1.85341,0.37133,28036,5617,1.85341,0.37133,2021-01-26
122,1996,2118,35771,28158,7613,78.8,2.36476,1.86147,0.50328,28158,7613,1.86147,0.50328,2021-01-27
165,1920,2085,37856,28323,9533,83.4,2.50259,1.87238,0.63021,28323,9533,1.87238,0.63021,2021-01-28
167,1824,1991,39847,28490,11357,87.8,2.63421,1.88342,0.75079,28490,11357,1.88342,0.75079,2021-01-29
29,1876,1905,41752,28519,13233,92.0,2.76015,1.88534,0.87481,28519,13233,1.88534,0.87481,2021-01-30
105,1815,1920,43672,28624,15048,96.2,2.88708,1.89228,0.9948,28624,15048,1.89228,0.9948,2021-01-31
98,1264,1362,45034,28722,16312,95.7,2.97712,1.89876,1.07836,28722,16312,1.89876,1.07836,2021-02-01
73,1119,1192,46226,28795,17431,80.2,3.05592,1.90359,1.15233,28795,17431,1.90359,1.15233,2021-02-02
119,2005,2124,48350,28914,19436,83.9,3.19633,1.91145,1.28488,28914,19436,1.91145,1.28488,2021-02-03
112,2229,2341,50691,29026,21665,88.0,3.35109,1.91886,1.43223,29026,21665,1.91886,1.43223,2021-02-04
440,1715,2155,52846,29466,23380,91.7,3.49355,1.94794,1.54561,29466,23380,1.94794,1.54561,2021-02-05
522,1937,2459,55305,29988,25317,96.0,3.65611,1.98245,1.67366,29988,25317,1.98245,1.67366,2021-02-06
344,1524,1868,57173,30332,26841,99.2,3.7796,2.00519,1.77441,30332,26841,2.00519,1.77441,2021-02-07
371,462,833,58006,30703,27303,100.7,3.83467,2.02972,1.80495,30703,27303,2.02972,1.80495,2021-02-08
46,78,124,58130,30749,27381,75.7,3.84287,2.03276,1.81011,30749,27381,2.03276,1.81011,2021-02-09
1080,359,1439,59569,31829,27740,77.6,3.938,2.10416,1.83384,31829,27740,2.10416,1.83384,2021-02-10
1598,389,1987,61556,33427,28129,80.2,4.06936,2.2098,1.85956,33427,28129,2.2098,1.85956,2021-02-11
1430,152,1582,63138,34857,28281,82.2,4.17394,2.30433,1.86961,34857,28281,2.30433,1.86961,2021-02-12
1010,52,1062,64200,35867,28333,72.7,4.24415,2.3711,1.87304,35867,28333,2.3711,1.87304,2021-02-13
738,0,738,64938,36605,28333,73.6,4.29293,2.41989,1.87304,36605,28333,2.41989,1.87304,2021-02-14
954,13,967,65905,37559,28346,74.7,4.35686,2.48296,1.8739,37559,28346,2.48296,1.8739,2021-02-15
1257,30,1287,67192,38816,28376,76.1,4.44194,2.56606,1.87589,38816,28376,2.56606,1.87589,2021-02-16
1668,117,1785,68977,40484,28493,78.1,4.55994,2.67632,1.88362,40484,28493,2.67632,1.88362,2021-02-17
1815,286,2101,71078,42299,28779,66.4,4.69884,2.79631,1.90253,42299,28779,2.79631,1.90253,2021-02-18
1827,135,1962,73040,44126,28914,60.9,4.82854,2.91709,1.91145,44126,28914,2.91709,1.91145,2021-02-19
4010,111,4121,77161,48136,29025,64.4,5.10097,3.18218,1.91879,48136,29025,3.18218,1.91879,2021-02-20
375,1,376,77537,48511,29026,64.7,5.12583,3.20697,1.91886,48511,29026,3.20697,1.91886,2021-02-21
3338,76,3414,80951,51849,29102,67.5,5.35152,3.42764,1.92388,51849,29102,3.42764,1.92388,2021-02-22
3211,56,3267,84218,55060,29158,70.2,5.5675,3.63992,1.92758,55060,29158,3.63992,1.92758,2021-02-23
3408,78,3486,87704,58468,29236,63.3,5.79795,3.86521,1.93274,58468,29236,3.86521,1.93274,2021-02-24
3331,179,3510,91214,61799,29415,65.8,6.02999,4.08542,1.94457,61799,29415,4.08542,1.94457,2021-02-25
3154,476,3630,94844,64953,29891,68.4,6.26996,4.29392,1.97604,64953,29891,4.29392,1.97604,2021-02-26
3147,209,3356,98200,68100,30100,65.7,6.49182,4.50197,1.98986,68100,30100,4.50197,1.98986,2021-02-27
2830,6,2836,101036,70930,30106,67.6,6.67931,4.68905,1.99025,70930,30106,4.68905,1.99025,2021-02-28
3476,248,3724,104760,74406,30354,66.8,6.92549,4.91885,2.00665,74406,30354,4.91885,2.00665,2021-03-01
4387,566,4953,109713,78793,30920,62.1,7.25293,5.20886,2.04407,78793,30920,5.20886,2.04407,2021-03-02
5766,881,6647,116360,84559,31801,65.8,7.69235,5.59004,2.10231,84559,31801,5.59004,2.10231,2021-03-03
5096,1393,6489,122849,89655,33194,69.5,8.12132,5.92693,2.1944,89655,33194,5.92693,2.1944,2021-03-04
4709,1467,6176,129025,94364,34661,73.0,8.52961,6.23823,2.29138,94364,34661,6.23823,2.29138,2021-03-05
4437,1267,5704,134729,98801,35928,76.2,8.90669,6.53155,2.37513,98801,35928,6.53155,2.37513,2021-03-06
4434,753,5187,139916,103235,36681,79.1,9.24959,6.82468,2.42491,103235,36681,6.82468,2.42491,2021-03-07
5263,1002,6265,146181,108498,37683,82.7,9.66376,7.17261,2.49115,108498,37683,7.17261,2.49115,2021-03-08
4549,880,5429,151610,113047,38563,76.6,10.02266,7.47333,2.54933,113047,38563,7.47333,2.54933,2021-03-09
4530,1137,5667,157277,117577,39700,73.3,10.3973,7.7728,2.62449,117577,39700,7.7728,2.62449,2021-03-10
5224,1370,6594,163871,122801,41070,76.4,10.83321,8.11815,2.71506,122801,41070,8.11815,2.71506,2021-03-11
3403,1238,4641,168512,126204,42308,78.5,11.14002,8.34312,2.79691,126204,42308,8.34312,2.79691,2021-03-12
1806,3957,5763,174275,128010,46265,78.9,11.521,8.46251,3.0585,128010,46265,8.46251,3.0585,2021-03-13
1906,593,2499,176774,129916,46858,80.0,11.68621,8.58851,3.0977,129916,46858,8.58851,3.0977,2021-03-14
1312,3090,4402,181176,131228,49948,74.9,11.97722,8.67524,3.30197,131228,49948,8.67524,3.30197,2021-03-15
290,3181,3471,184647,131518,53129,76.3,12.20668,8.69442,3.51226,131518,53129,8.69442,3.51226,2021-03-16
107,3321,3428,188075,131625,56450,77.7,12.4333,8.70149,3.73181,131625,56450,8.70149,3.73181,2021-03-17
162,3227,3389,191464,131787,59677,79.1,12.65734,8.7122,3.94514,131787,59677,8.7122,3.94514,2021-03-18
339,3496,3835,195299,132126,63173,80.7,12.91086,8.73461,4.17625,132126,63173,8.73461,4.17625,2021-03-19
1049,3086,4135,199434,133175,66259,82.4,13.18422,8.80396,4.38026,133175,66259,8.80396,4.38026,2021-03-20
1629,2876,4505,203939,134804,69135,81.0,13.48204,8.91165,4.57039,134804,69135,8.91165,4.57039,2021-03-21
2527,3128,5655,209594,137331,72263,70.7,13.85588,9.0787,4.77718,137331,72263,9.0787,4.77718,2021-03-22
2262,3527,5789,215383,139593,75790,72.7,14.23858,9.22824,5.01034,139593,75790,9.22824,5.01034,2021-03-23
3364,3668,7032,222415,142957,79458,75.0,14.70345,9.45063,5.25282,142957,79458,9.45063,5.25282,2021-03-24
3247,3410,6657,229072,146204,82868,75.6,15.14353,9.66528,5.47825,146204,82868,9.66528,5.47825,2021-03-25
3523,2808,6331,235403,149727,85676,77.6,15.56207,9.89818,5.66388,149727,85676,9.89818,5.66388,2021-03-26
5019,2358,7377,242780,154746,88034,80.1,16.04975,10.22998,5.81977,154746,88034,10.22998,5.81977,2021-03-27
2435,1691,4126,246906,157181,89725,81.4,16.32251,10.39095,5.93156,157181,89725,10.39095,5.93156,2021-03-28
3435,2425,5860,252766,160616,92150,75.8,16.7099,10.61803,6.09187,160616,92150,10.61803,6.09187,2021-03-29
4603,2815,7418,260184,165219,94965,78.0,17.20029,10.92233,6.27796,165219,94965,10.92233,6.27796,2021-03-30
4350,3024,7374,267558,169569,97989,80.2,17.68777,11.2099,6.47787,169569,97989,11.2099,6.47787,2021-03-31
4162,3416,7578,275136,173731,101405,82.5,18.18874,11.48504,6.7037,173731,101405,11.48504,6.7037,2021-04-01
6135,740,6875,282011,179866,102145,81.0,18.64324,11.89061,6.75262,179866,102145,11.89061,6.75262,2021-04-02
6903,670,7573,289584,186769,102815,76.1,19.14387,12.34696,6.79691,186769,102815,12.34696,6.79691,2021-04-03
2655,1169,3824,293408,189424,103984,77.1,19.39667,12.52248,6.87419,189424,103984,12.52248,6.87419,2021-04-04
4419,1269,5688,299096,193843,105253,78.6,19.77269,12.81461,6.95808,193843,105253,12.81461,6.95808,2021-04-05
8066,813,8879,307975,201909,106066,72.3,20.35967,13.34784,7.01183,201909,106066,13.34784,7.01183,2021-04-06
7477,335,7812,315787,209386,106401,74.1,20.87611,13.84213,7.03398,209386,106401,13.84213,7.03398,2021-04-07
7195,327,7522,323309,216581,106728,75.9,21.37337,14.31778,7.05559,216581,106728,14.31778,7.05559,2021-04-08
9357,201,9558,332867,225938,106929,78.1,22.00523,14.93635,7.06888,225938,106929,14.93635,7.06888,2021-04-09
10603,313,10916,343783,236541,107242,80.7,22.72687,15.6373,7.08957,236541,107242,15.6373,7.08957,2021-04-10
6831,286,7117,350900,243372,107528,82.4,23.19736,16.08888,7.10848,243372,107528,16.08888,7.10848,2021-04-11
8084,484,8568,359468,251456,108012,84.4,23.76378,16.6233,7.14048,251456,108012,16.6233,7.14048,2021-04-12
9605,233,9838,369306,261061,108245,86.7,24.41415,17.25827,7.15588,261061,108245,17.25827,7.15588,2021-04-13
9843,372,10215,379521,270904,108617,81.7,25.08944,17.90897,7.18047,270904,108617,17.90897,7.18047,2021-04-14
9811,565,10376,389897,280715,109182,83.2,25.77538,18.55756,7.21782,280715,109182,18.55756,7.21782,2021-04-15
9557,525,10082,399979,290272,109707,85.3,26.44189,19.18935,7.25253,290272,109707,19.18935,7.25253,2021-04-16
10625,1075,11700,411679,300897,110782,87.8,27.21535,19.89175,7.3236,300897,110782,19.89175,7.3236,2021-04-17
7899,921,8820,420499,308796,111703,89.7,27.79843,20.41394,7.38448,308796,111703,20.41394,7.38448,2021-04-18
8022,1580,9602,430101,316818,113283,89.8,28.4332,20.94426,7.48893,316818,113283,20.94426,7.48893,2021-04-19
9282,1417,10699,440800,326100,114700,92.1,29.14049,21.55788,7.58261,326100,114700,21.55788,7.58261,2021-04-20
9588,1194,10782,451582,335688,115894,85.6,29.85327,22.19172,7.66154,335688,115894,22.19172,7.66154,2021-04-21
9216,1578,10794,462376,344904,117472,86.9,30.56684,22.80098,7.76586,344904,117472,22.80098,7.76586,2021-04-22
8103,3055,11158,473534,353007,120527,89.0,31.30447,23.33665,7.96782,353007,120527,23.33665,7.96782,2021-04-23
7560,4466,12026,485560,360567,124993,91.2,32.09949,23.83643,8.26306,360567,124993,23.83643,8.26306,2021-04-24
7024,1794,8599,494159,367591,126787,92.9,32.66795,24.30077,8.38166,367591,126787,24.30077,8.38166,2021-04-25
5958,3487,8980,503139,373549,130274,92.9,33.26161,24.69465,8.61218,373549,130274,24.69465,8.61218,2021-04-26
5413,5458,9401,512540,378962,135732,94.7,33.88309,25.05249,8.973,378962,135732,25.05249,8.973,2021-04-27
6002,5665,10733,523273,384964,141397,87.9,34.59263,25.44927,9.3475,384964,141397,25.44927,9.3475,2021-04-28
7154,6930,13251,536524,392118,148327,90.2,35.46863,25.92221,9.80563,392118,148327,25.92221,9.80563,2021-04-29
5398,8575,13938,550462,397516,156902,92.5,36.39004,26.27906,10.37251,397516,156902,26.27906,10.37251,2021-04-30
3578,5852,9320,559782,401094,162754,85.9,37.00617,26.5156,10.75937,401094,162754,26.5156,10.75937,2021-05-01
3160,5966,8898,568680,404254,168720,87.3,37.5944,26.7245,11.15377,404254,168720,26.7245,11.15377,2021-05-02
4787,5539,10193,578873,409041,174259,88.9,38.26824,27.04096,11.51995,409041,174259,27.04096,11.51995,2021-05-03
4949,6029,10842,589715,413990,180288,90.5,38.98499,27.36813,11.91851,413990,180288,27.36813,11.91851,2021-05-04
5216,6971,11624,601339,419206,187259,85.4,39.75343,27.71295,12.37935,419206,187259,27.71295,12.37935,2021-05-05
5583,7672,12656,613995,424789,194931,86.1,40.59009,28.08203,12.88653,424789,194931,28.08203,12.88653,2021-05-06
3659,9429,12837,626832,428448,204360,87.9,41.43873,28.32392,13.50987,428448,204360,28.32392,13.50987,2021-05-07
5022,7426,12270,639102,433470,211786,89.7,42.24987,28.65591,14.00079,433470,211786,28.65591,14.00079,2021-05-08
3641,5451,8772,647874,437111,217237,90.9,42.82977,28.89661,14.36114,437111,217237,28.89661,14.36114,2021-05-09
4895,4751,9448,657322,442006,221988,92.2,43.45436,29.22021,14.67522,442006,221988,29.22021,14.67522,2021-05-10
5678,5079,10623,667945,447684,227067,93.7,44.15663,29.59558,15.01099,447684,227067,29.59558,15.01099,2021-05-11
4921,5632,10422,678367,452605,232699,88.6,44.84561,29.92089,15.38331,452605,232699,29.92089,15.38331,2021-05-12
7105,5517,12602,690969,459710,238216,90.3,45.67871,30.39059,15.74803,459710,238216,30.39059,15.74803,2021-05-13
6720,7032,13492,704461,466430,245248,90.7,46.57064,30.83484,16.2129,466430,245248,30.83484,16.2129,2021-05-14
8075,6487,13967,718428,474505,251735,92.5,47.49397,31.36866,16.64174,474505,251735,31.36866,16.64174,2021-05-15
6670,4886,10897,729325,481175,256621,93.9,48.21435,31.80961,16.96475,481175,256621,31.80961,16.96475,2021-05-16
7691,4757,11854,741179,488866,261378,95.4,48.998,32.31804,17.27923,488866,261378,32.31804,17.27923,2021-05-17
7658,3927,11063,752242,496524,265305,96.9,49.72935,32.8243,17.53883,496524,265305,32.8243,17.53883,2021-05-18
8563,3658,11472,763714,505087,268963,92.2,50.48775,33.39038,17.78066,505087,268963,33.39038,17.78066,2021-05-19
7673,5092,12375,776089,512760,274055,93.7,51.30583,33.89763,18.11728,512760,274055,33.89763,18.11728,2021-05-20
6697,6867,12952,789041,519457,280922,93.7,52.16207,34.34036,18.57124,519457,280922,34.34036,18.57124,2021-05-21
7488,5980,11938,800979,526945,286902,95.1,52.95127,34.83538,18.96657,526945,286902,34.83538,18.96657,2021-05-22
7537,3455,9208,810187,534482,290357,96.2,53.55999,35.33363,19.19497,534482,290357,35.33363,19.19497,2021-05-23
8089,4312,10736,820923,542571,294669,97.5,54.26973,35.86838,19.48003,542571,294669,35.86838,19.48003,2021-05-24
5688,2668,7950,828873,548259,297337,96.6,54.79529,36.24441,19.65641,548259,297337,36.24441,19.65641,2021-05-25
8393,3376,11434,840307,556652,300713,92.4,55.55117,36.79925,19.87959,556652,300713,36.79925,19.87959,2021-05-26
8925,4239,12768,853075,565577,304952,93.8,56.39524,37.38927,20.15982,565577,304952,37.38927,20.15982,2021-05-27
9282,5031,14090,867165,574859,309983,95.3,57.3267,38.00288,20.49241,574859,309983,38.00288,20.49241,2021-05-28
9185,4719,13741,880906,584044,314702,96.8,58.2351,38.61009,20.80438,584044,314702,38.61009,20.80438,2021-05-29
7237,3694,10886,891792,591281,318396,98.0,58.95475,39.08851,21.04858,591281,318396,39.08851,21.04858,2021-05-30
7515,2883,10367,902159,598796,321279,97.1,59.64009,39.58532,21.23917,598796,321279,39.58532,21.23917,2021-05-31
9850,2291,12085,914244,608646,323570,90.5,60.43901,40.23648,21.39063,608646,323570,40.23648,21.39063,2021-06-01
11359,1594,12564,926808,620005,325164,91.7,61.26959,40.98741,21.496,620005,325164,40.98741,21.496,2021-06-02
7406,1500,8482,935290,627411,326664,92.6,61.83032,41.477,21.59516,627411,326664,41.477,21.59516,2021-06-03
