delta_1d,delta_2d,delta_all,sum_doses,sum_1d,sum_2d,perc_doses,perc_inh_tot,perc_inh_1d,perc_inh_2d,sum_monotone_1d,sum_monotone_2d,perc_inh_monotone_1d,perc_inh_monotone_2d,date
0,0,0,0,0,0,0,0,0,0,0,0,0,0,2020-12-26
210,1,210,210,210,1,105.0,0.01388,0.01388,7e-05,210,1,0.01388,7e-05,2020-12-27
0,0,0,210,210,1,105.0,0.01388,0.01388,7e-05,210,1,0.01388,7e-05,2020-12-28
0,0,0,210,210,1,105.0,0.01388,0.01388,7e-05,210,1,0.01388,7e-05,2020-12-29
17,0,17,227,227,1,2.5,0.01501,0.01501,7e-05,227,1,0.01501,7e-05,2020-12-30
394,0,394,621,621,1,6.9,0.04105,0.04105,7e-05,621,1,0.04105,7e-05,2020-12-31
0,0,0,621,621,1,6.9,0.04105,0.04105,7e-05,621,1,0.04105,7e-05,2021-01-01
459,1,459,1080,1080,2,12.0,0.0714,0.0714,0.00013,1080,2,0.0714,0.00013,2021-01-02
916,1,916,1996,1996,3,22.2,0.13195,0.13195,0.0002,1996,3,0.13195,0.0002,2021-01-03
1530,1,1530,3526,3526,4,39.3,0.2331,0.2331,0.00026,3526,4,0.2331,0.00026,2021-01-04
1592,3,1592,5118,5118,7,32.4,0.33834,0.33834,0.00046,5118,7,0.33834,0.00046,2021-01-05
2217,3,2217,7335,7335,10,46.4,0.4849,0.4849,0.00066,7335,10,0.4849,0.00066,2021-01-06
1825,2,1825,9160,9160,12,51.6,0.60555,0.60555,0.00079,9160,12,0.60555,0.00079,2021-01-07
1586,0,1586,10746,10746,12,60.5,0.7104,0.7104,0.00079,10746,12,0.7104,0.00079,2021-01-08
1724,2,1724,12470,12470,14,70.3,0.82437,0.82437,0.00093,12470,14,0.82437,0.00093,2021-01-09
1746,1,1746,14216,14216,15,80.1,0.93979,0.93979,0.00099,14216,15,0.93979,0.00099,2021-01-10
1183,2,1183,15399,15399,17,86.8,1.018,1.018,0.00112,15399,17,1.018,0.00112,2021-01-11
1227,0,1227,16626,16626,17,60.5,1.09911,1.09911,0.00112,16626,17,1.09911,0.00112,2021-01-12
2030,9,2030,18656,18656,26,64.3,1.23331,1.23331,0.00172,18656,26,1.23331,0.00172,2021-01-13
1399,5,1399,20055,20055,31,69.2,1.3258,1.3258,0.00205,20055,31,1.3258,0.00205,2021-01-14
1525,5,1525,21580,21580,36,74.4,1.42661,1.42661,0.00238,21580,36,1.42661,0.00238,2021-01-15
2044,7,2044,23624,23624,43,81.5,1.56174,1.56174,0.00284,23624,43,1.56174,0.00284,2021-01-16
1563,68,1628,25252,25187,111,87.1,1.66936,1.66507,0.00734,25187,111,1.66507,0.00734,2021-01-17
547,150,696,25948,25734,261,89.5,1.71538,1.70123,0.01725,25734,261,1.70123,0.01725,2021-01-18
143,92,234,26182,25877,353,90.3,1.73084,1.71068,0.02334,25877,353,1.71068,0.02334,2021-01-19
388,20,408,26590,26265,373,84.8,1.75782,1.73633,0.02466,26265,373,1.73633,0.02466,2021-01-20
596,331,927,27517,26861,704,69.6,1.8191,1.77573,0.04654,26861,704,1.77573,0.04654,2021-01-21
194,295,489,28006,27055,999,70.8,1.85143,1.78856,0.06604,27055,999,1.78856,0.06604,2021-01-22
121,437,557,28563,27176,1436,72.3,1.88825,1.79656,0.09493,27176,1436,1.79656,0.09493,2021-01-23
3,878,881,29444,27179,2314,74.5,1.94649,1.79675,0.15297,27179,2314,1.79675,0.15297,2021-01-24
90,1507,1597,31041,27269,3821,78.5,2.05206,1.8027,0.2526,27269,3821,1.8027,0.2526,2021-01-25
78,1943,2020,33061,27347,5764,81.2,2.1856,1.80786,0.38105,27347,5764,1.80786,0.38105,2021-01-26
114,2005,2119,35180,27461,7769,77.5,2.32569,1.8154,0.51359,27461,7769,1.8154,0.51359,2021-01-27
159,1936,2092,37272,27620,9705,82.1,2.46398,1.82591,0.64158,27620,9705,1.82591,0.64158,2021-01-28
159,1836,1994,39266,27779,11541,86.5,2.5958,1.83642,0.76295,27779,11541,1.83642,0.76295,2021-01-29
24,1882,1906,41172,27803,13423,90.7,2.72181,1.83801,0.88737,27803,13423,1.83801,0.88737,2021-01-30
97,1824,1921,43093,27900,15247,95.0,2.8488,1.84442,1.00795,27900,15247,1.84442,1.00795,2021-01-31
96,1267,1362,44455,27996,16514,94.4,2.93884,1.85076,1.09171,27996,16514,1.85076,1.09171,2021-02-01
70,1123,1193,45648,28066,17637,79.2,3.01771,1.85539,1.16595,28066,17637,1.85539,1.16595,2021-02-02
118,2013,2129,47777,28184,19650,82.9,3.15845,1.86319,1.29903,28184,19650,1.86319,1.29903,2021-02-03
112,2278,2389,50166,28296,21928,87.1,3.31638,1.8706,1.44962,28296,21928,1.8706,1.44962,2021-02-04
438,1721,2159,52325,28734,23649,90.8,3.45911,1.89955,1.56339,28734,23649,1.89955,1.56339,2021-02-05
521,1949,2462,54787,29255,25598,95.1,3.62187,1.93399,1.69224,29255,25598,1.93399,1.69224,2021-02-06
343,1530,1872,56659,29598,27128,98.3,3.74562,1.95667,1.79338,29598,27128,1.95667,1.79338,2021-02-07
371,476,833,57492,29969,27604,99.8,3.80069,1.9812,1.82485,29969,27604,1.9812,1.82485,2021-02-08
46,79,125,57617,30015,27683,75.0,3.80896,1.98424,1.83007,30015,27683,1.98424,1.83007,2021-02-09
1082,362,1442,59059,31097,28045,76.9,3.90428,2.05577,1.854,31097,28045,2.05577,1.854,2021-02-10
1598,402,1988,61047,32695,28447,79.5,4.03571,2.16141,1.88058,32695,28447,2.16141,1.88058,2021-02-11
1431,157,1582,62629,34126,28604,81.6,4.14029,2.25601,1.89096,34126,28604,2.25601,1.89096,2021-02-12
1011,91,1093,63722,35137,28695,72.2,4.21255,2.32284,1.89697,35137,28695,2.32284,1.89697,2021-02-13
738,1,738,64460,35875,28696,73.0,4.26133,2.37163,1.89704,35875,28696,2.37163,1.89704,2021-02-14
954,13,967,65427,36829,28709,74.1,4.32526,2.4347,1.8979,36829,28709,2.4347,1.8979,2021-02-15
1257,62,1287,66714,38086,28771,75.6,4.41034,2.5178,1.902,38086,28771,2.5178,1.902,2021-02-16
1710,172,1829,68543,39796,28943,77.6,4.53125,2.63084,1.91337,39796,28943,2.63084,1.91337,2021-02-17
1859,313,2147,70690,41655,29256,66.1,4.67319,2.75374,1.93406,41655,29256,2.75374,1.93406,2021-02-18
1867,160,2002,72692,43522,29416,60.6,4.80554,2.87716,1.94464,43522,29416,2.87716,1.94464,2021-02-19
4052,123,4163,76855,47574,29539,64.1,5.08074,3.14503,1.95277,47574,29539,3.14503,1.95277,2021-02-20
375,6,376,77231,47949,29545,64.4,5.1056,3.16982,1.95317,47949,29545,3.16982,1.95317,2021-02-21
3386,98,3462,80693,51335,29643,67.3,5.33447,3.39366,1.95964,51335,29643,3.39366,1.95964,2021-02-22
3258,61,3314,84007,54593,29704,70.1,5.55355,3.60904,1.96368,54593,29704,3.60904,1.96368,2021-02-23
3457,86,3535,87542,58050,29790,63.2,5.78724,3.83758,1.96936,58050,29790,3.83758,1.96936,2021-02-24
3382,238,3563,91105,61432,30028,65.7,6.02279,4.06116,1.9851,61432,30028,4.06116,1.9851,2021-02-25
3201,550,3681,94786,64633,30578,68.4,6.26613,4.27277,2.02146,64633,30578,4.27277,2.02146,2021-02-26
3192,243,3401,98187,67825,30821,65.7,6.49096,4.48379,2.03752,67825,30821,4.48379,2.03752,2021-02-27
2831,16,2837,101024,70656,30837,67.6,6.67851,4.67094,2.03858,70656,30837,4.67094,2.03858,2021-02-28
3524,273,3772,104796,74180,31110,66.8,6.92787,4.90391,2.05663,74180,31110,4.90391,2.05663,2021-03-01
4436,630,5005,109801,78616,31740,62.1,7.25874,5.19716,2.09827,78616,31740,5.19716,2.09827,2021-03-02
5814,976,6699,116500,84430,32716,65.9,7.7016,5.58151,2.1628,84430,32716,5.58151,2.1628,2021-03-03
5145,1461,6540,123040,89575,34177,69.6,8.13395,5.92164,2.25938,89575,34177,5.92164,2.25938,2021-03-04
4758,1535,6227,129267,94333,35712,73.1,8.54561,6.23618,2.36086,94333,35712,6.23618,2.36086,2021-03-05
4470,1325,5742,135009,98803,37037,76.4,8.9252,6.53169,2.44845,98803,37037,6.53169,2.44845,2021-03-06
4429,804,5183,140192,103232,37841,79.3,9.26784,6.82448,2.5016,103232,37841,6.82448,2.5016,2021-03-07
5299,1119,6302,146494,108531,38960,82.9,9.68445,7.17479,2.57557,108531,38960,7.17479,2.57557,2021-03-08
4550,971,5431,151925,113081,39931,76.8,10.04349,7.47558,2.63977,113081,39931,7.47558,2.63977,2021-03-09
4533,1241,5713,157638,117614,41172,73.5,10.42116,7.77525,2.72181,117614,41172,7.77525,2.72181,2021-03-10
5226,1492,6638,164276,122840,42664,76.6,10.85999,8.12073,2.82044,122840,42664,8.12073,2.82044,2021-03-11
3401,1333,4681,168957,126241,43997,78.7,11.16944,8.34556,2.90856,126241,43997,8.34556,2.90856,2021-03-12
1805,4048,5812,174769,128046,48045,79.1,11.55366,8.46489,3.17617,128046,48045,8.46489,3.17617,2021-03-13
1907,608,2499,177268,129953,48653,80.2,11.71887,8.59096,3.21636,129953,48653,8.59096,3.21636,2021-03-14
1312,3161,4455,181723,131265,51814,75.1,12.01338,8.67769,3.42533,131265,51814,8.67769,3.42533,2021-03-15
290,3239,3523,185246,131555,55053,76.5,12.24628,8.69686,3.63945,131555,55053,8.69686,3.63945,2021-03-16
107,3372,3477,188723,131662,58425,78.0,12.47613,8.70394,3.86237,131662,58425,8.70394,3.86237,2021-03-17
161,3294,3442,192165,131823,61719,79.4,12.70368,8.71458,4.08013,131823,61719,8.71458,4.08013,2021-03-18
337,3556,3882,196047,132160,65275,81.0,12.96031,8.73686,4.31521,132160,65275,8.73686,4.31521,2021-03-19
1047,3154,4178,200225,133207,68429,82.7,13.23651,8.80607,4.52372,133207,68429,8.80607,4.52372,2021-03-20
1629,2903,4507,204732,134836,71332,81.3,13.53446,8.91376,4.71563,134836,71332,8.91376,4.71563,2021-03-21
2527,3230,5707,210439,137363,74562,71.0,13.91174,9.08082,4.92916,137363,74562,9.08082,4.92916,2021-03-22
2262,3616,5837,216276,139625,78178,73.0,14.29761,9.23036,5.16821,139625,78178,9.23036,5.16821,2021-03-23
3383,3792,7099,223375,143008,81970,75.4,14.76692,9.454,5.41889,143008,81970,9.454,5.41889,2021-03-24
3248,3529,6706,230081,146256,85499,75.9,15.21024,9.66872,5.65218,146256,85499,9.66872,5.65218,2021-03-25
3535,2926,6396,236477,149791,88425,78.0,15.63307,9.90241,5.84562,149791,88425,9.90241,5.84562,2021-03-26
5033,2481,7430,243907,154824,90906,80.4,16.12425,10.23513,6.00963,154824,90906,10.23513,6.00963,2021-03-27
2435,1730,4128,248035,157259,92636,81.8,16.39714,10.39611,6.124,157259,92636,10.39611,6.124,2021-03-28
3440,2500,5899,253934,160699,95136,76.1,16.78712,10.62352,6.28927,160699,95136,10.62352,6.28927,2021-03-29
4653,2924,7490,261424,165352,98060,78.4,17.28227,10.93112,6.48257,165352,98060,10.93112,6.48257,2021-03-30
4351,3108,7378,268802,169703,101168,80.6,17.77001,11.21876,6.68803,169703,101168,11.21876,6.68803,2021-03-31
4158,3506,7578,276380,173861,104674,82.8,18.27098,11.49364,6.91981,173861,104674,11.49364,6.91981,2021-04-01
6154,845,6894,283274,180015,105519,81.3,18.72673,11.90046,6.97567,180015,105519,11.90046,6.97567,2021-04-02
6911,828,7578,290852,186926,106347,76.5,19.2277,12.35734,7.03041,186926,106347,12.35734,7.03041,2021-04-03
2666,1213,3836,294688,189592,107560,77.5,19.48129,12.53358,7.1106,189592,107560,12.53358,7.1106,2021-04-04
4434,1341,5703,300391,194026,108901,79.0,19.8583,12.82671,7.19925,194026,108901,12.82671,7.19925,2021-04-05
8067,931,8880,309271,202093,109832,72.6,20.44534,13.36,7.26079,202093,109832,13.36,7.26079,2021-04-06
8516,504,8886,318157,210609,110336,74.7,21.03278,13.92298,7.29411,210609,110336,13.92298,7.29411,2021-04-07
9124,515,9496,327653,219733,110851,76.9,21.66055,14.52615,7.32816,219733,110851,14.52615,7.32816,2021-04-08
9369,378,9569,337222,229102,111229,79.2,22.29313,15.14552,7.35315,229102,111229,15.14552,7.35315,2021-04-09
10616,527,10931,348153,239718,111756,81.7,23.01576,15.84732,7.38799,239718,111756,15.84732,7.38799,2021-04-10
6830,402,7117,355270,246548,112158,83.4,23.48625,16.29884,7.41456,246548,112158,16.29884,7.41456,2021-04-11
8092,612,8574,363844,254640,112770,85.4,24.05307,16.83379,7.45502,254640,112770,16.83379,7.45502,2021-04-12
9605,415,9839,373683,264245,113185,87.7,24.7035,17.46876,7.48245,264245,113185,17.46876,7.48245,2021-04-13
9851,523,10220,383903,274096,113708,82.6,25.37913,18.11999,7.51703,274096,113708,18.11999,7.51703,2021-04-14
9815,780,10380,394283,283911,114488,84.1,26.06533,18.76884,7.56859,283911,114488,18.76884,7.56859,2021-04-15
9559,716,10086,404369,293470,115204,86.3,26.7321,19.40077,7.61593,293470,115204,19.40077,7.61593,2021-04-16
10633,1264,11706,416075,304103,116468,88.8,27.50596,20.1037,7.69949,304103,116468,20.1037,7.69949,2021-04-17
7902,1068,8824,424899,312005,117536,90.6,28.0893,20.62608,7.77009,312005,117536,20.62608,7.77009,2021-04-18
8021,1694,9609,434508,320026,119230,90.7,28.72454,21.15634,7.88208,320026,119230,21.15634,7.88208,2021-04-19
9284,1581,10756,445264,329310,120811,93.0,29.43559,21.77009,7.9866,329310,120811,21.77009,7.9866,2021-04-20
9592,1344,10788,456052,338902,122155,86.4,30.14877,22.4042,8.07545,338902,122155,22.4042,8.07545,2021-04-21
9219,1693,10798,466850,348121,123848,87.7,30.86261,23.01365,8.18737,348121,123848,23.01365,8.18737,2021-04-22
8264,3189,11319,478169,356385,127037,89.8,31.61088,23.55997,8.39819,356385,127037,23.55997,8.39819,2021-04-23
7706,4599,12179,490348,364091,131636,92.1,32.41602,24.0694,8.70222,364091,131636,24.0694,8.70222,2021-04-24
7024,1909,8601,498949,371115,133545,93.7,32.98461,24.53374,8.82842,371115,133545,24.53374,8.82842,2021-04-25
6149,3613,9177,508126,377264,137158,93.9,33.59129,24.94024,9.06727,377264,137158,24.94024,9.06727,2021-04-26
5602,5545,9599,517725,382866,142703,95.6,34.22586,25.31058,9.43384,382866,142703,25.31058,9.43384,2021-04-27
6193,5833,10942,528667,389059,148536,88.8,34.94922,25.71998,9.81945,389059,148536,25.71998,9.81945,2021-04-28
7343,7107,13457,542124,396402,155643,91.1,35.83883,26.20542,10.28928,396402,155643,26.20542,10.28928,2021-04-29
5592,8768,14168,556292,401994,164411,93.5,36.77545,26.57509,10.86891,401994,164411,26.57509,10.86891,2021-04-30
3575,5917,9330,565622,405569,170328,86.8,37.39224,26.81143,11.26007,405569,170328,26.81143,11.26007,2021-05-01
3162,6042,8905,574527,408731,176370,88.2,37.98094,27.02046,11.6595,408731,176370,27.02046,11.6595,2021-05-02
4997,5679,10430,584957,413728,182049,89.8,38.67045,27.35081,12.03493,413728,182049,27.35081,12.03493,2021-05-03
5070,6156,10976,595933,418798,188205,91.5,39.39605,27.68598,12.44189,418798,188205,27.68598,12.44189,2021-05-04
5263,7145,11699,607632,424061,195350,86.3,40.16945,28.0339,12.91423,424061,195350,28.0339,12.91423,2021-05-05
5583,7857,12662,620294,429644,203207,87.0,41.00651,28.40298,13.43365,429644,203207,28.40298,13.43365,2021-05-06
3651,9538,12839,633133,433295,212745,88.8,41.85527,28.64435,14.06419,433295,212745,28.64435,14.06419,2021-05-07
5027,7587,12301,645434,438322,220332,90.5,42.66847,28.97667,14.56575,438322,220332,28.97667,14.56575,2021-05-08
3637,5618,8867,654301,441959,225950,91.8,43.25465,29.21711,14.93714,441959,225950,29.21711,14.93714,2021-05-09
4894,4902,9458,663759,446853,230852,93.1,43.8799,29.54064,15.26121,446853,230852,29.54064,15.26121,2021-05-10
5679,5238,10623,674382,452532,236090,94.6,44.58217,29.91607,15.60748,452532,236090,29.91607,15.60748,2021-05-11
4925,5809,10435,684817,457457,241899,89.5,45.27201,30.24165,15.9915,457457,241899,30.24165,15.9915,2021-05-12
7105,5770,12618,697435,464562,247669,91.1,46.10616,30.71135,16.37295,464562,247669,30.71135,16.37295,2021-05-13
6722,7349,13638,711073,471284,255018,91.6,47.00775,31.15573,16.85878,471284,255018,31.15573,16.85878,2021-05-14
8075,6833,14122,725195,479359,261851,93.4,47.94133,31.68955,17.31049,479359,261851,31.68955,17.31049,2021-05-15
6668,4994,10899,736094,486027,266845,94.8,48.66184,32.13036,17.64064,486027,266845,32.13036,17.64064,2021-05-16
7691,5160,12047,748141,493718,272005,96.3,49.45824,32.6388,17.98176,493718,272005,32.6388,17.98176,2021-05-17
7669,4293,11272,759413,501387,276298,97.8,50.20341,33.14578,18.26556,501387,276298,33.14578,18.26556,2021-05-18
8564,4031,11670,771083,509951,280329,93.1,50.9749,33.71193,18.53204,509951,280329,33.71193,18.53204,2021-05-19
7788,5526,12687,783770,517739,285855,94.6,51.81361,34.22679,18.89736,517739,285855,34.22679,18.89736,2021-05-20
7438,7286,13911,797681,525177,293141,94.7,52.73324,34.7185,19.37902,525177,293141,34.7185,19.37902,2021-05-21
7492,6131,11940,809621,532669,299272,96.1,53.52257,35.21378,19.78433,532669,299272,35.21378,19.78433,2021-05-22
7538,3570,9211,818832,540207,302842,97.2,54.1315,35.7121,20.02033,540207,302842,35.7121,20.02033,2021-05-23
8136,4697,11002,829834,548343,307539,96.7,54.85882,36.24996,20.33085,548343,307539,36.24996,20.33085,2021-05-24
8717,3736,11771,841605,557060,311275,98.1,55.63698,36.82623,20.57783,557060,311275,36.82623,20.57783,2021-05-25
8666,3880,11893,853498,565726,315155,93.8,56.4232,37.39912,20.83432,565726,315155,37.39912,20.83432,2021-05-26
9438,4792,13739,867237,575164,319947,95.3,57.33146,38.02305,21.15112,575164,319947,38.02305,21.15112,2021-05-27
9102,5354,13966,881203,584266,325301,96.9,58.25473,38.62476,21.50506,584266,325301,38.62476,21.50506,2021-05-28
8335,4817,12887,894090,592601,330118,98.3,59.10667,39.17578,21.8235,592601,330118,39.17578,21.8235,2021-05-29
6743,3206,9736,903826,599344,333324,97.2,59.7503,39.62154,22.03544,599344,333324,39.62154,22.03544,2021-05-30
8857,3188,11789,915615,608201,336512,98.5,60.52965,40.20706,22.2462,608201,336512,40.20706,22.2462,2021-05-31
9967,2455,12053,927668,618168,338967,91.8,61.32645,40.86596,22.40849,618168,338967,40.86596,22.40849,2021-06-01
11224,1336,11903,939571,629392,340303,93.0,62.11333,41.60796,22.49681,629392,340303,41.60796,22.49681,2021-06-02
12385,3290,14637,954208,641777,343593,94.5,63.08096,42.42671,22.71431,641777,343593,42.42671,22.71431,2021-06-03
11898,3370,14338,968546,653675,346963,91.6,64.02882,43.21327,22.93709,653675,346963,43.21327,22.93709,2021-06-04
11886,2828,13947,982493,665561,349791,92.9,64.95083,43.99903,23.12405,665561,349791,43.99903,23.12405,2021-06-05
10875,1902,12454,994947,676436,351693,93.3,65.77414,44.71796,23.24979,676436,351693,44.71796,23.24979,2021-06-06
10872,2992,13322,1008269,687308,354685,94.5,66.65483,45.43668,23.44758,687308,354685,45.43668,23.44758,2021-06-07
11486,3189,14098,1022367,698794,357874,95.9,67.58683,46.196,23.6584,698794,357874,46.196,23.6584,2021-06-08
12411,2374,14280,1036647,711205,360248,91.1,68.53085,47.01647,23.81534,711205,360248,47.01647,23.81534,2021-06-09
12917,2569,14930,1051577,724122,362817,92.4,69.51785,47.87039,23.98517,724122,362817,47.87039,23.98517,2021-06-10
11679,2768,14003,1065580,735801,365585,93.3,70.44356,48.64247,24.16816,735801,365585,48.64247,24.16816,2021-06-11
12436,1789,13782,1079362,748237,367374,94.5,71.35466,49.46459,24.28643,748237,367374,49.46459,24.28643,2021-06-12
9455,1567,10756,1090118,757692,368941,95.5,72.06572,50.08964,24.39002,757692,368941,50.08964,24.39002,2021-06-13
9528,3645,12846,1102964,767220,372586,95.9,72.91495,50.71952,24.63098,767220,372586,50.71952,24.63098,2021-06-14
10148,3423,13200,1116164,777368,376009,97.0,73.78758,51.39039,24.85727,777368,376009,51.39039,24.85727,2021-06-15
9389,4706,13755,1129919,786757,380715,91.3,74.69689,52.01108,25.16838,786757,380715,52.01108,25.16838,2021-06-16
9095,6582,15213,1145132,795852,387297,92.6,75.7026,52.61233,25.6035,795852,387297,52.61233,25.6035,2021-06-17
8594,7143,15347,1160479,804446,394440,93.8,76.71716,53.18046,26.07571,804446,394440,53.18046,26.07571,2021-06-18
8013,6984,14701,1175180,812459,401424,95.0,77.68902,53.71019,26.53741,812459,401424,53.71019,26.53741,2021-06-19
6174,5192,11166,1186346,818633,406616,94.6,78.42718,54.11834,26.88065,818633,406616,54.11834,26.88065,2021-06-20
5727,7172,12612,1198958,824360,413788,95.6,79.26094,54.49694,27.35477,824360,413788,54.49694,27.35477,2021-06-21
6758,6804,13220,1212178,831118,420592,96.7,80.13489,54.9437,27.80457,831118,420592,54.9437,27.80457,2021-06-22
6883,7349,13896,1226074,838001,427941,89.7,81.05353,55.39872,28.2904,838001,427941,55.39872,28.2904,2021-06-23
6456,7731,13845,1239919,844457,435672,90.7,81.96879,55.82552,28.80149,844457,435672,55.82552,28.80149,2021-06-24
6707,7999,14345,1254264,851164,443671,91.8,82.91712,56.26891,29.33028,851164,443671,56.26891,29.33028,2021-06-25
5906,7969,13584,1267848,857070,451640,91.8,83.81513,56.65934,29.8571,857070,451640,56.65934,29.8571,2021-06-26
4657,5519,9954,1277802,861727,457159,92.6,84.47317,56.96721,30.22195,861727,457159,56.96721,30.22195,2021-06-27
4852,7798,12367,1290169,866579,464957,93.5,85.29073,57.28796,30.73746,866579,464957,57.28796,30.73746,2021-06-28
5157,8503,13374,1303543,871736,473460,94.4,86.17486,57.62888,31.29958,871736,473460,57.62888,31.29958,2021-06-29
4664,9278,13656,1317199,876400,482738,89.6,87.07763,57.93721,31.91293,876400,482738,57.93721,31.91293,2021-06-30
4937,10094,14702,1331901,881337,492832,90.6,88.04956,58.26359,32.58023,881337,492832,58.26359,32.58023,2021-07-01
4907,9950,14557,1346458,886244,502782,90.7,89.01189,58.58798,33.23801,886244,502782,58.58798,33.23801,2021-07-02
4449,9768,13845,1360303,890693,512550,91.7,89.92716,58.8821,33.88375,890693,512550,58.8821,33.88375,2021-07-03
3363,7737,10896,1371199,894056,520287,89.0,90.64748,59.10442,34.39523,894056,520287,59.10442,34.39523,2021-07-04
3090,10300,13176,1384375,897146,530587,89.9,91.51852,59.30869,35.07614,897146,530587,59.30869,35.07614,2021-07-05
3364,10850,13966,1398341,900510,541437,90.8,92.44179,59.53108,35.79342,900510,541437,59.53108,35.79342,2021-07-06
3175,11393,14257,1412598,903685,552830,89.0,93.38429,59.74097,36.54659,903685,552830,59.74097,36.54659,2021-07-07
3011,12313,15039,1427637,906696,565143,89.9,94.37849,59.94003,37.36058,906696,565143,59.94003,37.36058,2021-07-08
2771,12408,14905,1442542,909467,577551,90.8,95.36383,60.12321,38.18085,909467,577551,60.12321,38.18085,2021-07-09
1859,12513,14161,1456703,911326,590064,91.1,96.29999,60.24611,39.00806,911326,590064,60.24611,39.00806,2021-07-10
1742,8795,10399,1467102,913068,598859,91.8,96.98745,60.36127,39.58948,913068,598859,60.36127,39.58948,2021-07-11
1346,12547,13726,1480828,914414,611406,92.6,97.89485,60.45025,40.41894,914414,611406,60.45025,40.41894,2021-07-12
1585,13444,14855,1495683,915999,624850,93.5,98.87689,60.55503,41.3077,915999,624850,60.55503,41.3077,2021-07-13
1976,12111,13851,1509534,917975,636961,91.7,99.79255,60.68566,42.10834,917975,636961,60.68566,42.10834,2021-07-14
1978,14288,16011,1525545,919953,651249,92.6,100.85101,60.81642,43.05289,919953,651249,60.81642,43.05289,2021-07-15
2102,14062,15840,1541385,922055,665311,93.6,101.89816,60.95538,43.9825,922055,665311,60.95538,43.9825,2021-07-16
1595,13797,15141,1556526,923650,679108,94.5,102.89911,61.06082,44.8946,923650,679108,61.06082,44.8946,2021-07-17
1451,10805,12127,1568653,925101,689913,95.0,103.7008,61.15675,45.6089,925101,689913,61.15675,45.6089,2021-07-18
2140,12820,14681,1583334,927241,702733,95.9,104.67134,61.29822,46.4564,927241,702733,61.29822,46.4564,2021-07-19
1942,12659,14397,1597731,929183,715392,96.8,105.6231,61.4266,47.29327,929183,715392,61.4266,47.29327,2021-07-20
2277,12883,14922,1612653,931460,728275,94.9,106.60956,61.57713,48.14494,931460,728275,61.57713,48.14494,2021-07-21
2259,13765,15746,1628399,933719,742040,95.8,107.6505,61.72647,49.05492,933719,742040,61.72647,49.05492,2021-07-22
2750,13069,15543,1643942,936469,755109,96.8,108.67802,61.90827,49.91889,936469,755109,61.90827,49.91889,2021-07-23
3199,10400,13276,1657218,939668,765509,96.0,109.55567,62.11975,50.60641,939668,765509,62.11975,50.60641,2021-07-24
1102,8358,9353,1666571,940770,773867,96.5,110.17398,62.1926,51.15894,940770,773867,62.1926,51.15894,2021-07-25
2316,8975,11032,1677603,943086,782842,97.1,110.90329,62.3457,51.75226,943086,782842,62.3457,51.75226,2021-07-26
3257,11421,14371,1691974,946343,794263,98.0,111.85333,62.56102,52.50729,946343,794263,62.56102,52.50729,2021-07-27
3480,11012,14197,1706171,949823,805275,96.1,112.79187,62.79107,53.23527,949823,805275,62.79107,53.23527,2021-07-28
4890,10396,14845,1721016,954713,815671,96.9,113.77324,63.11434,53.92253,954713,815671,63.11434,53.92253,2021-07-29
5155,9978,14716,1735732,959868,825649,97.7,114.74609,63.45513,54.58216,959868,825649,63.45513,54.58216,2021-07-30
5471,8174,13203,1748935,965339,833823,98.5,115.61892,63.81681,55.12252,965339,833823,63.81681,55.12252,2021-07-31
1920,5689,7498,1756433,967259,839512,99.4,116.1146,63.94374,55.49861,967259,839512,63.94374,55.49861,2021-08-01
4857,7225,11725,1768158,972116,846737,99.8,116.88972,64.26482,55.97625,972116,846737,64.26482,55.97625,2021-08-02
4296,6937,10879,1779037,976412,853674,99.6,117.60891,64.54882,56.43484,976412,853674,64.54882,56.43484,2021-08-03
4298,8050,12000,1791037,980710,861724,97.5,118.4022,64.83296,56.96701,980710,861724,64.83296,56.96701,2021-08-04
4348,7922,11908,1802945,985058,869646,98.2,119.18942,65.1204,57.49072,985058,869646,65.1204,57.49072,2021-08-05
4425,7701,11707,1814652,989483,877347,98.8,119.96335,65.41292,57.99982,989483,877347,65.41292,57.99982,2021-08-06
3713,6076,9458,1824110,993196,883423,99.3,120.5886,65.65838,58.40149,993196,883423,65.65838,58.40149,2021-08-07
1793,3991,5639,1829749,994989,887414,98.9,120.96138,65.77692,58.66533,994989,887414,65.77692,58.66533,2021-08-08
4328,5176,9101,1838850,999317,892590,99.4,121.56304,66.06303,59.0075,999317,892590,66.06303,59.0075,2021-08-09
3607,5976,9202,1848052,1002924,898566,99.6,122.17136,66.30149,59.40257,1002924,898566,66.30149,59.40257,2021-08-10
3405,4499,7571,1855623,1006329,903065,97.5,122.67187,66.52658,59.69999,1006329,903065,66.52658,59.69999,2021-08-11
4251,4275,8021,1863644,1010580,907340,96.4,123.20212,66.80761,59.9826,1010580,907340,66.80761,59.9826,2021-08-12
3600,3464,6751,1870395,1014180,910804,96.8,123.64842,67.0456,60.2116,1014180,910804,67.0456,60.2116,2021-08-13
1084,1412,2402,1872797,1015264,912216,96.9,123.80721,67.11726,60.30494,1015264,912216,67.11726,60.30494,2021-08-14
212,20,225,1873022,1015476,912236,96.9,123.82208,67.13127,60.30627,1015476,912236,67.13127,60.30627,2021-08-15
3144,2334,5169,1878191,1018620,914570,97.2,124.1638,67.33912,60.46056,1018620,914570,67.33912,60.46056,2021-08-16
3309,4579,7595,1885786,1021929,919149,97.6,124.66589,67.55787,60.76327,1021929,919149,67.55787,60.76327,2021-08-17
3551,3299,6423,1892209,1025480,922448,93.9,125.0905,67.79262,60.98136,1025480,922448,67.79262,60.98136,2021-08-18
3819,2930,6271,1898480,1029299,925378,94.2,125.50507,68.04509,61.17506,1029299,925378,68.04509,61.17506,2021-08-19
3277,2134,4965,1903445,1032576,927512,94.5,125.83329,68.26172,61.31613,1032576,927512,68.26172,61.31613,2021-08-20
1667,1478,2929,1906374,1034243,928990,94.6,126.02692,68.37193,61.41384,1034243,928990,68.37193,61.41384,2021-08-21
83,34,109,1906483,1034326,929024,94.6,126.03413,68.37741,61.41609,1034326,929024,68.37741,61.41609,2021-08-22
2547,3986,6196,1912679,1036873,933010,94.9,126.44374,68.54579,61.6796,1036873,933010,68.54579,61.6796,2021-08-23
3680,3284,6438,1919117,1040553,936294,93.5,126.86934,68.78907,61.8967,1040553,936294,68.78907,61.8967,2021-08-24
3047,3006,5587,1924704,1043600,939300,93.7,127.23869,68.9905,62.09542,1043600,939300,68.9905,62.09542,2021-08-25
3137,3119,5683,1930387,1046737,942419,90.2,127.61438,69.19788,62.30161,1046737,942419,69.19788,62.30161,2021-08-26
3201,3091,5715,1936102,1049938,945510,90.5,127.99219,69.4095,62.50595,1049938,945510,69.4095,62.50595,2021-08-27
1346,2002,3146,1939248,1051284,947512,90.6,128.20017,69.49848,62.6383,1051284,947512,69.49848,62.6383,2021-08-28
271,217,453,1939701,1051555,947729,90.6,128.23011,69.51639,62.65264,1051555,947729,69.51639,62.65264,2021-08-29
2627,3414,5679,1945380,1054182,951143,90.9,128.60554,69.69006,62.87834,1054182,951143,69.69006,62.87834,2021-08-30
2242,2904,4830,1950210,1056424,954047,91.1,128.92484,69.83827,63.07032,1056424,954047,69.83827,63.07032,2021-08-31
2254,4237,6203,1956413,1058678,958284,91.4,129.33491,69.98728,63.35042,1058678,958284,69.98728,63.35042,2021-09-01
2342,4314,6387,1962800,1061020,962598,89.6,129.75714,70.14211,63.63561,1061020,962598,70.14211,63.63561,2021-09-02
2470,4314,6437,1969237,1063490,966912,89.9,130.18268,70.30539,63.9208,1063490,966912,70.30539,63.9208,2021-09-03
1824,3856,5447,1974684,1065314,970768,90.2,130.54277,70.42597,64.17571,1065314,970768,70.42597,64.17571,2021-09-04
157,66,195,1974879,1065471,970834,90.2,130.55567,70.43635,64.18007,1065471,970834,70.43635,64.18007,2021-09-05
1982,4656,6373,1981252,1067453,975490,90.5,130.97697,70.56738,64.48787,1067453,975490,70.56738,64.48787,2021-09-06
1941,4459,6132,1987384,1069394,979949,89.0,131.38235,70.6957,64.78265,1069394,979949,70.6957,64.78265,2021-09-07
2321,5235,7230,1994614,1071715,985184,87.4,131.86031,70.84913,65.12873,1071715,985184,70.84913,65.12873,2021-09-08
2152,4631,6468,2001082,1073867,989815,87.7,132.2879,70.9914,65.43487,1073867,989815,70.9914,65.43487,2021-09-09
2369,5570,7565,2008647,1076236,995385,88.0,132.78801,71.14801,65.8031,1076236,995385,71.14801,65.8031,2021-09-10
1539,2346,3663,2012310,1077775,997731,88.2,133.03016,71.24975,65.95819,1077775,997731,71.24975,65.95819,2021-09-11
203,82,250,2012560,1077978,997813,88.2,133.04669,71.26317,65.96361,1077978,997813,71.26317,65.96361,2021-09-12
2289,6100,8064,2020624,1080267,1003913,88.5,133.57978,71.41449,66.36687,1080267,1003913,71.41449,66.36687,2021-09-13
1639,4934,6358,2026982,1081906,1008847,88.8,134.0001,71.52284,66.69304,1081906,1008847,71.52284,66.69304,2021-09-14
1558,5717,7064,2034046,1083464,1014564,88.5,134.46709,71.62584,67.07098,1083464,1014564,71.62584,67.07098,2021-09-15
1447,4840,6071,2040117,1084911,1019404,87.5,134.86843,71.7215,67.39095,1084911,1019404,71.7215,67.39095,2021-09-16
2278,6249,8220,2048337,1087189,1025653,88.3,135.41184,71.87209,67.80406,1087189,1025653,71.87209,67.80406,2021-09-17
2293,2747,4773,2053110,1089482,1028400,88.5,135.72738,72.02368,67.98566,1089482,1028400,72.02368,67.98566,2021-09-18
164,93,228,2053338,1089646,1028493,88.5,135.74245,72.03452,67.99181,1089646,1028493,72.03452,67.99181,2021-09-19
2320,4313,6333,2059671,1091966,1032806,88.8,136.16111,72.18789,68.27693,1091966,1032806,72.18789,68.27693,2021-09-20
2359,4299,6339,2066010,1094325,1037105,89.0,136.58017,72.34384,68.56113,1094325,1037105,72.34384,68.56113,2021-09-21
2448,4957,7159,2073169,1096773,1042062,87.7,137.05344,72.50567,68.88883,1096773,1042062,72.50567,68.88883,2021-09-22
2589,3539,5917,2079086,1099362,1045601,88.0,137.4446,72.67683,69.12278,1099362,1045601,72.67683,69.12278,2021-09-23
3238,3675,6648,2085734,1102600,1049276,88.2,137.88409,72.89088,69.36573,1102600,1049276,72.89088,69.36573,2021-09-24
2118,1834,3770,2089504,1104718,1051110,88.4,138.13332,73.0309,69.48697,1104718,1051110,73.0309,69.48697,2021-09-25
209,48,241,2089745,1104927,1051158,88.4,138.14925,73.04472,69.49015,1104927,1051158,73.04472,69.49015,2021-09-26
3095,3040,5887,2095632,1108022,1054198,88.7,138.53843,73.24932,69.69112,1108022,1054198,73.24932,69.69112,2021-09-27
2536,2285,4615,2100247,1110558,1056483,88.9,138.84352,73.41697,69.84217,1110558,1056483,73.41697,69.84217,2021-09-28
2031,1759,3631,2103878,1112589,1058242,84.9,139.08356,73.55124,69.95846,1112589,1058242,73.55124,69.95846,2021-09-29
2875,2351,4979,2108857,1115464,1060593,85.1,139.41271,73.7413,70.11388,1115464,1060593,73.7413,70.11388,2021-09-30
2095,2715,4628,2113485,1117559,1063308,85.2,139.71866,73.8798,70.29336,1117559,1063308,73.8798,70.29336,2021-10-01
1742,1334,2931,2116416,1119301,1064642,85.4,139.91242,73.99496,70.38155,1119301,1064642,73.99496,70.38155,2021-10-02
280,66,324,2116740,1119581,1064708,85.4,139.93384,74.01347,70.38591,1119581,1064708,74.01347,70.38591,2021-10-03
1392,2366,3644,2120384,1120973,1067074,85.5,140.17474,74.10549,70.54233,1120973,1067074,74.10549,70.54233,2021-10-04
1487,2083,3457,2123841,1122460,1069157,85.7,140.40327,74.20379,70.68003,1122460,1069157,74.20379,70.68003,2021-10-05
1759,1611,3244,2127085,1124219,1070768,84.8,140.61773,74.32008,70.78653,1124219,1070768,74.32008,70.78653,2021-10-06
1346,1242,2463,2129548,1125565,1072010,84.9,140.78055,74.40906,70.86864,1125565,1072010,74.40906,70.86864,2021-10-07
2418,1954,4176,2133724,1127983,1073964,85.1,141.05662,74.56891,70.99781,1127983,1073964,74.56891,70.99781,2021-10-08
1537,1720,3114,2136838,1129520,1075684,85.2,141.26248,74.67052,71.11152,1129520,1075684,74.67052,71.11152,2021-10-09
309,106,399,2137237,1129829,1075790,85.2,141.28886,74.69094,71.11852,1129829,1075790,74.69094,71.11852,2021-10-10
1821,1950,3627,2140864,1131650,1077740,85.4,141.52863,74.81133,71.24744,1131650,1077740,74.81133,71.24744,2021-10-11
1560,1328,2777,2143641,1133210,1079068,85.5,141.71222,74.91446,71.33523,1133210,1079068,74.91446,71.33523,2021-10-12
1972,1836,3682,2147323,1135182,1080904,85.6,141.95563,75.04482,71.4566,1135182,1080904,75.04482,71.4566,2021-10-13
1784,2617,4258,2151581,1136966,1083521,85.8,142.23711,75.16276,71.62961,1136966,1083521,75.16276,71.62961,2021-10-14
2241,2628,4717,2156298,1139207,1086149,86.0,142.54895,75.31091,71.80334,1139207,1086149,75.31091,71.80334,2021-10-15
1269,2080,3220,2159518,1140476,1088229,86.1,142.76181,75.3948,71.94084,1140476,1088229,75.3948,71.94084,2021-10-16
275,113,357,2159875,1140751,1088342,86.1,142.78542,75.41298,71.94831,1140751,1088342,75.41298,71.94831,2021-10-17
1275,2429,3601,2163476,1142026,1090771,86.3,143.02347,75.49727,72.10889,1142026,1090771,75.49727,72.10889,2021-10-18
1227,2095,3190,2166666,1143253,1092866,86.4,143.23436,75.57838,72.24739,1143253,1092866,75.57838,72.24739,2021-10-19
904,2413,3225,2169891,1144157,1095279,86.5,143.44756,75.63814,72.40691,1144157,1095279,75.63814,72.40691,2021-10-20
800,2246,2944,2172835,1144957,1097525,86.7,143.64218,75.69103,72.55539,1144957,1097525,75.69103,72.55539,2021-10-21
931,2334,3138,2175973,1145888,1099859,86.8,143.84963,75.75258,72.70968,1145888,1099859,75.75258,72.70968,2021-10-22
577,1325,1797,2177770,1146465,1101184,86.9,143.96842,75.79072,72.79728,1146465,1101184,75.79072,72.79728,2021-10-23
211,306,479,2178249,1146676,1101490,86.9,144.00009,75.80467,72.8175,1146676,1101490,75.80467,72.8175,2021-10-24
719,2163,2782,2181031,1147395,1103653,87.0,144.184,75.8522,72.9605,1147395,1103653,75.8522,72.9605,2021-10-25
564,1803,2309,2183340,1147959,1105456,87.1,144.33664,75.88949,73.07969,1147959,1105456,75.88949,73.07969,2021-10-26
772,1799,2476,2185816,1148731,1107255,87.2,144.50033,75.94052,73.19862,1148731,1107255,75.94052,73.19862,2021-10-27
532,1460,1926,2187742,1149263,1108715,87.2,144.62765,75.97569,73.29514,1149263,1108715,75.97569,73.29514,2021-10-28
656,1958,2533,2190275,1149919,1110673,87.4,144.7951,76.01906,73.42458,1149919,1110673,76.01906,73.42458,2021-10-29
483,1248,1669,2191944,1150402,1111921,87.4,144.90544,76.05099,73.50708,1150402,1111921,76.05099,73.50708,2021-10-30
109,268,358,2192302,1150511,1112189,87.4,144.92911,76.05819,73.5248,1150511,1112189,76.05819,73.5248,2021-10-31
74,336,400,2192702,1150585,1112525,87.4,144.95555,76.06309,73.54701,1150585,1112525,76.06309,73.54701,2021-11-01
375,1940,2260,2194962,1150960,1114465,87.5,145.10495,76.08788,73.67526,1150960,1114465,76.08788,73.67526,2021-11-02
633,1563,2084,2197046,1151593,1116028,87.6,145.24272,76.12972,73.77859,1151593,1116028,76.12972,73.77859,2021-11-03
455,1271,1674,2198720,1152048,1117299,87.7,145.35339,76.1598,73.86261,1152048,1117299,76.1598,73.86261,2021-11-04
495,1881,2327,2201047,1152543,1119180,87.8,145.50722,76.19253,73.98696,1152543,1119180,76.19253,73.98696,2021-11-05
454,956,1361,2202408,1152997,1120136,87.8,145.59719,76.22254,74.05016,1152997,1120136,76.22254,74.05016,2021-11-06
103,339,429,2202837,1153100,1120475,87.9,145.62556,76.22935,74.07257,1153100,1120475,76.22935,74.07257,2021-11-07
590,1765,2283,2205120,1153690,1122240,87.9,145.77648,76.26835,74.18925,1153690,1122240,76.26835,74.18925,2021-11-08
451,951,1351,2206471,1154141,1123191,88.0,145.86579,76.29817,74.25212,1154141,1123191,76.29817,74.25212,2021-11-09
568,1229,1751,2208222,1154709,1124420,88.1,145.98155,76.33572,74.33337,1154709,1124420,76.33572,74.33337,2021-11-10
503,1013,1461,2209683,1155212,1125433,88.1,146.07813,76.36897,74.40033,1155212,1125433,76.36897,74.40033,2021-11-11
608,1530,2088,2211771,1155820,1126963,88.2,146.21617,76.40916,74.50148,1155820,1126963,76.40916,74.50148,2021-11-12
422,678,1065,2212836,1156242,1127641,88.3,146.28657,76.43706,74.5463,1156242,1127641,76.43706,74.5463,2021-11-13
168,312,462,2213298,1156410,1127953,88.3,146.31711,76.44817,74.56693,1156410,1127953,76.44817,74.56693,2021-11-14
427,1146,1537,2214835,1156837,1129099,88.3,146.41872,76.47639,74.64269,1156837,1129099,76.47639,74.64269,2021-11-15
450,870,1292,2216127,1157287,1129969,88.4,146.50413,76.50614,74.7002,1157287,1129969,76.50614,74.7002,2021-11-16
641,861,1459,2217586,1157928,1130830,88.4,146.60058,76.54852,74.75712,1157928,1130830,76.54852,74.75712,2021-11-17
547,748,1257,2218843,1158475,1131578,88.5,146.68368,76.58468,74.80657,1158475,1131578,76.58468,74.80657,2021-11-18
602,879,1446,2220289,1159077,1132457,88.5,146.77928,76.62448,74.86468,1159077,1132457,76.62448,74.86468,2021-11-19
526,506,1005,2221294,1159603,1132963,88.6,146.84571,76.65925,74.89813,1159603,1132963,76.65925,74.89813,2021-11-20
198,311,499,2221793,1159801,1133274,88.6,146.8787,76.67234,74.91869,1159801,1133274,76.67234,74.91869,2021-11-21
550,676,1202,2222995,1160351,1133950,86.9,146.95816,76.7087,74.96338,1160351,1133950,76.7087,74.96338,2021-11-22
612,671,1256,2224251,1160963,1134621,87.0,147.0412,76.74916,75.00773,1160963,1134621,76.74916,75.00773,2021-11-23
731,863,1571,2225822,1161694,1135484,87.1,147.14505,76.79748,75.06479,1161694,1135484,76.79748,75.06479,2021-11-24
876,490,1353,2227175,1162570,1135974,87.1,147.2345,76.85539,75.09718,1162570,1135974,76.85539,75.09718,2021-11-25
1020,647,1644,2228819,1163590,1136621,87.2,147.34318,76.92282,75.13995,1163590,1136621,76.92282,75.13995,2021-11-26
957,457,1392,2230211,1164547,1137078,87.2,147.4352,76.98609,75.17016,1164547,1137078,76.98609,75.17016,2021-11-27
276,340,614,2230825,1164823,1137418,87.3,147.47579,77.00433,75.19264,1164823,1137418,77.00433,75.19264,2021-11-28
975,619,1581,2232406,1165798,1138037,87.3,147.58031,77.06879,75.23356,1165798,1138037,77.06879,75.23356,2021-11-29
1204,522,1714,2234120,1167002,1138559,85.0,147.69362,77.14838,75.26807,1167002,1138559,77.14838,75.26807,2021-11-30
1172,513,1676,2235796,1168174,1139072,85.1,147.80441,77.22586,75.30198,1168174,1139072,77.22586,75.30198,2021-12-01
1085,546,1614,2237410,1169259,1139618,84.5,147.91111,77.29759,75.33808,1169259,1139618,77.29759,75.33808,2021-12-02
1098,588,1670,2239080,1170357,1140206,84.6,148.02151,77.37018,75.37695,1170357,1140206,77.37018,75.37695,2021-12-03
1278,308,1585,2240665,1171635,1140514,84.6,148.1263,77.45466,75.39731,1171635,1140514,77.45466,75.39731,2021-12-04
666,301,960,2241625,1172301,1140815,84.7,148.18976,77.49869,75.41721,1172301,1140815,77.49869,75.41721,2021-12-05
1481,623,2087,2243712,1173782,1141438,84.8,148.32773,77.5966,75.45839,1173782,1141438,77.5966,75.45839,2021-12-06
1280,406,1672,2245384,1175062,1141844,84.8,148.43826,77.68122,75.48523,1175062,1141844,77.68122,75.48523,2021-12-07
542,95,635,2246019,1175604,1141939,84.8,148.48024,77.71705,75.49151,1175604,1141939,77.71705,75.49151,2021-12-08
1292,556,1827,2247846,1176896,1142495,84.9,148.60102,77.80246,75.52827,1176896,1142495,77.80246,75.52827,2021-12-09
1068,605,1653,2249499,1177964,1143100,84.4,148.7103,77.87306,75.56827,1177964,1143100,77.87306,75.56827,2021-12-10
1030,423,1438,2250937,1178994,1143523,84.4,148.80536,77.94115,75.59623,1178994,1143523,77.94115,75.59623,2021-12-11
305,263,563,2251500,1179299,1143786,84.4,148.84258,77.96132,75.61362,1179299,1143786,77.96132,75.61362,2021-12-12
866,775,1630,2253130,1180165,1144561,84.5,148.95033,78.01857,75.66485,1180165,1144561,78.01857,75.66485,2021-12-13
878,594,1456,2254586,1181043,1145155,84.6,149.04659,78.07661,75.70412,1181043,1145155,78.07661,75.70412,2021-12-14
833,466,1279,2255865,1181876,1145621,82.3,149.13114,78.13168,75.73492,1181876,1145621,78.13168,75.73492,2021-12-15
1027,600,1609,2257474,1182903,1146221,81.2,149.23751,78.19957,75.77459,1182903,1146221,78.19957,75.77459,2021-12-16
878,939,1804,2259278,1183781,1147160,81.3,149.35677,78.25761,75.83667,1183781,1147160,78.25761,75.83667,2021-12-17
0,0,0,2259278,1183781,1147160,81.3,149.35677,78.25761,75.83667,1183781,1147160,78.25761,75.83667,2021-12-18
936,568,103870,2363148,1184717,1147728,96.2,156.22342,78.31949,75.87421,1184717,1147728,78.31949,75.87421,2021-12-19
937,569,103871,2467019,1185654,1148297,96.2,163.09015,78.38143,75.91183,1185654,1148297,78.38143,75.91183,2021-12-20
937,569,103870,2570889,1186591,1148866,96.2,169.9568,78.44338,75.94945,1186591,1148866,78.44338,75.94945,2021-12-21
937,569,103871,2674760,1187528,1149435,96.2,176.82353,78.50532,75.98706,1187528,1149435,78.50532,75.98706,2021-12-22
1513,1203,22392,2697152,1189041,1150638,95.1,178.30382,78.60534,76.06659,1189041,1150638,78.60534,76.06659,2021-12-23
603,332,9632,2706784,1189644,1150970,95.4,178.94058,78.64521,76.08854,1189644,1150970,78.64521,76.08854,2021-12-24
31,-29,608,2707392,1189675,1150941,95.5,178.98077,78.64725,76.08662,1189675,1150941,78.64725,76.08662,2021-12-25
46,92,1344,2708736,1189721,1151033,95.5,179.06962,78.6503,76.0927,1189721,1151033,78.6503,76.0927,2021-12-26
468,742,7755,2716491,1190189,1151775,95.8,179.58229,78.68123,76.14175,1190189,1151775,78.68123,76.14175,2021-12-27
1206,1115,15934,2732425,1191395,1152890,96.3,180.63566,78.76096,76.21547,1191395,1152890,78.76096,76.21547,2021-12-28
1388,1066,16850,2749275,1192783,1153956,96.0,181.74958,78.85272,76.28594,1192783,1153956,78.85272,76.28594,2021-12-29
1048,854,14610,2763885,1193831,1154810,96.5,182.71542,78.922,76.34239,1193831,1154810,78.922,76.34239,2021-12-30
683,315,10218,2774103,1194514,1155125,96.8,183.39091,78.96715,76.36322,1194514,1155125,78.96715,76.36322,2021-12-31
-10,-34,888,2774991,1194504,1155091,96.8,183.44962,78.96649,76.36097,1194504,1155091,78.96649,76.36097,2022-01-01
126,182,1877,2776868,1194630,1155273,96.9,183.5737,78.97482,76.373,1194630,1155273,78.97482,76.373,2022-01-02
502,613,6224,2783092,1195132,1155886,97.1,183.98516,79.00801,76.41353,1195132,1155886,79.00801,76.41353,2022-01-03
1277,1651,15899,2798991,1196409,1157537,97.7,185.03621,79.09243,76.52267,1196409,1157537,79.09243,76.52267,2022-01-04
1610,1519,19150,2818141,1198019,1159056,96.0,186.30219,79.19886,76.62309,1198019,1159056,79.19886,76.62309,2022-01-05
920,472,10891,2829032,1198939,1159528,96.4,187.02217,79.25968,76.65429,1198939,1159528,79.25968,76.65429,2022-01-06
824,934,9526,2838558,1199763,1160462,96.7,187.65192,79.31415,76.71604,1199763,1160462,79.31415,76.71604,2022-01-07
1010,615,11387,2849945,1200773,1161077,97.1,188.40469,79.38092,76.75669,1200773,1161077,79.38092,76.75669,2022-01-08
646,267,10112,2860057,1201419,1161344,97.4,189.07318,79.42363,76.77434,1201419,1161344,79.42363,76.77434,2022-01-09
2273,1559,18675,2878732,1203692,1162903,98.1,190.30775,79.57389,76.87741,1203692,1162903,79.57389,76.87741,2022-01-10
1536,1613,17465,2896197,1205228,1164516,98.7,191.46233,79.67544,76.98404,1205228,1164516,79.67544,76.98404,2022-01-11
1792,1444,19427,2915624,1207020,1165960,96.7,192.74661,79.7939,77.0795,1207020,1165960,79.7939,77.0795,2022-01-12
1763,1405,18460,2934084,1208783,1167365,96.6,193.96697,79.91045,77.17238,1208783,1167365,79.91045,77.17238,2022-01-13
1534,1084,18281,2952365,1210317,1168449,97.2,195.17549,80.01186,77.24404,1210317,1168449,80.01186,77.24404,2022-01-14
2519,1059,19733,2972098,1212836,1169508,97.9,196.48,80.17839,77.31405,1212836,1169508,80.17839,77.31405,2022-01-15
1180,193,9805,2981903,1214016,1169701,98.2,197.12819,80.25639,77.32681,1214016,1169701,80.25639,77.32681,2022-01-16
758,718,8544,2990447,1214774,1170419,98.5,197.69302,80.3065,77.37428,1214774,1170419,80.3065,77.37428,2022-01-17
1083,1620,15465,3005912,1215857,1172039,99.0,198.71539,80.3781,77.48137,1215857,1172039,80.3781,77.48137,2022-01-18
1182,1393,16991,3022903,1217039,1173432,97.7,199.83863,80.45624,77.57346,1217039,1173432,80.45624,77.57346,2022-01-19
1229,1215,16549,3039452,1218268,1174647,97.6,200.93265,80.53749,77.65378,1218268,1174647,80.53749,77.65378,2022-01-20
1172,1010,17312,3056764,1219440,1175657,98.1,202.07712,80.61496,77.72055,1219440,1175657,80.61496,77.72055,2022-01-21
863,383,17725,3074489,1220303,1176040,98.7,203.24889,80.67202,77.74587,1220303,1176040,80.67202,77.74587,2022-01-22
1583,672,10288,3084777,1221886,1176712,99.0,203.92901,80.77667,77.79029,1221886,1176712,80.77667,77.79029,2022-01-23
346,606,8506,3093283,1222232,1177318,99.3,204.49132,80.79954,77.83036,1222232,1177318,80.79954,77.83036,2022-01-24
938,1183,14529,3107812,1223170,1178501,99.7,205.45181,80.86155,77.90856,1223170,1178501,80.86155,77.90856,2022-01-25
975,1344,14742,3122554,1224145,1179845,99.6,206.42638,80.926,77.99741,1224145,1179845,80.926,77.99741,2022-01-26
1069,1182,14138,3136692,1225214,1181027,99.2,207.36101,80.99667,78.07555,1225214,1181027,80.99667,78.07555,2022-01-27
959,1031,14556,3151248,1226173,1182058,98.9,208.32328,81.06007,78.14371,1226173,1182058,81.06007,78.14371,2022-01-28
1192,1327,14727,3165975,1227365,1183385,99.4,209.29686,81.13887,78.23143,1227365,1183385,81.13887,78.23143,2022-01-29
531,319,7271,3173246,1227896,1183704,99.6,209.77753,81.17398,78.25252,1227896,1183704,81.17398,78.25252,2022-01-30
338,681,6753,3179999,1228234,1184385,99.8,210.22396,81.19632,78.29754,1228234,1184385,81.19632,78.29754,2022-01-31
796,1096,9977,3189976,1229030,1185481,100.1,210.88352,81.24894,78.37,1229030,1185481,81.24894,78.37,2022-02-01
725,1196,9674,3199650,1229755,1186677,98.6,211.52305,81.29687,78.44906,1229755,1186677,81.29687,78.44906,2022-02-02
839,1392,8702,3208352,1230594,1188069,98.1,212.09833,81.35234,78.54108,1230594,1188069,81.35234,78.54108,2022-02-03
348,789,4113,3212465,1230942,1188858,98.3,212.37023,81.37534,78.59324,1230942,1188858,81.37534,78.59324,2022-02-04
948,2528,11963,3224428,1231890,1191386,98.6,213.16108,81.43801,78.76037,1231890,1191386,81.43801,78.76037,2022-02-05
301,886,3191,3227619,1232191,1192272,98.7,213.37203,81.45791,78.81894,1232191,1192272,81.45791,78.81894,2022-02-06
216,812,3310,3230929,1232407,1193084,98.8,213.59085,81.47219,78.87262,1232407,1193084,81.47219,78.87262,2022-02-07
363,1260,5257,3236186,1232770,1194344,99.0,213.93838,81.49619,78.95591,1232770,1194344,81.49619,78.95591,2022-02-08
607,1445,6107,3242293,1233377,1195789,97.1,214.3421,81.53631,79.05144,1233377,1195789,81.53631,79.05144,2022-02-09
421,1385,4815,3247108,1233798,1197174,97.2,214.66042,81.56415,79.143,1233798,1197174,81.56415,79.143,2022-02-10
262,874,2842,3249950,1234060,1198048,97.3,214.84829,81.58147,79.20078,1234060,1198048,81.58147,79.20078,2022-02-11
