delta_1d,delta_2d,delta_all,sum_doses,sum_1d,sum_2d,perc_doses,perc_inh_tot,perc_inh_1d,perc_inh_2d,sum_monotone_1d,sum_monotone_2d,perc_inh_monotone_1d,perc_inh_monotone_2d,date
0,0,0,0,0,0,0,0,0,0,0,0,0,0,2020-12-26
210,2,210,210,210,2,105.0,0.01388,0.01388,0.00013,210,2,0.01388,0.00013,2020-12-27
0,0,0,210,210,2,105.0,0.01388,0.01388,0.00013,210,2,0.01388,0.00013,2020-12-28
0,0,0,210,210,2,105.0,0.01388,0.01388,0.00013,210,2,0.01388,0.00013,2020-12-29
17,0,17,227,227,2,2.5,0.01501,0.01501,0.00013,227,2,0.01501,0.00013,2020-12-30
392,2,392,619,619,4,6.9,0.04092,0.04092,0.00026,619,4,0.04092,0.00026,2020-12-31
0,0,0,619,619,4,6.9,0.04092,0.04092,0.00026,619,4,0.04092,0.00026,2021-01-01
458,2,458,1077,1077,6,12.0,0.0712,0.0712,0.0004,1077,6,0.0712,0.0004,2021-01-02
912,10,912,1989,1989,16,22.2,0.13149,0.13149,0.00106,1989,16,0.13149,0.00106,2021-01-03
1528,12,1528,3517,3517,28,39.2,0.2325,0.2325,0.00185,3517,28,0.2325,0.00185,2021-01-04
1585,19,1585,5102,5102,47,32.3,0.33728,0.33728,0.00311,5102,47,0.33728,0.00311,2021-01-05
2212,19,2212,7314,7314,66,46.3,0.48352,0.48352,0.00436,7314,66,0.48352,0.00436,2021-01-06
1815,17,1815,9129,9129,83,51.4,0.6035,0.6035,0.00549,9129,83,0.6035,0.00549,2021-01-07
1582,15,1582,10711,10711,98,60.3,0.70808,0.70808,0.00648,10711,98,0.70808,0.00648,2021-01-08
1717,20,1717,12428,12428,118,70.0,0.82159,0.82159,0.0078,12428,118,0.82159,0.0078,2021-01-09
1746,14,1746,14174,14174,132,79.9,0.93702,0.93702,0.00873,14174,132,0.93702,0.00873,2021-01-10
1182,18,1182,15356,15356,150,86.5,1.01516,1.01516,0.00992,15356,150,1.01516,0.00992,2021-01-11
1234,13,1234,16590,16590,163,60.3,1.09673,1.09673,0.01078,16590,163,1.09673,0.01078,2021-01-12
2112,41,2112,18702,18702,204,64.5,1.23636,1.23636,0.01349,18702,204,1.23636,0.01349,2021-01-13
2016,24,2016,20718,20718,228,71.4,1.36963,1.36963,0.01507,20718,228,1.36963,0.01507,2021-01-14
1772,17,1772,22490,22490,245,77.6,1.48677,1.48677,0.0162,22490,245,1.48677,0.0162,2021-01-15
2039,51,2039,24529,24529,296,84.6,1.62157,1.62157,0.01957,24529,296,1.62157,0.01957,2021-01-16
1559,71,1624,26153,26088,367,90.2,1.72893,1.72463,0.02426,26088,367,1.72463,0.02426,2021-01-17
547,160,696,26849,26635,527,92.6,1.77494,1.76079,0.03484,26635,527,1.76079,0.03484,2021-01-18
143,93,233,27082,26778,620,93.4,1.79034,1.77024,0.04099,26778,620,1.77024,0.04099,2021-01-19
386,22,406,27488,27164,642,87.7,1.81718,1.79576,0.04244,27164,642,1.79576,0.04244,2021-01-20
592,345,920,28408,27756,987,71.9,1.878,1.8349,0.06525,27756,987,1.8349,0.06525,2021-01-21
195,296,489,28897,27951,1283,73.1,1.91033,1.84779,0.08482,27951,1283,1.84779,0.08482,2021-01-22
121,439,557,29454,28072,1722,74.5,1.94715,1.85579,0.11384,28072,1722,1.85579,0.11384,2021-01-23
4,877,881,30335,28076,2599,76.7,2.00539,1.85605,0.17182,28076,2599,1.85605,0.17182,2021-01-24
89,1507,1596,31931,28165,4106,80.8,2.1109,1.86194,0.27144,28165,4106,1.86194,0.27144,2021-01-25
85,1946,2022,33953,28250,6052,83.4,2.24457,1.86756,0.40009,28250,6052,1.86756,0.40009,2021-01-26
115,2007,2120,36073,28365,8059,79.5,2.38472,1.87516,0.53277,28365,8059,1.87516,0.53277,2021-01-27
163,1926,2088,38161,28528,9985,84.1,2.52275,1.88593,0.66009,28528,9985,1.88593,0.66009,2021-01-28
162,1837,1994,40155,28690,11822,88.5,2.65457,1.89664,0.78153,28690,11822,1.89664,0.78153,2021-01-29
25,1880,1905,42060,28715,13702,92.7,2.78051,1.8983,0.90581,28715,13702,1.8983,0.90581,2021-01-30
97,1828,1921,43981,28812,15530,96.9,2.9075,1.90471,1.02666,28812,15530,1.90471,1.02666,2021-01-31
96,1269,1362,45343,28908,16799,96.3,2.99754,1.91106,1.11055,28908,16799,1.91106,1.11055,2021-02-01
70,1123,1193,46536,28978,17922,80.8,3.07641,1.91568,1.18479,28978,17922,1.91568,1.18479,2021-02-02
118,2029,2126,48662,29096,19951,84.5,3.21696,1.92348,1.31892,29096,19951,1.92348,1.31892,2021-02-03
112,2280,2387,51049,29208,22231,88.6,3.37476,1.93089,1.46965,29208,22231,1.93089,1.46965,2021-02-04
438,1720,2157,53206,29646,23951,92.4,3.51735,1.95984,1.58336,29646,23951,1.95984,1.58336,2021-02-05
521,1951,2463,55669,30167,25902,96.6,3.68018,1.99429,1.71233,30167,25902,1.99429,1.71233,2021-02-06
343,1541,1872,57541,30510,27443,99.9,3.80393,2.01696,1.81421,30510,27443,2.01696,1.81421,2021-02-07
371,468,834,58375,30881,27911,101.3,3.85907,2.04149,1.84515,30881,27911,2.04149,1.84515,2021-02-08
46,79,125,58500,30927,27990,76.2,3.86733,2.04453,1.85037,30927,27990,2.04453,1.85037,2021-02-09
1081,401,1440,59940,32008,28391,78.1,3.96252,2.11599,1.87688,32008,28391,2.11599,1.87688,2021-02-10
1598,430,1987,61927,33606,28821,80.7,4.09388,2.22163,1.9053,33606,28821,2.22163,1.9053,2021-02-11
1430,177,1581,63508,35036,28998,82.7,4.1984,2.31617,1.91701,35036,28998,2.31617,1.91701,2021-02-12
1011,105,1093,64601,36047,29103,73.2,4.27065,2.383,1.92395,36047,29103,2.383,1.92395,2021-02-13
739,12,739,65340,36786,29115,74.0,4.31951,2.43186,1.92474,36786,29115,2.43186,1.92474,2021-02-14
954,28,967,66307,37740,29143,75.1,4.38344,2.49492,1.92659,37740,29143,2.49492,1.92659,2021-02-15
1257,62,1287,67594,38997,29205,76.6,4.46852,2.57802,1.93069,38997,29205,2.57802,1.93069,2021-02-16
1710,186,1828,69422,40707,29391,78.6,4.58936,2.69107,1.94299,40707,29391,2.69107,1.94299,2021-02-17
1857,338,2145,71567,42564,29729,66.9,4.73116,2.81383,1.96533,42564,29729,2.81383,1.96533,2021-02-18
1867,176,2002,73569,44431,29905,61.4,4.86351,2.93725,1.97697,44431,29905,2.93725,1.97697,2021-02-19
4052,121,4163,77732,48483,30026,64.8,5.13872,3.20512,1.98496,48483,30026,3.20512,1.98496,2021-02-20
375,13,376,78108,48858,30039,65.1,5.16358,3.22991,1.98582,48858,30039,3.22991,1.98582,2021-02-21
3386,110,3461,81569,52244,30149,68.0,5.39238,3.45376,1.9931,52244,30149,3.45376,1.9931,2021-02-22
3258,71,3314,84883,55502,30220,70.8,5.61146,3.66914,1.99779,55502,30220,3.66914,1.99779,2021-02-23
3456,110,3534,88417,58958,30330,63.8,5.84509,3.89761,2.00506,58958,30330,3.89761,2.00506,2021-02-24
3379,241,3560,91977,62337,30571,66.4,6.08043,4.12099,2.02099,62337,30571,4.12099,2.02099,2021-02-25
3201,580,3677,95654,65538,31151,69.0,6.32351,4.3326,2.05934,65538,31151,4.3326,2.05934,2021-02-26
3193,243,3402,99056,68731,31394,66.2,6.54841,4.54368,2.0754,68731,31394,4.54368,2.0754,2021-02-27
2830,14,2836,101892,71561,31408,68.1,6.7359,4.73077,2.07633,71561,31408,4.73077,2.07633,2021-02-28
3524,269,3772,105664,75085,31677,67.3,6.98526,4.96373,2.09411,75085,31677,4.96373,2.09411,2021-03-01
4436,631,5002,110666,79521,32308,62.6,7.31593,5.25699,2.13582,79521,32308,5.25699,2.13582,2021-03-02
5817,984,6702,117368,85338,33292,66.4,7.75899,5.64154,2.20087,85338,33292,5.64154,2.20087,2021-03-03
5144,1455,6539,123907,90482,34747,70.1,8.19127,5.9816,2.29706,90482,34747,5.9816,2.29706,2021-03-04
4759,1534,6228,130135,95241,36281,73.6,8.60299,6.29621,2.39847,95241,36281,6.29621,2.39847,2021-03-05
4471,1318,5739,135874,99712,37599,76.8,8.98238,6.59178,2.4856,99712,37599,6.59178,2.4856,2021-03-06
4426,802,5180,141054,104138,38401,79.8,9.32482,6.88437,2.53862,104138,38401,6.88437,2.53862,2021-03-07
5295,1111,6297,147351,109433,39512,83.3,9.74111,7.23442,2.61207,109433,39512,7.23442,2.61207,2021-03-08
4551,968,5432,152783,113984,40480,77.2,10.10021,7.53528,2.67606,113984,40480,7.53528,2.67606,2021-03-09
4532,1232,5712,158495,118516,41712,73.9,10.47782,7.83488,2.7575,118516,41712,7.83488,2.7575,2021-03-10
5225,1490,6636,165131,123741,43202,77.0,10.91651,8.18029,2.85601,123741,43202,8.18029,2.85601,2021-03-11
3402,1335,4682,169813,127143,44537,79.1,11.22603,8.40519,2.94426,127143,44537,8.40519,2.94426,2021-03-12
1805,4042,5807,175620,128948,48579,79.5,11.60992,8.52452,3.21147,128948,48579,8.52452,3.21147,2021-03-13
1907,602,2499,178119,130855,49181,80.6,11.77512,8.65059,3.25127,130855,49181,8.65059,3.25127,2021-03-14
1312,3159,4450,182569,132167,52340,75.4,12.06931,8.73732,3.4601,132167,52340,8.73732,3.4601,2021-03-15
291,3235,3520,186089,132458,55575,76.9,12.30201,8.75656,3.67396,132458,55575,8.75656,3.67396,2021-03-16
107,3371,3476,189565,132565,58946,78.3,12.5318,8.76363,3.89681,132565,58946,8.76363,3.89681,2021-03-17
162,3288,3438,193003,132727,62234,79.7,12.75908,8.77434,4.11418,132727,62234,8.77434,4.11418,2021-03-18
337,3556,3881,196884,133064,65790,81.3,13.01564,8.79662,4.34926,133064,65790,8.79662,4.34926,2021-03-19
1050,3143,4179,201063,134114,68933,83.1,13.29191,8.86603,4.55704,134114,68933,8.86603,4.55704,2021-03-20
1629,2891,4505,205568,135743,71824,81.6,13.58973,8.97372,4.74815,135743,71824,8.97372,4.74815,2021-03-21
2526,3222,5702,211270,138269,75046,71.3,13.96668,9.14071,4.96115,138269,75046,9.14071,4.96115,2021-03-22
2262,3612,5838,217108,140531,78658,73.3,14.35262,9.29025,5.19994,140531,78658,9.29025,5.19994,2021-03-23
3365,3786,7081,224189,143896,82444,75.6,14.82073,9.5127,5.45022,143896,82444,9.5127,5.45022,2021-03-24
3246,3512,6702,230891,147142,85956,76.2,15.26378,9.72729,5.6824,147142,85956,9.72729,5.6824,2021-03-25
3535,2916,6393,237284,150677,88872,78.3,15.68641,9.96098,5.87517,150677,88872,9.96098,5.87517,2021-03-26
5033,2468,7427,244711,155710,91340,80.7,16.1774,10.29371,6.03832,155710,91340,10.29371,6.03832,2021-03-27
2435,1729,4126,248837,158145,93069,82.1,16.45016,10.45468,6.15262,158145,93069,10.45468,6.15262,2021-03-28
3439,2503,5894,254731,161584,95572,76.4,16.8398,10.68202,6.31809,161584,95572,10.68202,6.31809,2021-03-29
4652,2905,7484,262215,166236,98477,78.6,17.33456,10.98956,6.51014,166236,98477,10.98956,6.51014,2021-03-30
4352,3107,7375,269590,170588,101584,80.8,17.82211,11.27726,6.71553,170588,101584,11.27726,6.71553,2021-03-31
4162,3511,7579,277169,174750,105095,83.1,18.32314,11.55241,6.94764,174750,105095,11.55241,6.94764,2021-04-01
6155,848,6894,284063,180905,105943,81.6,18.77889,11.9593,7.0037,180905,105943,11.9593,7.0037,2021-04-02
6908,839,7575,291638,187813,106782,76.7,19.27966,12.41598,7.05916,187813,106782,12.41598,7.05916,2021-04-03
2667,1220,3836,295474,190480,108002,77.7,19.53325,12.59229,7.13982,190480,108002,12.59229,7.13982,2021-04-04
4434,1346,5703,301177,194914,109348,79.2,19.91026,12.88541,7.2288,194914,109348,12.88541,7.2288,2021-04-05
8066,946,8876,310053,202980,110294,72.8,20.49704,13.41864,7.29134,202980,110294,13.41864,7.29134,2021-04-06
8474,498,8842,318895,211454,110792,74.8,21.08157,13.97884,7.32426,211454,110792,13.97884,7.32426,2021-04-07
8835,522,9203,328098,220289,111314,77.0,21.68996,14.56291,7.35877,220289,111314,14.56291,7.35877,2021-04-08
9372,415,9572,337670,229661,111729,79.3,22.32275,15.18247,7.3862,229661,111729,15.18247,7.3862,2021-04-09
10619,555,10933,348603,240280,112284,81.8,23.04551,15.88447,7.42289,240280,112284,15.88447,7.42289,2021-04-10
6830,426,7117,355720,247110,112710,83.5,23.516,16.33599,7.45105,247110,112710,16.33599,7.45105,2021-04-11
8090,636,8572,364292,255200,113346,85.5,24.08268,16.87081,7.4931,255200,113346,16.87081,7.4931,2021-04-12
9606,435,9840,374132,264806,113781,87.8,24.73319,17.50584,7.52186,264806,113781,17.50584,7.52186,2021-04-13
9851,559,10221,384353,274657,114340,82.7,25.40888,18.15708,7.55881,274657,114340,18.15708,7.55881,2021-04-14
9813,802,10377,394730,284470,115142,84.2,26.09488,18.8058,7.61183,284470,115142,18.8058,7.61183,2021-04-15
9559,724,10084,404814,294029,115866,86.4,26.76152,19.43772,7.65969,294029,115866,19.43772,7.65969,2021-04-16
10633,1306,11706,416520,304662,117172,88.9,27.53538,20.14065,7.74603,304662,117172,20.14065,7.74603,2021-04-17
7903,1092,8824,425344,312565,118264,90.7,28.11872,20.6631,7.81822,312565,118264,20.6631,7.81822,2021-04-18
8022,1703,9605,434949,320587,119967,90.8,28.75369,21.19342,7.9308,320587,119967,21.19342,7.9308,2021-04-19
9284,1602,10754,445703,329871,121569,93.1,29.46462,21.80717,8.03671,329871,121569,21.80717,8.03671,2021-04-20
9591,1354,10786,456489,339462,122923,86.5,30.17766,22.44122,8.12622,339462,122923,22.44122,8.12622,2021-04-21
9220,1719,10799,467288,348682,124642,87.8,30.89156,23.05073,8.23986,348682,124642,23.05073,8.23986,2021-04-22
8260,3217,11315,478603,356942,127859,89.9,31.63958,23.59679,8.45253,356942,127859,23.59679,8.45253,2021-04-23
7705,4611,12170,490773,364647,132470,92.2,32.44411,24.10615,8.75735,364647,132470,24.10615,8.75735,2021-04-24
7024,1926,8599,499372,371671,134396,93.8,33.01258,24.5705,8.88468,371671,134396,24.5705,8.88468,2021-04-25
6149,3614,9171,508543,377820,138010,93.9,33.61885,24.97699,9.12359,377820,138010,24.97699,9.12359,2021-04-26
5605,5555,9594,518137,383425,143565,95.7,34.2531,25.34753,9.49082,383425,143565,25.34753,9.49082,2021-04-27
6196,5841,10932,529069,389621,149406,88.9,34.97579,25.75714,9.87696,389621,149406,25.75714,9.87696,2021-04-28
7345,7115,13448,542517,396966,156521,91.2,35.86481,26.2427,10.34732,396966,156521,26.2427,10.34732,2021-04-29
5594,8796,14163,556680,402560,165317,93.5,36.8011,26.61251,10.92881,402560,165317,26.61251,10.92881,2021-04-30
3576,5935,9324,566004,406136,171252,86.9,37.4175,26.84891,11.32116,406136,171252,26.84891,11.32116,2021-05-01
3165,6050,8905,574909,409301,177302,88.3,38.00619,27.05815,11.72111,409301,177302,27.05815,11.72111,2021-05-02
4998,5684,10411,585320,414299,182986,89.9,38.69444,27.38855,12.09687,414299,182986,27.38855,12.09687,2021-05-03
5070,6183,10974,596294,419369,189169,91.5,39.41991,27.72372,12.50562,419369,189169,27.72372,12.50562,2021-05-04
5264,7154,11694,607988,424633,196323,86.4,40.19298,28.07172,12.97856,424633,196323,28.07172,12.97856,2021-05-05
5585,7893,12657,620645,430218,204216,87.1,41.02971,28.44093,13.50035,430218,204216,28.44093,13.50035,2021-05-06
3653,9519,12835,633480,433871,213735,88.9,41.87821,28.68242,14.12963,433871,213735,28.68242,14.12963,2021-05-07
5028,7613,12291,645771,438899,221348,90.6,42.69075,29.01482,14.63291,438899,221348,29.01482,14.63291,2021-05-08
3638,5626,8866,654637,442537,226974,91.8,43.27686,29.25532,15.00484,442537,226974,29.25532,15.00484,2021-05-09
4899,4883,9453,664090,447436,231857,93.2,43.90178,29.57918,15.32765,447436,231857,29.57918,15.32765,2021-05-10
5680,5267,10623,674713,453116,237124,94.6,44.60405,29.95468,15.67584,453116,237124,29.95468,15.67584,2021-05-11
4927,5825,10430,685143,458043,242949,89.5,45.29356,30.28039,16.06092,458043,242949,30.28039,16.06092,2021-05-12
7105,5804,12612,697755,465148,248753,91.1,46.12732,30.75009,16.44461,465148,248753,30.75009,16.44461,2021-05-13
6724,7388,13637,711392,471872,256141,91.6,47.02883,31.1946,16.93302,471872,256141,31.1946,16.93302,2021-05-14
8076,6883,14119,725511,479948,263024,93.4,47.96222,31.72849,17.38804,479948,263024,31.72849,17.38804,2021-05-15
6669,5009,10899,736410,486617,268033,94.8,48.68273,32.16937,17.71918,486617,268033,32.16937,17.71918,2021-05-16
7694,5170,12048,748458,494311,273203,96.4,49.4792,32.678,18.06095,494311,273203,32.678,18.06095,2021-05-17
7669,4303,11271,759729,501980,277506,97.8,50.22431,33.18499,18.34542,501980,277506,33.18499,18.34542,2021-05-18
8564,4043,11662,771391,510544,281549,93.1,50.99526,33.75114,18.61269,510544,281549,33.75114,18.61269,2021-05-19
7788,5541,12684,784075,518332,287090,94.7,51.83377,34.26599,18.979,518332,287090,34.26599,18.979,2021-05-20
7437,7302,13908,797983,525769,294392,94.7,52.75321,34.75763,19.46172,525769,294392,34.75763,19.46172,2021-05-21
7491,6149,11939,809922,533260,300541,96.2,53.54247,35.25285,19.86822,533260,300541,35.25285,19.86822,2021-05-22
7538,3581,9210,819132,540798,304122,97.3,54.15133,35.75117,20.10495,540798,304122,35.75117,20.10495,2021-05-23
8133,4705,10997,830129,548931,308827,96.7,54.87832,36.28883,20.41599,548931,308827,36.28883,20.41599,2021-05-24
8717,3764,11768,841897,557648,312591,98.1,55.65628,36.8651,20.66482,557648,312591,36.8651,20.66482,2021-05-25
8663,3912,11889,853786,566311,316503,93.9,56.44224,37.43779,20.92344,566311,316503,37.43779,20.92344,2021-05-26
9432,4833,13733,867519,575743,321336,95.4,57.35011,38.06132,21.24294,575743,321336,38.06132,21.24294,2021-05-27
9100,5378,13964,881483,584843,326714,96.9,58.27324,38.66291,21.59847,584843,326714,38.66291,21.59847,2021-05-28
8335,4838,12875,894358,593178,331552,98.3,59.12438,39.21392,21.9183,593178,331552,39.21392,21.9183,2021-05-29
6743,3232,9733,904091,599921,334784,97.3,59.76781,39.65969,22.13196,599921,334784,39.65969,22.13196,2021-05-30
8851,3214,11780,915871,608772,337998,98.5,60.54657,40.24481,22.34443,608772,337998,40.24481,22.34443,2021-05-31
9967,2477,12056,927927,618739,340475,91.9,61.34357,40.90371,22.50818,618739,340475,40.90371,22.50818,2021-06-01
11225,1352,11901,939828,629964,341827,93.0,62.13032,41.64578,22.59756,629964,341827,41.64578,22.59756,2021-06-02
12386,3306,14638,954466,642350,345133,94.5,63.09801,42.46459,22.81612,642350,345133,42.46459,22.81612,2021-06-03
11900,3382,14340,968806,654250,348515,91.6,64.04601,43.25128,23.03969,654250,348515,43.25128,23.03969,2021-06-04
11885,2835,13944,982750,666135,351350,92.9,64.96782,44.03698,23.22711,666135,351350,44.03698,23.22711,2021-06-05
10874,1893,12452,995202,677009,353243,93.3,65.791,44.75584,23.35225,677009,353243,44.75584,23.35225,2021-06-06
10871,3003,13321,1008523,687880,356246,94.6,66.67162,45.4745,23.55078,687880,356246,45.4745,23.55078,2021-06-07
11490,3195,14099,1022622,699370,359441,95.9,67.60368,46.23408,23.76199,699370,359441,46.23408,23.76199,2021-06-08
12410,2376,14279,1036901,711780,361817,91.1,68.54764,47.05448,23.91907,711780,361817,47.05448,23.91907,2021-06-09
12917,2576,14930,1051831,724697,364393,92.4,69.53464,47.9084,24.08936,724697,364393,47.9084,24.08936,2021-06-10
11679,2779,14001,1065832,736376,367172,93.3,70.46022,48.68048,24.27307,736376,367172,48.68048,24.27307,2021-06-11
12437,1787,13782,1079614,748813,368959,94.6,71.37132,49.50267,24.39121,748813,368959,49.50267,24.39121,2021-06-12
9453,1562,10752,1090366,758266,370521,95.5,72.08212,50.12759,24.49447,758266,370521,50.12759,24.49447,2021-06-13
9528,3634,12838,1103204,767794,374155,95.9,72.93081,50.75747,24.73471,767794,374155,50.75747,24.73471,2021-06-14
10140,3414,13192,1116396,777934,377569,97.0,73.80291,51.4278,24.9604,777934,377569,51.4278,24.9604,2021-06-15
9390,4700,13755,1130151,787324,382269,91.3,74.71223,52.04856,25.27111,787324,382269,52.04856,25.27111,2021-06-16
9094,6568,15205,1145356,796418,388837,92.6,75.71741,52.64975,25.70531,796418,388837,52.64975,25.70531,2021-06-17
8594,7129,15345,1160701,805012,395966,93.8,76.73184,53.21788,26.17659,805012,395966,53.21788,26.17659,2021-06-18
8014,6969,14692,1175393,813026,402935,95.0,77.7031,53.74767,26.6373,813026,402935,53.74767,26.6373,2021-06-19
6174,5188,11159,1186552,819200,408123,94.6,78.4408,54.15582,26.98027,819200,408123,54.15582,26.98027,2021-06-20
5726,7155,12605,1199157,824926,415278,95.6,79.27409,54.53436,27.45327,824926,415278,54.53436,27.45327,2021-06-21
6760,6792,13221,1212378,831686,422070,96.7,80.14811,54.98125,27.90228,831686,422070,54.98125,27.90228,2021-06-22
6881,7321,13891,1226269,838567,429391,89.7,81.06642,55.43614,28.38626,838567,429391,55.43614,28.38626,2021-06-23
6458,7704,13831,1240100,845025,437095,90.7,81.98076,55.86307,28.89556,845025,437095,55.86307,28.89556,2021-06-24
6708,7984,14344,1254444,851733,445079,91.8,82.92902,56.30652,29.42336,851733,445079,56.30652,29.42336,2021-06-25
5905,7960,13576,1268020,857638,453039,91.9,83.8265,56.69689,29.94959,857638,453039,56.69689,29.94959,2021-06-26
4658,5514,9949,1277969,862296,458553,92.6,84.48421,57.00482,30.31411,862296,458553,57.00482,30.31411,2021-06-27
4850,7775,12358,1290327,867146,466328,93.5,85.30118,57.32545,30.8281,867146,466328,57.32545,30.8281,2021-06-28
5156,8490,13371,1303698,872302,474818,94.4,86.18511,57.6663,31.38936,872302,474818,57.6663,31.38936,2021-06-29
4664,9258,13651,1317349,876966,484076,89.7,87.08755,57.97463,32.00139,876966,484076,57.97463,32.00139,2021-06-30
4937,10080,14693,1332042,881903,494156,90.7,88.05888,58.30101,32.66776,881903,494156,58.30101,32.66776,2021-07-01
4907,9933,14554,1346596,886810,504089,90.7,89.02102,58.6254,33.32441,886810,504089,58.6254,33.32441,2021-07-02
4448,9761,13843,1360439,891258,513850,91.7,89.93615,58.91945,33.96969,891258,513850,58.91945,33.96969,2021-07-03
3365,7732,10896,1371335,894623,521582,89.0,90.65647,59.1419,34.48084,894623,521582,59.1419,34.48084,2021-07-04
3093,10283,13169,1384504,897716,531865,89.9,91.52705,59.34638,35.16063,897716,531865,59.34638,35.16063,2021-07-05
3365,10838,13962,1398466,901081,542703,90.8,92.45005,59.56883,35.87711,901081,542703,59.56883,35.87711,2021-07-06
3178,11376,14258,1412724,904259,554079,89.0,93.39262,59.77892,36.62916,904259,554079,59.77892,36.62916,2021-07-07
3013,12308,15040,1427764,907272,566387,89.9,94.38689,59.9781,37.44282,907272,566387,59.9781,37.44282,2021-07-08
2770,12406,14902,1442666,910042,578793,90.8,95.37203,60.16122,38.26295,910042,578793,60.16122,38.26295,2021-07-09
1859,12514,14159,1456825,911901,591307,91.1,96.30806,60.28412,39.09023,911901,591307,60.28412,39.09023,2021-07-10
1742,8802,10398,1467223,913643,600109,91.8,96.99545,60.39928,39.67212,913643,600109,60.39928,39.67212,2021-07-11
1346,12534,13722,1480945,914989,612643,92.6,97.90259,60.48826,40.50072,914989,612643,60.48826,40.50072,2021-07-12
1587,13429,14852,1495797,916576,626072,93.5,98.88442,60.59318,41.38848,916576,626072,60.59318,41.38848,2021-07-13
1976,12112,13850,1509647,918552,638184,91.7,99.80002,60.72381,42.18919,918552,638184,60.72381,42.18919,2021-07-14
1978,14280,16008,1525655,920530,652464,92.6,100.85828,60.85457,43.13321,920530,652464,60.85457,43.13321,2021-07-15
2103,14058,15838,1541493,922633,666522,93.6,101.9053,60.99359,44.06256,922633,666522,60.99359,44.06256,2021-07-16
1595,13795,15137,1556630,924228,680317,94.5,102.90598,61.09904,44.97452,924228,680317,61.09904,44.97452,2021-07-17
1451,10803,12124,1568754,925679,691120,95.0,103.70748,61.19496,45.68869,925679,691120,61.19496,45.68869,2021-07-18
2141,12811,14676,1583430,927820,703931,95.9,104.67768,61.3365,46.5356,927820,703931,61.3365,46.5356,2021-07-19
1944,12651,14397,1597827,929764,716582,96.8,105.62944,61.46501,47.37194,929764,716582,61.46501,47.37194,2021-07-20
2278,12877,14920,1612747,932042,729459,94.9,106.61578,61.6156,48.22321,932042,729459,61.6156,48.22321,2021-07-21
2261,13761,15747,1628494,934303,743220,95.9,107.65678,61.76508,49.13293,934303,743220,61.76508,49.13293,2021-07-22
2753,13057,15540,1644034,937056,756277,96.8,108.6841,61.94707,49.9961,937056,756277,61.94707,49.9961,2021-07-23
3201,10389,13273,1657307,940257,766666,96.0,109.56156,62.15868,50.6829,940257,766666,62.15868,50.6829,2021-07-24
1102,8351,9349,1666656,941359,775017,96.5,110.1796,62.23153,51.23497,941359,775017,62.23153,51.23497,2021-07-25
2315,8969,11033,1677689,943674,783986,97.1,110.90897,62.38458,51.82789,943674,783986,62.38458,51.82789,2021-07-26
3259,11402,14362,1692051,946933,795388,98.0,111.85842,62.60002,52.58166,946933,795388,62.60002,52.58166,2021-07-27
3481,10999,14197,1706248,950414,806387,96.1,112.79696,62.83014,53.30878,950414,806387,62.83014,53.30878,2021-07-28
4890,10388,14841,1721089,955304,816775,96.9,113.77807,63.15341,53.99551,955304,816775,63.15341,53.99551,2021-07-29
5153,9961,14711,1735800,960457,826736,97.7,114.75059,63.49407,54.65402,960457,826736,63.49407,54.65402,2021-07-30
5472,8170,13201,1749001,965929,834906,98.5,115.62328,63.85581,55.19412,965929,834906,63.85581,55.19412,2021-07-31
1918,5686,7494,1756495,967847,840592,99.4,116.1187,63.98261,55.57001,967847,840592,63.98261,55.57001,2021-08-01
4857,7214,11723,1768218,972704,847806,99.8,116.89368,64.3037,56.04692,972704,847806,64.3037,56.04692,2021-08-02
4296,6933,10879,1779097,977000,854739,99.7,117.61287,64.5877,56.50524,977000,854739,64.5877,56.50524,2021-08-03
4302,8041,12001,1791098,981302,862780,97.5,118.40624,64.87209,57.03682,981302,862780,64.87209,57.03682,2021-08-04
4346,7912,11904,1803002,985648,870692,98.2,119.19319,65.1594,57.55987,985648,870692,65.1594,57.55987,2021-08-05
4426,7685,11703,1814705,990074,878377,98.8,119.96685,65.45199,58.06791,990074,878377,65.45199,58.06791,2021-08-06
3711,6061,9453,1824158,993785,884438,99.3,120.59177,65.69732,58.46859,993785,884438,65.69732,58.46859,2021-08-07
1790,3983,5635,1829793,995575,888421,98.9,120.96429,65.81566,58.7319,995575,888421,65.81566,58.7319,2021-08-08
4324,5166,9095,1838888,999899,893587,99.4,121.56555,66.10151,59.07341,999899,893587,66.10151,59.07341,2021-08-09
3611,5968,9201,1848089,1003510,899555,99.6,122.17381,66.34022,59.46795,1003510,899555,66.34022,59.46795,2021-08-10
3408,4490,7573,1855662,1006918,904045,97.5,122.67445,66.56552,59.76477,1006918,904045,66.56552,59.76477,2021-08-11
4250,4266,8018,1863680,1011168,908311,96.4,123.2045,66.84648,60.04679,1011168,908311,66.84648,60.04679,2021-08-12
3603,3457,6754,1870434,1014771,911768,96.8,123.651,67.08467,60.27533,1014771,911768,67.08467,60.27533,2021-08-13
1085,1412,2404,1872838,1015856,913180,96.9,123.80992,67.1564,60.36867,1015856,913180,67.1564,60.36867,2021-08-14
212,20,225,1873063,1016068,913200,96.9,123.82479,67.17041,60.36999,1016068,913200,67.17041,60.36999,2021-08-15
3146,2323,5167,1878230,1019214,915523,97.2,124.16638,67.37839,60.52356,1019214,915523,67.37839,60.52356,2021-08-16
3313,4574,7600,1885830,1022527,920097,97.6,124.6688,67.5974,60.82594,1022527,920097,67.5974,60.82594,2021-08-17
3108,2791,5537,1891367,1025635,922888,93.9,125.03484,67.80287,61.01045,1025635,922888,67.80287,61.01045,2021-08-18
0,0,0,1891367,1025635,922888,93.9,125.03484,67.80287,61.01045,1025635,922888,67.80287,61.01045,2021-08-19
