delta_1d,delta_2d,delta_all,sum_doses,sum_1d,sum_2d,perc_doses,perc_inh_tot,perc_inh_1d,perc_inh_2d,sum_monotone_1d,sum_monotone_2d,perc_inh_monotone_1d,perc_inh_monotone_2d,date
0,0,0,0,0,0,0,0,0,0,0,0,0,0,2020-12-26
50,6,50,50,50,6,100.0,0.01664,0.01664,0.002,50,6,0.01664,0.002,2020-12-27
0,0,0,50,50,6,100.0,0.01664,0.01664,0.002,50,6,0.01664,0.002,2020-12-28
0,0,0,50,50,6,100.0,0.01664,0.01664,0.002,50,6,0.01664,0.002,2020-12-29
0,0,0,50,50,6,1.7,0.01664,0.01664,0.002,50,6,0.01664,0.002,2020-12-30
0,0,0,50,50,6,1.7,0.01664,0.01664,0.002,50,6,0.01664,0.002,2020-12-31
0,0,0,50,50,6,1.7,0.01664,0.01664,0.002,50,6,0.01664,0.002,2021-01-01
0,0,0,50,50,6,1.7,0.01664,0.01664,0.002,50,6,0.01664,0.002,2021-01-02
0,0,0,50,50,6,1.7,0.01664,0.01664,0.002,50,6,0.01664,0.002,2021-01-03
315,1,315,365,365,7,12.3,0.12146,0.12146,0.00233,365,7,0.12146,0.00233,2021-01-04
451,3,451,816,816,10,16.6,0.27153,0.27153,0.00333,816,10,0.27153,0.00333,2021-01-05
696,6,696,1512,1512,16,30.7,0.50313,0.50313,0.00532,1512,16,0.50313,0.00532,2021-01-06
603,3,603,2115,2115,19,42.9,0.70379,0.70379,0.00632,2115,19,0.70379,0.00632,2021-01-07
435,0,435,2550,2550,19,51.8,0.84854,0.84854,0.00632,2550,19,0.84854,0.00632,2021-01-08
457,4,457,3007,3007,23,61.1,1.00061,1.00061,0.00765,3007,23,1.00061,0.00765,2021-01-09
271,0,271,3278,3278,23,66.6,1.09079,1.09079,0.00765,3278,23,1.09079,0.00765,2021-01-10
563,5,563,3841,3841,28,48.9,1.27813,1.27813,0.00932,3841,28,1.27813,0.00932,2021-01-11
338,2,338,4179,4179,30,47.4,1.39061,1.39061,0.00998,4179,30,1.39061,0.00998,2021-01-12
483,1,483,4662,4662,31,52.8,1.55133,1.55133,0.01032,4662,31,1.55133,0.01032,2021-01-13
655,2,655,5317,5317,33,60.2,1.76929,1.76929,0.01098,5317,33,1.76929,0.01098,2021-01-14
549,16,549,5866,5866,49,66.5,1.95198,1.95198,0.01631,5866,49,1.95198,0.01631,2021-01-15
427,3,427,6293,6293,52,71.3,2.09406,2.09406,0.0173,6293,52,2.09406,0.0173,2021-01-16
48,30,78,6371,6341,82,72.2,2.12002,2.11004,0.02729,6341,82,2.11004,0.02729,2021-01-17
117,1,117,6488,6458,83,58.1,2.15895,2.14897,0.02762,6458,83,2.14897,0.02762,2021-01-18
164,11,175,6663,6622,94,59.7,2.21719,2.20354,0.03128,6622,94,2.20354,0.03128,2021-01-19
18,0,18,6681,6640,94,54.2,2.22318,2.20953,0.03128,6640,94,2.20953,0.03128,2021-01-20
6,0,6,6687,6646,94,54.2,2.22517,2.21153,0.03128,6646,94,2.21153,0.03128,2021-01-21
128,0,128,6815,6774,94,55.2,2.26777,2.25412,0.03128,6774,94,2.25412,0.03128,2021-01-22
0,0,0,6815,6774,94,55.2,2.26777,2.25412,0.03128,6774,94,2.25412,0.03128,2021-01-23
0,0,0,6815,6774,94,55.2,2.26777,2.25412,0.03128,6774,94,2.25412,0.03128,2021-01-24
3,316,319,7134,6777,410,57.8,2.37392,2.25512,0.13643,6777,410,2.25512,0.13643,2021-01-25
8,442,450,7584,6785,852,61.5,2.52366,2.25778,0.28351,6785,852,2.25778,0.28351,2021-01-26
8,669,677,8261,6793,1521,61.2,2.74894,2.26045,0.50613,6793,1521,2.26045,0.50613,2021-01-27
19,599,618,8879,6812,2120,65.7,2.95458,2.26677,0.70545,6812,2120,2.26677,0.70545,2021-01-28
6,421,427,9306,6818,2541,68.9,3.09667,2.26876,0.84555,6818,2541,2.26876,0.84555,2021-01-29
12,453,465,9771,6830,2994,72.4,3.25141,2.27276,0.99629,6830,2994,2.27276,0.99629,2021-01-30
6,263,269,10040,6836,3257,74.3,3.34092,2.27475,1.0838,6836,3257,2.27475,1.0838,2021-01-31
14,550,564,10604,6850,3807,76.8,3.5286,2.27941,1.26682,6850,3807,2.27941,1.26682,2021-02-01
218,325,542,11146,7068,4132,69.0,3.70895,2.35195,1.37497,7068,4132,2.35195,1.37497,2021-02-02
348,406,752,11898,7416,4538,73.7,3.95919,2.46776,1.51007,7416,4538,2.46776,1.51007,2021-02-03
78,687,765,12663,7494,5225,78.4,4.21375,2.49371,1.73868,7494,5225,2.49371,1.73868,2021-02-04
56,544,600,13263,7550,5769,82.1,4.41341,2.51235,1.9197,7550,5769,2.51235,1.9197,2021-02-05
30,403,433,13696,7580,6172,84.8,4.55749,2.52233,2.0538,7580,6172,2.52233,2.0538,2021-02-06
20,47,67,13763,7600,6219,85.2,4.57979,2.52898,2.06944,7600,6219,2.52898,2.06944,2021-02-07
221,120,341,14104,7821,6339,87.4,4.69326,2.60252,2.10937,7821,6339,2.60252,2.10937,2021-02-08
198,164,362,14466,8019,6503,73.1,4.81372,2.66841,2.16394,8019,6503,2.66841,2.16394,2021-02-09
132,20,152,14618,8151,6523,73.9,4.8643,2.71233,2.1706,8151,6523,2.71233,2.1706,2021-02-10
262,38,298,14916,8413,6561,75.4,4.96346,2.79952,2.18324,8413,6561,2.79952,2.18324,2021-02-11
216,127,340,15256,8629,6688,77.1,5.0766,2.87139,2.22551,8629,6688,2.87139,2.22551,2021-02-12
133,0,133,15389,8762,6688,69.7,5.12086,2.91565,2.22551,8762,6688,2.91565,2.22551,2021-02-13
0,0,0,15389,8762,6688,69.7,5.12086,2.91565,2.22551,8762,6688,2.91565,2.22551,2021-02-14
142,4,145,15534,8904,6692,63.6,5.16911,2.9629,2.22684,8904,6692,2.9629,2.22684,2021-02-15
155,8,161,15695,9059,6700,64.3,5.22268,3.01448,2.2295,9059,6700,3.01448,2.2295,2021-02-16
58,23,73,15768,9117,6723,64.6,5.24698,3.03378,2.23715,9117,6723,3.03378,2.23715,2021-02-17
314,24,327,16095,9431,6747,62.9,5.35579,3.13827,2.24514,9431,6747,3.13827,2.24514,2021-02-18
169,2,171,16266,9600,6749,57.7,5.41269,3.19451,2.2458,9600,6749,3.19451,2.2458,2021-02-19
1004,22,1024,17290,10604,6771,61.3,5.75344,3.5286,2.25312,10604,6771,3.5286,2.25312,2021-02-20
575,2,577,17867,11179,6773,63.4,5.94544,3.71994,2.25379,11179,6773,3.71994,2.25379,2021-02-21
252,18,267,18134,11431,6791,59.4,6.03429,3.80379,2.25978,11431,6791,3.80379,2.25978,2021-02-22
367,225,589,18723,11798,7016,59.1,6.23028,3.92591,2.33465,11798,7016,3.92591,2.33465,2021-02-23
337,349,676,19399,12135,7365,61.2,6.45523,4.03805,2.45078,12135,7365,4.03805,2.45078,2021-02-24
477,75,546,19945,12612,7440,62.9,6.63692,4.19678,2.47574,12612,7440,4.19678,2.47574,2021-02-25
494,76,568,20513,13106,7516,64.7,6.82593,4.36117,2.50103,13106,7516,4.36117,2.50103,2021-02-26
1357,30,1377,21890,14463,7546,64.6,7.28414,4.81272,2.51101,14463,7546,4.81272,2.51101,2021-02-27
801,46,844,22734,15264,7592,67.1,7.56499,5.07926,2.52632,15264,7592,5.07926,2.52632,2021-02-28
458,240,678,23412,15722,7832,62.0,7.7906,5.23167,2.60618,15722,7832,5.23167,2.60618,2021-03-01
519,171,678,24090,16241,8003,61.9,8.01621,5.40437,2.66309,16241,8003,5.40437,2.66309,2021-03-02
597,92,680,24770,16838,8095,63.7,8.24249,5.60303,2.6937,16838,8095,5.60303,2.6937,2021-03-03
536,345,863,25633,17374,8440,65.9,8.52966,5.78139,2.8085,17374,8440,5.78139,2.8085,2021-03-04
1026,229,1238,26871,18400,8669,69.1,8.94162,6.1228,2.8847,18400,8669,6.1228,2.8847,2021-03-05
1581,178,1742,28613,19981,8847,73.5,9.52129,6.6489,2.94394,19981,8847,6.6489,2.94394,2021-03-06
1133,7,1135,29748,21114,8854,76.4,9.89897,7.02592,2.94627,21114,8854,7.02592,2.94627,2021-03-07
1269,198,1409,31157,22383,9052,73.4,10.36783,7.44819,3.01215,22383,9052,7.44819,3.01215,2021-03-08
1195,194,1350,32507,23578,9246,76.6,10.81706,7.84584,3.07671,23578,9246,7.84584,3.07671,2021-03-09
1713,87,1763,34270,25291,9333,74.8,11.40372,8.41586,3.10566,25291,9333,8.41586,3.10566,2021-03-10
1482,35,1488,35758,26773,9368,76.1,11.89887,8.90901,3.1173,26773,9368,8.90901,3.1173,2021-03-11
1444,68,1480,37238,28217,9436,79.2,12.39135,9.38952,3.13993,28217,9436,9.38952,3.13993,2021-03-12
206,1016,1199,38437,28423,10452,79.6,12.79033,9.45807,3.47802,28423,10452,9.45807,3.47802,2021-03-13
18,585,603,39040,28441,11037,80.8,12.99099,9.46406,3.67268,28441,11037,9.46406,3.67268,2021-03-14
618,290,863,39903,29059,11327,75.3,13.27816,9.6697,3.76918,29059,11327,9.6697,3.76918,2021-03-15
272,357,622,40525,29331,11684,76.5,13.48514,9.76021,3.88798,29331,11684,9.76021,3.88798,2021-03-16
646,453,980,41505,29977,12137,78.3,13.81124,9.97518,4.03872,29977,12137,9.97518,4.03872,2021-03-17
760,586,1226,42731,30737,12723,80.7,14.21921,10.22807,4.23372,30737,12723,10.22807,4.23372,2021-03-18
781,465,1212,43943,31518,13188,83.0,14.62252,10.48796,4.38845,31518,13188,10.48796,4.38845,2021-03-19
1035,1347,2361,46304,32553,14535,87.4,15.40816,10.83237,4.83668,32553,14535,10.83237,4.83668,2021-03-20
486,775,1258,47562,33039,15310,86.5,15.82678,10.99409,5.09457,33039,15310,10.99409,5.09457,2021-03-21
929,283,1180,48742,33968,15593,74.4,16.21944,11.30323,5.18874,33968,15593,11.30323,5.18874,2021-03-22
1476,261,1688,50430,35444,15854,77.0,16.78114,11.79438,5.27559,35444,15854,11.79438,5.27559,2021-03-23
1259,439,1661,52091,36703,16293,79.5,17.33385,12.21333,5.42167,36703,16293,12.21333,5.42167,2021-03-24
1346,552,1847,53938,38049,16845,80.6,17.94846,12.66122,5.60536,38049,16845,12.66122,5.60536,2021-03-25
1998,737,2646,56584,40047,17582,84.6,18.82895,13.32608,5.8506,40047,17582,13.32608,5.8506,2021-03-26
1335,1468,2772,59356,41382,19050,88.7,19.75136,13.77032,6.3391,41382,19050,13.77032,6.3391,2021-03-27
538,1121,1643,60999,41920,20171,91.2,20.29809,13.94934,6.71212,41920,20171,13.94934,6.71212,2021-03-28
1586,557,2077,63076,43506,20728,85.3,20.98923,14.4771,6.89747,43506,20728,14.4771,6.89747,2021-03-29
1525,556,2040,65116,45031,21284,88.1,21.66806,14.98456,7.08248,45031,21284,14.98456,7.08248,2021-03-30
1456,956,2278,67394,46487,22240,91.2,22.42609,15.46906,7.4006,46487,22240,15.46906,7.4006,2021-03-31
777,764,1511,68905,47264,23004,93.2,22.9289,15.72762,7.65483,47264,23004,15.72762,7.65483,2021-04-01
707,825,1493,70398,47971,23829,91.5,23.42571,15.96288,7.92936,47971,23829,15.96288,7.92936,2021-04-02
1774,80,1812,72210,49745,23909,86.6,24.02867,16.5532,7.95598,49745,23909,16.5532,7.95598,2021-04-03
243,27,258,72468,49988,23936,86.9,24.11452,16.63406,7.96497,49988,23936,16.63406,7.96497,2021-04-04
293,100,392,72860,50281,24036,87.3,24.24497,16.73156,7.99824,50281,24036,16.73156,7.99824,2021-04-05
1185,389,1531,74391,51466,24425,79.2,24.75442,17.12588,8.12769,51466,24425,17.12588,8.12769,2021-04-06
1465,368,1741,76132,52931,24793,81.0,25.33376,17.61337,8.25014,52931,24793,17.61337,8.25014,2021-04-07
1605,257,1811,77943,54536,25050,83.0,25.93639,18.14745,8.33566,54536,25050,18.14745,8.33566,2021-04-08
2186,260,2378,80321,56722,25310,85.5,26.7277,18.87487,8.42218,56722,25310,18.87487,8.42218,2021-04-09
2542,220,2697,83018,59264,25530,88.4,27.62515,19.72075,8.49539,59264,25530,19.72075,8.49539,2021-04-10
1212,48,1226,84244,60476,25578,89.7,28.03312,20.12405,8.51136,60476,25578,20.12405,8.51136,2021-04-11
1060,272,1312,85556,61536,25850,91.1,28.4697,20.47678,8.60187,61536,25850,20.47678,8.60187,2021-04-12
1061,605,1650,87206,62597,26455,92.8,29.01875,20.82984,8.80319,62597,26455,20.82984,8.80319,2021-04-13
1159,692,1830,89036,63756,27147,87.2,29.62771,21.21551,9.03346,63756,27147,21.21551,9.03346,2021-04-14
1115,868,1974,91010,64871,28015,88.4,30.28458,21.58654,9.3223,64871,28015,21.58654,9.3223,2021-04-15
1241,1283,2483,93493,66112,29298,90.8,31.11082,21.99949,9.74923,66112,29298,21.99949,9.74923,2021-04-16
1602,1558,3112,96605,67714,30856,93.8,32.14637,22.53258,10.26767,67714,30856,22.53258,10.26767,2021-04-17
154,952,1096,97701,67868,31808,94.9,32.51108,22.58382,10.58446,67868,31808,22.58382,10.58446,2021-04-18
1116,909,1904,99605,68984,32717,94.9,33.14466,22.95518,10.88694,68984,32717,22.95518,10.88694,2021-04-19
1231,1130,2346,101951,70215,33847,97.1,33.92532,23.36481,11.26296,70215,33847,23.36481,11.26296,2021-04-20
988,928,1904,103855,71203,34775,90.2,34.55889,23.69358,11.57176,71203,34775,23.69358,11.57176,2021-04-21
1086,807,1875,105730,72289,35582,91.1,35.18282,24.05496,11.8403,72289,35582,24.05496,11.8403,2021-04-22
1418,703,2090,107820,73707,36285,92.9,35.87829,24.52681,12.07423,73707,36285,24.52681,12.07423,2021-04-23
732,1886,2589,110409,74439,38171,95.2,36.73981,24.77039,12.70182,74439,38171,24.77039,12.70182,2021-04-24
568,243,801,111210,75007,38414,95.8,37.00635,24.9594,12.78268,75007,38414,24.9594,12.78268,2021-04-25
855,359,1187,112397,75862,38773,95.5,37.40134,25.24391,12.90214,75862,38773,25.24391,12.90214,2021-04-26
493,1185,1634,114031,76355,39958,96.9,37.94507,25.40796,13.29646,76355,39958,25.40796,13.29646,2021-04-27
506,1233,1727,115758,76861,41191,90.2,38.51975,25.57634,13.70676,76861,41191,25.57634,13.70676,2021-04-28
928,1385,2285,118043,77789,42576,92.0,39.2801,25.88514,14.16763,77789,42576,25.88514,14.16763,2021-04-29
866,2157,2992,121035,78655,44733,94.4,40.27573,26.17332,14.8854,78655,44733,26.17332,14.8854,2021-04-30
443,2275,2684,123719,79098,47008,88.8,41.16886,26.32073,15.64243,79098,47008,26.32073,15.64243,2021-05-01
607,1341,1927,125646,79705,48349,90.2,41.81009,26.52271,16.08866,79705,48349,26.52271,16.08866,2021-05-02
2409,241,2579,128225,82114,48590,92.0,42.66828,27.32434,16.16886,82114,48590,27.32434,16.16886,2021-05-03
2627,198,2762,130987,84741,48788,94.0,43.58736,28.1985,16.23474,84741,48788,28.1985,16.23474,2021-05-04
2380,195,2527,133514,87121,48983,89.1,44.42825,28.99047,16.29963,87121,48983,28.99047,16.29963,2021-05-05
2145,701,2768,136282,89266,49684,90.9,45.34933,29.70424,16.5329,89266,49684,29.70424,16.5329,2021-05-06
2104,669,2707,138989,91370,50353,91.6,46.25012,30.40437,16.75551,91370,50353,30.40437,16.75551,2021-05-07
1788,1332,3054,142043,93158,51685,93.6,47.26637,30.99935,17.19875,93158,51685,30.99935,17.19875,2021-05-08
1989,148,2087,144130,95147,51833,95.0,47.96084,31.66121,17.248,95147,51833,31.66121,17.248,2021-05-09
2592,452,2969,147099,97739,52285,97.0,48.94881,32.52373,17.39841,97739,52285,32.52373,17.39841,2021-05-10
3037,358,3292,150391,100776,52643,99.1,50.04426,33.53432,17.51754,100776,52643,33.53432,17.51754,2021-05-11
2836,219,2939,153330,103612,52862,94.5,51.02224,34.47803,17.59041,103612,52862,34.47803,17.59041,2021-05-12
2661,561,3122,156452,106273,53423,96.4,52.06112,35.36351,17.77709,106273,53423,35.36351,17.77709,2021-05-13
1972,791,2699,159151,108245,54214,96.8,52.95924,36.01971,18.0403,108245,54214,36.01971,18.0403,2021-05-14
2658,485,3052,162203,110903,54699,98.6,53.97483,36.90419,18.20169,110903,54699,36.90419,18.20169,2021-05-15
1102,221,1287,163490,112005,54920,99.4,54.40309,37.27089,18.27523,112005,54920,37.27089,18.27523,2021-05-16
1769,1687,2267,165757,113774,56607,100.8,55.15746,37.85955,18.8366,113774,56607,37.85955,18.8366,2021-05-17
1036,1036,1694,167451,114810,57643,100.6,55.72116,38.20429,19.18134,114810,57643,38.20429,19.18134,2021-05-18
1984,513,2417,169868,116794,58156,96.0,56.52544,38.86449,19.35205,116794,58156,38.86449,19.35205,2021-05-19
2573,332,2764,172632,119367,58488,97.6,57.44519,39.72068,19.46252,119367,58488,39.72068,19.46252,2021-05-20
2140,533,2506,175138,121507,59021,97.4,58.27909,40.43279,19.63989,121507,59021,40.43279,19.63989,2021-05-21
4231,415,4411,179549,125738,59436,99.9,59.7469,41.8407,19.77798,125738,59436,41.8407,19.77798,2021-05-22
1795,48,1805,181354,127533,59484,100.9,60.34754,42.43801,19.79395,127533,59484,42.43801,19.79395,2021-05-23
1319,1311,2000,183354,128852,60795,97.5,61.01306,42.87692,20.2302,128852,60795,42.87692,20.2302,2021-05-24
1356,687,1994,185348,130208,61482,98.5,61.67658,43.32814,20.45881,130208,61482,43.32814,20.45881,2021-05-25
890,976,1664,187012,131098,62458,94.1,62.2303,43.6243,20.78359,131098,62458,43.6243,20.78359,2021-05-26
2033,947,2879,189891,133131,63405,95.6,63.18832,44.3008,21.09871,133131,63405,44.3008,21.09871,2021-05-27
2141,797,2690,192581,135272,64202,97.0,64.08344,45.01324,21.36392,135272,64202,45.01324,21.36392,2021-05-28
1997,568,2394,194975,137269,64770,98.2,64.88007,45.67777,21.55293,137269,64770,45.67777,21.55293,2021-05-29
1607,330,1895,196870,138876,65100,97.2,65.51066,46.21251,21.66274,138876,65100,46.21251,21.66274,2021-05-30
1971,489,2404,199274,140847,65589,98.3,66.31061,46.86839,21.82546,140847,65589,46.86839,21.82546,2021-05-31
2542,201,2669,201943,143389,65790,92.2,67.19875,47.71426,21.89235,143389,65790,47.71426,21.89235,2021-06-01
2772,147,2872,204815,146161,65937,93.5,68.15444,48.63668,21.94126,146161,65937,48.63668,21.94126,2021-06-02
2785,651,3367,208182,148946,66588,95.1,69.27485,49.56342,22.15789,148946,66588,49.56342,22.15789,2021-06-03
2676,526,3140,211322,151622,67114,94.6,70.31972,50.45389,22.33292,151622,67114,50.45389,22.33292,2021-06-04
2887,330,3064,214386,154509,67444,95.9,71.3393,51.41457,22.44273,154509,67444,51.41457,22.44273,2021-06-05
1807,376,2137,216523,156316,67820,96.2,72.05041,52.01587,22.56785,156316,67820,52.01587,22.56785,2021-06-06
1182,869,2008,218531,157498,68689,97.1,72.71859,52.40919,22.85702,157498,68689,52.40919,22.85702,2021-06-07
2212,2715,2913,221444,159710,71404,98.3,73.68792,53.14526,23.76047,159710,71404,53.14526,23.76047,2021-06-08
916,1005,1853,223297,160626,72409,93.3,74.30453,53.45007,24.09489,160626,72409,53.45007,24.09489,2021-06-09
1368,1413,2671,225968,161994,73822,94.5,75.19333,53.90528,24.56508,161994,73822,53.90528,24.56508,2021-06-10
2067,1557,3510,229478,164061,75379,95.6,76.36133,54.5931,25.08319,164061,75379,54.5931,25.08319,2021-06-11
5774,412,5979,235457,169835,75791,98.1,78.3509,56.51446,25.22029,169835,75791,56.51446,25.22029,2021-06-12
2655,445,2985,238442,172490,76236,99.3,79.34419,57.39794,25.36837,172490,76236,57.39794,25.36837,2021-06-13
567,1126,1663,240105,173057,77362,99.3,79.89758,57.58662,25.74306,173057,77362,57.58662,25.74306,2021-06-14
810,1500,2270,242375,173867,78862,100.3,80.65294,57.85615,26.2422,173867,78862,57.85615,26.2422,2021-06-15
1201,1010,2184,244559,175068,79872,95.5,81.37969,58.2558,26.57829,175068,79872,58.2558,26.57829,2021-06-16
958,1411,2333,246892,176026,81283,96.4,82.15602,58.57459,27.04781,176026,81283,58.57459,27.04781,2021-06-17
1336,1500,2799,249691,177362,82783,97.5,83.08742,59.01915,27.54695,177362,82783,59.01915,27.54695,2021-06-18
1359,1113,2387,252078,178721,83896,98.5,83.88172,59.47138,27.91732,178721,83896,59.47138,27.91732,2021-06-19
54,391,426,252504,178775,84287,96.5,84.02348,59.48934,28.04743,178775,84287,59.48934,28.04743,2021-06-20
1713,1298,2953,255457,180488,85585,97.6,85.00612,60.05936,28.47935,180488,85585,60.05936,28.47935,2021-06-21
698,2323,2994,258451,181186,87908,98.8,86.00241,60.29163,29.25235,181186,87908,60.29163,29.25235,2021-06-22
234,2600,2823,261274,181420,90508,92.3,86.94179,60.3695,30.11753,181420,90508,60.3695,30.11753,2021-06-23
489,2928,3377,264651,181909,93436,93.5,88.06553,60.53222,31.09186,181909,93436,60.53222,31.09186,2021-06-24
1548,1999,3471,268122,183457,95435,94.7,89.22054,61.04733,31.75704,183457,95435,61.04733,31.75704,2021-06-25
547,2646,3152,271274,184004,98081,94.9,90.2694,61.22935,32.63753,184004,98081,61.22935,32.63753,2021-06-26
1153,1249,2391,273665,185157,99330,95.7,91.06503,61.61303,33.05315,185157,99330,61.61303,33.05315,2021-06-27
1049,1927,2949,276614,186206,101257,96.8,92.04635,61.96209,33.69438,186206,101257,61.96209,33.69438,2021-06-28
421,2139,2520,279134,186627,103396,97.6,92.8849,62.10218,34.40615,186627,103396,62.10218,34.40615,2021-06-29
971,2154,3032,282166,187598,105550,93.0,93.89384,62.4253,35.12292,187598,105550,62.4253,35.12292,2021-06-30
297,2420,2691,284857,187895,107970,93.9,94.7893,62.52413,35.9282,187895,107970,62.52413,35.9282,2021-07-01
151,2605,2743,287600,188046,110575,93.9,95.70206,62.57437,36.79505,188046,110575,62.57437,36.79505,2021-07-02
605,2204,2770,290370,188651,112779,94.8,96.62381,62.77569,37.52845,188651,112779,62.77569,37.52845,2021-07-03
608,1582,2162,292532,189259,114361,92.5,97.34324,62.97801,38.05488,189259,114361,62.97801,38.05488,2021-07-04
47,2712,2752,295284,189306,117073,93.4,98.25899,62.99365,38.95733,189306,117073,62.99365,38.95733,2021-07-05
44,3052,3076,298360,189350,120125,94.4,99.28257,63.00829,39.97291,189350,120125,63.00829,39.97291,2021-07-06
63,2921,2977,301337,189413,123046,92.6,100.2732,63.02926,40.94491,189413,123046,63.02926,40.94491,2021-07-07
135,3344,3454,304791,189548,126390,93.6,101.42255,63.07418,42.05766,189548,126390,63.07418,42.05766,2021-07-08
186,3286,3454,308245,189734,129676,94.7,102.57191,63.13607,43.15111,189734,129676,63.13607,43.15111,2021-07-09
343,3427,3750,311995,190077,133103,95.2,103.81976,63.25021,44.29149,190077,133103,63.25021,44.29149,2021-07-10
186,2294,2470,314465,190263,135397,96.0,104.64168,63.3121,45.05484,190263,135397,63.3121,45.05484,2021-07-11
395,2348,2713,317178,190658,137745,96.8,105.54446,63.44354,45.83616,190658,137745,63.44354,45.83616,2021-07-12
343,2520,2838,320016,191001,140265,97.7,106.48884,63.55768,46.67472,191001,140265,63.55768,46.67472,2021-07-13
229,3243,3447,323463,191230,143508,96.0,107.63587,63.63388,47.75386,191230,143508,63.63388,47.75386,2021-07-14
233,3019,3235,326698,191463,146527,97.0,108.71235,63.71142,48.75847,191463,146527,63.71142,48.75847,2021-07-15
437,2787,3191,329889,191900,149314,97.9,109.77419,63.85683,49.68587,191900,149314,63.85683,49.68587,2021-07-16
333,2616,2889,332778,192233,151930,98.8,110.73553,63.96764,50.55638,192233,151930,63.96764,50.55638,2021-07-17
154,1809,1950,334728,192387,153739,97.1,111.38442,64.01889,51.15834,192387,153739,64.01889,51.15834,2021-07-18
570,2552,3084,337812,192957,156291,98.0,112.41065,64.20856,52.00755,192957,156291,64.20856,52.00755,2021-07-19
1081,1178,2204,340016,194038,157469,98.7,113.14406,64.56828,52.39954,194038,157469,64.56828,52.39954,2021-07-20
1734,2643,4280,344296,195772,160112,97.3,114.56828,65.14528,53.27903,195772,160112,65.14528,53.27903,2021-07-21
1665,2782,4337,348633,197437,162894,98.5,116.01146,65.69933,54.20477,197437,162894,65.69933,54.20477,2021-07-22
940,2070,2949,351582,198377,164964,99.3,116.99277,66.01213,54.89358,198377,164964,66.01213,54.89358,2021-07-23
771,2449,3166,354748,199148,167413,100.2,118.04629,66.26868,55.70851,199148,167413,66.26868,55.70851,2021-07-24
376,1673,2032,356780,199524,169086,100.8,118.72246,66.3938,56.26522,199524,169086,66.3938,56.26522,2021-07-25
1340,1204,2465,359245,200864,170290,101.5,119.54272,66.8397,56.66587,200864,170290,66.8397,56.66587,2021-07-26
1422,728,1978,361223,202286,171018,101.4,120.20092,67.31289,56.90812,202286,171018,67.31289,56.90812,2021-07-27
1194,1352,2473,363696,203480,172370,99.4,121.02384,67.71021,57.35801,203480,172370,67.71021,57.35801,2021-07-28
1661,916,2484,366180,205141,173286,100.1,121.85042,68.26292,57.66282,205141,173286,68.26292,57.66282,2021-07-29
1508,1274,2705,368885,206649,174560,100.9,122.75054,68.76472,58.08676,206649,174560,68.76472,58.08676,2021-07-30
811,1312,2019,370904,207460,175872,101.4,123.42238,69.03459,58.52334,207460,175872,69.03459,58.52334,2021-07-31
796,216,972,371876,208256,176088,101.7,123.74582,69.29947,58.59522,208256,176088,69.29947,58.59522,2021-08-01
1261,1537,2743,374619,209517,177625,102.4,124.65859,69.71908,59.10667,209517,177625,69.71908,59.10667,2021-08-02
1268,1017,2224,376843,210785,178642,102.1,125.39865,70.14102,59.44509,210785,178642,70.14102,59.44509,2021-08-03
994,1572,2538,379381,211779,180214,100.3,126.2432,70.47179,59.96819,211779,180214,70.47179,59.96819,2021-08-04
1681,683,2309,381690,213460,180897,100.9,127.01154,71.03116,60.19546,213460,180897,71.03116,60.19546,2021-08-05
1187,1256,2399,384089,214647,182153,101.5,127.80983,71.42615,60.61341,214647,182153,71.42615,60.61341,2021-08-06
1092,882,1944,386033,215739,183035,102.0,128.45672,71.78952,60.90691,215739,183035,71.78952,60.90691,2021-08-07
665,270,895,386928,216404,183305,101.6,128.75454,72.01081,60.99675,216404,183305,72.01081,60.99675,2021-08-08
1686,1819,3450,390378,218090,185124,101.2,129.90257,72.57184,61.60204,218090,185124,72.57184,61.60204,2021-08-09
721,1247,1928,392306,218811,186371,101.7,130.54413,72.81176,62.017,218811,186371,72.81176,62.017,2021-08-10
1212,890,2029,394335,220023,187261,99.8,131.2193,73.21507,62.31315,220023,187261,73.21507,62.31315,2021-08-11
1065,453,1468,395803,221088,187714,98.8,131.7078,73.56946,62.4639,221088,187714,73.56946,62.4639,2021-08-12
1156,434,1542,397345,222244,188148,99.2,132.22091,73.95413,62.60831,222244,188148,73.95413,62.60831,2021-08-13
727,921,1624,398969,222971,189069,99.6,132.76132,74.19605,62.91479,222971,189069,74.19605,62.91479,2021-08-14
0,0,0,398969,222971,189069,99.6,132.76132,74.19605,62.91479,222971,189069,74.19605,62.91479,2021-08-15
845,964,1791,400760,223816,190033,100.0,133.35729,74.47723,63.23557,223816,190033,74.47723,63.23557,2021-08-16
360,1333,1675,402435,224176,191366,100.4,133.91467,74.59703,63.67914,224176,191366,74.59703,63.67914,2021-08-17
366,1010,1352,403787,224542,192376,96.8,134.36456,74.71882,64.01523,224542,192376,74.71882,64.01523,2021-08-18
638,1683,2286,406073,225180,194059,97.4,135.12525,74.93112,64.57526,225180,194059,74.93112,64.57526,2021-08-19
529,1963,2465,408538,225709,196022,97.9,135.94551,75.10715,65.22847,225709,196022,75.10715,65.22847,2021-08-20
1157,1072,2176,410714,226866,197094,98.5,136.66959,75.49215,65.58519,226866,197094,75.49215,65.58519,2021-08-21
3,387,390,411104,226869,197481,98.6,136.79937,75.49315,65.71397,226869,197481,75.49315,65.71397,2021-08-22
285,1459,1730,412834,227154,198940,99.0,137.37505,75.58799,66.19947,227154,198940,75.58799,66.19947,2021-08-23
291,1466,1727,414561,227445,200406,97.6,137.94973,75.68482,66.6873,227445,200406,75.68482,66.6873,2021-08-24
355,1167,1511,416072,227800,201573,98.0,138.45253,75.80295,67.07563,227800,201573,75.80295,67.07563,2021-08-25
316,1419,1728,417800,228116,202992,94.5,139.02754,75.9081,67.54782,228116,202992,75.9081,67.54782,2021-08-26
439,1716,2133,419933,228555,204708,94.9,139.73732,76.05419,68.11884,228555,204708,76.05419,68.11884,2021-08-27
676,1088,1748,421681,229231,205796,95.3,140.31898,76.27913,68.48088,229231,205796,76.27913,68.48088,2021-08-28
120,1322,1433,423114,229351,207118,95.7,140.79583,76.31906,68.92079,229351,207118,76.31906,68.92079,2021-08-29
252,1479,1710,424824,229603,208597,96.1,141.36485,76.40292,69.41294,229603,208597,76.40292,69.41294,2021-08-30
323,1439,1752,426576,229926,210036,96.5,141.94785,76.5104,69.89179,229926,210036,76.5104,69.89179,2021-08-31
416,1459,1854,428430,230342,211495,96.1,142.56479,76.64883,70.37728,230342,211495,76.64883,70.37728,2021-09-01
333,1228,1533,429963,230675,212723,95.2,143.07491,76.75964,70.78591,230675,212723,76.75964,70.78591,2021-09-02
384,1390,1742,431705,231059,214113,95.6,143.65458,76.88742,71.24845,231059,214113,76.88742,71.24845,2021-09-03
710,966,1643,433348,231769,215079,96.0,144.20131,77.12368,71.5699,231769,215079,77.12368,71.5699,2021-09-04
7,7,7,433355,231776,215086,96.0,144.20364,77.12601,71.57223,231776,215086,77.12601,71.57223,2021-09-05
365,846,1203,434558,232141,215932,96.2,144.60395,77.24747,71.85374,232141,215932,77.24747,71.85374,2021-09-06
359,576,922,435480,232500,216508,94.7,144.91075,77.36693,72.04542,232500,216508,77.36693,72.04542,2021-09-07
259,733,980,436460,232759,217241,93.0,145.23686,77.45311,72.28933,232759,217241,77.45311,72.28933,2021-09-08
440,799,1221,437681,233199,218040,93.3,145.64316,77.59953,72.55521,233199,218040,77.59953,72.55521,2021-09-09
401,627,1012,438693,233600,218667,93.5,145.97991,77.73297,72.76385,233600,218667,77.73297,72.76385,2021-09-10
194,1055,1237,439930,233794,219722,93.8,146.39154,77.79752,73.11491,233794,219722,77.79752,73.11491,2021-09-11
357,47,391,440321,234151,219769,93.9,146.52165,77.91632,73.13055,234151,219769,77.91632,73.13055,2021-09-12
129,287,410,440731,234280,220056,94.0,146.65808,77.95924,73.22605,234280,220056,77.95924,73.22605,2021-09-13
179,381,550,441281,234459,220437,94.1,146.8411,78.01881,73.35283,234459,220437,78.01881,73.35283,2021-09-14
167,231,389,441670,234626,220668,93.5,146.97054,78.07438,73.4297,234626,220668,78.07438,73.4297,2021-09-15
163,229,385,442055,234789,220897,92.4,147.09866,78.12862,73.5059,234789,220897,78.12862,73.5059,2021-09-16
276,479,742,442797,235065,221376,92.7,147.34557,78.22046,73.6653,235065,221376,78.22046,73.6653,2021-09-17
484,853,1322,444119,235549,222229,93.0,147.78548,78.38152,73.94914,235549,222229,78.38152,73.94914,2021-09-18
13,2,15,444134,235562,222231,93.0,147.79047,78.38584,73.94981,235562,222231,78.38584,73.94981,2021-09-19
413,371,767,444901,235975,222602,93.2,148.04569,78.52327,74.07326,235975,222602,78.52327,74.07326,2021-09-20
219,356,566,445467,236194,222958,93.3,148.23404,78.59615,74.19172,236194,222958,78.59615,74.19172,2021-09-21
246,321,554,446021,236440,223279,91.6,148.41839,78.67801,74.29854,236440,223279,78.67801,74.29854,2021-09-22
194,269,459,446480,236634,223548,91.7,148.57112,78.74256,74.38805,236634,223548,78.74256,74.38805,2021-09-23
255,489,729,447209,236889,224037,91.9,148.81371,78.82742,74.55077,236889,224037,78.82742,74.55077,2021-09-24
270,646,906,448115,237159,224683,92.1,149.11519,78.91726,74.76574,237159,224683,78.91726,74.76574,2021-09-25
0,0,0,448115,237159,224683,92.1,149.11519,78.91726,74.76574,237159,224683,78.91726,74.76574,2021-09-26
275,300,566,448681,237434,224983,92.2,149.30353,79.00877,74.86556,237434,224983,79.00877,74.86556,2021-09-27
213,310,511,449192,237647,225293,93.1,149.47357,79.07965,74.96872,237647,225293,79.07965,74.96872,2021-09-28
181,215,391,449583,237828,225508,90.1,149.60368,79.13988,75.04026,237828,225508,79.13988,75.04026,2021-09-29
270,373,636,450219,238098,225881,90.2,149.81532,79.22972,75.16438,238098,225881,79.22972,75.16438,2021-09-30
272,399,659,450878,238370,226280,90.4,150.03461,79.32024,75.29716,238370,226280,79.32024,75.29716,2021-10-01
152,264,410,451288,238522,226544,90.4,150.17104,79.37082,75.385,238522,226544,79.37082,75.385,2021-10-02
0,0,0,451288,238522,226544,90.4,150.17104,79.37082,75.385,238522,226544,79.37082,75.385,2021-10-03
102,407,502,451790,238624,226951,90.5,150.33809,79.40476,75.52044,238624,226951,79.40476,75.52044,2021-10-04
102,183,280,452070,238726,227134,90.6,150.43126,79.4387,75.58133,238726,227134,79.4387,75.58133,2021-10-05
177,150,322,452392,238903,227284,89.4,150.53841,79.4976,75.63125,238903,227284,79.4976,75.63125,2021-10-06
159,173,328,452720,239062,227457,89.5,150.64755,79.55051,75.68882,239062,227457,79.55051,75.68882,2021-10-07
259,272,527,453247,239321,227729,89.6,150.82292,79.63669,75.77933,239321,227729,79.63669,75.77933,2021-10-08
254,461,702,453949,239575,228190,89.7,151.05652,79.72121,75.93273,239575,228190,79.72121,75.93273,2021-10-09
4,2,4,453953,239579,228192,89.7,151.05785,79.72254,75.93339,239579,228192,79.72254,75.93339,2021-10-10
238,350,585,454538,239817,228542,89.8,151.25251,79.80174,76.04986,239817,228542,79.80174,76.04986,2021-10-11
244,214,449,454987,240061,228756,89.9,151.40192,79.88293,76.12107,240061,228756,79.88293,76.12107,2021-10-12
237,230,463,455450,240298,228986,90.0,151.55599,79.9618,76.19761,240298,228986,79.9618,76.19761,2021-10-13
213,191,400,455850,240511,229177,90.1,151.68909,80.03268,76.26116,240511,229177,80.03268,76.26116,2021-10-14
252,245,489,456339,240763,229422,90.2,151.85181,80.11653,76.34269,240763,229422,80.11653,76.34269,2021-10-15
259,307,553,456892,241022,229729,90.3,152.03583,80.20272,76.44485,241022,229729,80.20272,76.44485,2021-10-16
2,2,4,456896,241024,229731,90.3,152.03716,80.20338,76.44551,241024,229731,80.20338,76.44551,2021-10-17
193,270,452,457348,241217,230001,90.4,152.18757,80.26761,76.53536,241217,230001,80.26761,76.53536,2021-10-18
111,177,285,457633,241328,230178,90.4,152.28241,80.30454,76.59426,241328,230178,80.30454,76.59426,2021-10-19
169,174,331,457964,241497,230352,90.5,152.39255,80.36078,76.65216,241497,230352,80.36078,76.65216,2021-10-20
163,289,450,458414,241660,230641,90.6,152.54229,80.41502,76.74833,241660,230641,80.41502,76.74833,2021-10-21
108,229,334,458748,241768,230870,90.7,152.65344,80.45096,76.82453,241768,230870,80.45096,76.82453,2021-10-22
113,153,265,459013,241881,231023,90.7,152.74162,80.48856,76.87544,241881,231023,80.48856,76.87544,2021-10-23
0,0,0,459013,241881,231023,90.7,152.74162,80.48856,76.87544,241881,231023,80.48856,76.87544,2021-10-24
121,118,236,459249,242002,231141,90.8,152.82015,80.52882,76.91471,242002,231141,80.52882,76.91471,2021-10-25
60,104,158,459407,242062,231245,90.8,152.87273,80.54879,76.94931,242062,231245,80.54879,76.94931,2021-10-26
100,177,272,459679,242162,231422,90.8,152.96324,80.58207,77.00821,242162,231422,80.58207,77.00821,2021-10-27
92,138,221,459900,242254,231560,90.9,153.03678,80.61268,77.05413,242254,231560,80.61268,77.05413,2021-10-28
88,242,324,460224,242342,231802,90.9,153.14459,80.64196,77.13466,242342,231802,80.64196,77.13466,2021-10-29
87,203,280,460504,242429,232005,91.0,153.23776,80.67091,77.20221,242429,232005,80.67091,77.20221,2021-10-30
0,0,0,460504,242429,232005,91.0,153.23776,80.67091,77.20221,242429,232005,80.67091,77.20221,2021-10-31
29,56,83,460587,242458,232061,91.0,153.26538,80.68056,77.22085,242458,232061,80.68056,77.22085,2021-11-01
66,258,324,460911,242524,232319,91.1,153.3732,80.70252,77.3067,242524,232319,80.70252,77.3067,2021-11-02
65,220,282,461193,242589,232539,91.1,153.46704,80.72415,77.37991,242589,232539,80.72415,77.37991,2021-11-03
79,198,272,461465,242668,232737,91.2,153.55755,80.75044,77.44579,242668,232737,80.75044,77.44579,2021-11-04
93,187,279,461744,242761,232924,91.2,153.65039,80.78139,77.50802,242761,232924,80.78139,77.50802,2021-11-05
79,237,314,462058,242840,233161,91.3,153.75487,80.80768,77.58688,242840,233161,80.80768,77.58688,2021-11-06
1,0,1,462059,242841,233161,91.3,153.75521,80.80801,77.58688,242841,233161,80.80801,77.58688,2021-11-07
79,192,262,462321,242920,233353,91.4,153.84239,80.8343,77.65077,242920,233353,80.8343,77.65077,2021-11-08
88,116,203,462524,243008,233469,91.4,153.90994,80.86358,77.68937,243008,233469,80.86358,77.68937,2021-11-09
91,156,245,462769,243099,233625,91.4,153.99147,80.89386,77.74128,243099,233625,80.89386,77.74128,2021-11-10
107,140,245,463014,243206,233765,91.5,154.07299,80.92947,77.78787,243206,233765,80.92947,77.78787,2021-11-11
103,137,240,463254,243309,233902,91.5,154.15286,80.96374,77.83346,243309,233902,80.96374,77.83346,2021-11-12
137,115,250,463504,243446,234017,91.6,154.23605,81.00933,77.87173,243446,234017,81.00933,77.87173,2021-11-13
0,0,0,463504,243446,234017,91.6,154.23605,81.00933,77.87173,243446,234017,81.00933,77.87173,2021-11-14
60,122,179,463683,243506,234139,91.6,154.29561,81.0293,77.91232,243506,234139,81.0293,77.91232,2021-11-15
79,105,180,463863,243585,234244,91.7,154.35551,81.05558,77.94726,243585,234244,81.05558,77.94726,2021-11-16
74,76,150,464013,243659,234320,91.7,154.40542,81.08021,77.97255,243659,234320,81.08021,77.97255,2021-11-17
106,102,207,464220,243765,234422,91.7,154.4743,81.11548,78.0065,243765,234422,81.11548,78.0065,2021-11-18
91,95,184,464404,243856,234517,91.8,154.53553,81.14576,78.03811,243856,234517,81.14576,78.03811,2021-11-19
118,112,228,464632,243974,234629,91.8,154.6114,81.18503,78.07538,243974,234629,81.18503,78.07538,2021-11-20
0,0,0,464632,243974,234629,91.8,154.6114,81.18503,78.07538,243974,234629,81.18503,78.07538,2021-11-21
117,95,211,464843,244091,234724,88.3,154.68161,81.22396,78.10699,244091,234724,81.22396,78.10699,2021-11-22
74,107,181,465024,244165,234831,88.4,154.74184,81.24859,78.14259,244165,234831,81.24859,78.14259,2021-11-23
89,133,221,465245,244254,234964,88.4,154.81538,81.2782,78.18685,244254,234964,81.2782,78.18685,2021-11-24
124,91,214,465459,244378,235055,88.5,154.8866,81.31946,78.21713,244378,235055,81.31946,78.21713,2021-11-25
130,111,241,465700,244508,235166,88.5,154.96679,81.36272,78.25407,244508,235166,81.36272,78.25407,2021-11-26
142,131,270,465970,244650,235297,88.6,155.05664,81.40997,78.29766,244650,235297,81.40997,78.29766,2021-11-27
4,2,6,465976,244654,235299,88.6,155.05863,81.41131,78.29833,244654,235299,81.41131,78.29833,2021-11-28
135,97,232,466208,244789,235396,88.6,155.13583,81.45623,78.3306,244789,235396,81.45623,78.3306,2021-11-29
100,103,202,466410,244889,235499,88.6,155.20305,81.4895,78.36488,244889,235499,81.4895,78.36488,2021-11-30
111,99,210,466620,245000,235598,86.4,155.27293,81.52644,78.39782,245000,235598,81.52644,78.39782,2021-12-01
166,152,318,466938,245166,235750,85.8,155.37875,81.58168,78.4484,245166,235750,81.58168,78.4484,2021-12-02
136,117,251,467189,245302,235867,85.9,155.46227,81.62694,78.48734,245302,235867,81.62694,78.48734,2021-12-03
126,146,271,467460,245428,236013,85.9,155.55245,81.66886,78.53592,245428,236013,81.66886,78.53592,2021-12-04
0,0,0,467460,245428,236013,85.9,155.55245,81.66886,78.53592,245428,236013,81.66886,78.53592,2021-12-05
198,100,298,467758,245626,236113,86.0,155.65161,81.73475,78.56919,245626,236113,81.73475,78.56919,2021-12-06
171,105,275,468033,245797,236218,86.0,155.74312,81.79165,78.60413,245797,236218,81.79165,78.60413,2021-12-07
153,49,201,468234,245950,236267,86.1,155.81001,81.84256,78.62044,245950,236267,81.84256,78.62044,2021-12-08
246,147,385,468619,246196,236414,86.1,155.93812,81.92442,78.66936,246196,236414,81.92442,78.66936,2021-12-09
118,87,202,468821,246314,236501,85.6,156.00534,81.96369,78.69831,246314,236501,81.96369,78.69831,2021-12-10
93,88,179,469000,246407,236589,85.6,156.0649,81.99464,78.72759,246407,236589,81.99464,78.72759,2021-12-11
8,4,12,469012,246415,236593,85.6,156.06889,81.9973,78.72892,246415,236593,81.9973,78.72892,2021-12-12
113,87,199,469211,246528,236680,85.7,156.13511,82.0349,78.75787,246528,236680,82.0349,78.75787,2021-12-13
93,45,137,469348,246621,236725,85.7,156.1807,82.06585,78.77284,246621,236725,82.06585,78.77284,2021-12-14
118,69,187,469535,246739,236794,83.5,156.24293,82.10511,78.7958,246739,236794,82.10511,78.7958,2021-12-15
165,71,234,469769,246904,236865,83.0,156.32079,82.16002,78.81943,246904,236865,82.16002,78.81943,2021-12-16
156,106,258,470027,247060,236971,83.0,156.40665,82.21193,78.8547,247060,236971,82.21193,78.8547,2021-12-17
0,0,0,470027,247060,236971,83.0,156.40665,82.21193,78.8547,247060,236971,82.21193,78.8547,2021-12-18
187,96,23359,493386,247247,237067,99.6,164.17961,82.27416,78.88665,247247,237067,82.27416,78.88665,2021-12-19
188,96,23360,516746,247435,237163,99.6,171.95291,82.33671,78.91859,247435,237163,82.33671,78.91859,2021-12-20
187,96,23360,540106,247622,237259,99.6,179.7262,82.39894,78.95054,247622,237259,82.39894,78.95054,2021-12-21
188,96,23360,563466,247810,237355,99.6,187.4995,82.4615,78.98248,247810,237355,82.4615,78.98248,2021-12-22
288,231,4542,568008,248098,237586,98.5,189.0109,82.55733,79.05935,248098,237586,82.55733,79.05935,2021-12-23
61,27,639,568647,248159,237613,98.6,189.22354,82.57763,79.06834,248159,237613,82.57763,79.06834,2021-12-24
1,6,133,568780,248160,237619,98.6,189.26779,82.57797,79.07033,248160,237619,82.57797,79.07033,2021-12-25
0,-3,5,568785,248160,237616,98.6,189.26946,82.57797,79.06933,248160,237616,82.57797,79.06933,2021-12-26
67,262,1939,570724,248227,237878,98.9,189.91468,82.60026,79.15652,248227,237878,82.60026,79.15652,2021-12-27
113,152,2950,573674,248340,238030,99.5,190.89632,82.63786,79.2071,248340,238030,82.63786,79.2071,2021-12-28
246,157,2982,576656,248586,238187,100.0,191.88862,82.71972,79.25934,248586,238187,82.71972,79.25934,2021-12-29
179,163,2492,579148,248765,238350,100.4,192.71786,82.77929,79.31358,248765,238350,82.77929,79.31358,2021-12-30
263,153,3386,582534,249028,238503,101.0,193.84459,82.8668,79.36449,249028,238503,82.8668,79.36449,2021-12-31
10,-28,250,582784,249038,238475,101.0,193.92778,82.87013,79.35518,249038,238475,82.87013,79.35518,2022-01-01
395,4,427,583211,249433,238479,101.1,194.06987,83.00157,79.35651,249433,238479,83.00157,79.35651,2022-01-02
89,179,1693,584904,249522,238658,100.6,194.63323,83.03119,79.41607,249522,238658,83.03119,79.41607,2022-01-03
189,171,4433,589337,249711,238829,101.3,196.10836,83.09408,79.47297,249711,238829,83.09408,79.47297,2022-01-04
240,140,3382,592719,249951,238969,99.1,197.23376,83.17394,79.51956,249951,238969,83.17394,79.51956,2022-01-05
928,60,2461,595180,250879,239029,99.5,198.05268,83.48274,79.53953,250879,239029,83.48274,79.53953,2022-01-06
623,184,2201,597381,251502,239213,99.9,198.78509,83.69005,79.60075,251502,239213,83.69005,79.60075,2022-01-07
159,272,2929,600310,251661,239485,100.4,199.75975,83.74296,79.69126,251661,239485,83.74296,79.69126,2022-01-08
386,14,1637,601947,252047,239499,100.6,200.30448,83.87141,79.69592,252047,239499,83.87141,79.69592,2022-01-09
675,479,2910,604857,252722,239978,101.1,201.27281,84.09602,79.85532,252722,239978,84.09602,79.85532,2022-01-10
186,148,3066,607923,252908,240126,101.6,202.29306,84.15792,79.90456,252908,240126,84.15792,79.90456,2022-01-11
271,251,2926,610849,253179,240377,99.4,203.26671,84.24809,79.98809,253179,240377,84.24809,79.98809,2022-01-12
172,172,2935,613784,253351,240549,99.1,204.24337,84.30533,80.04532,253351,240549,84.30533,80.04532,2022-01-13
404,225,3077,616861,253755,240774,99.6,205.26727,84.43976,80.12019,253755,240774,84.43976,80.12019,2022-01-14
222,121,2683,619544,253977,240895,100.1,206.16007,84.51364,80.16046,253977,240895,84.51364,80.16046,2022-01-15
464,-4,1458,621002,254441,240891,100.3,206.64524,84.66804,80.15913,254441,240891,84.66804,80.15913,2022-01-16
113,155,2484,623486,254554,241046,100.7,207.47182,84.70564,80.2107,254554,241046,84.70564,80.2107,2022-01-17
162,161,2923,626409,254716,241207,101.2,208.44448,84.75955,80.26428,254716,241207,84.75955,80.26428,2022-01-18
282,256,3083,629492,254998,241463,99.6,209.47038,84.85339,80.34947,254998,241463,84.85339,80.34947,2022-01-19
173,211,2494,631986,255171,241674,99.3,210.30028,84.91095,80.41968,255171,241674,84.91095,80.41968,2022-01-20
381,256,3272,635258,255552,241930,99.8,211.38908,85.03774,80.50486,255552,241930,85.03774,80.50486,2022-01-21
72,76,3134,638392,255624,242006,100.3,212.43195,85.06169,80.53015,255624,242006,85.06169,80.53015,2022-01-22
575,469,1603,639995,256199,242475,100.6,212.96537,85.25303,80.68622,256199,242475,85.25303,80.68622,2022-01-23
165,175,1999,641994,256364,242650,100.9,213.63056,85.30794,80.74445,256364,242650,85.30794,80.74445,2022-01-24
150,190,2732,644726,256514,242840,100.8,214.53966,85.35785,80.80768,256514,242840,85.35785,80.80768,2022-01-25
171,340,3135,647861,256685,243180,100.8,215.58286,85.41475,80.92082,256685,243180,85.41475,80.92082,2022-01-26
60,74,1184,649045,256745,243254,100.2,215.97685,85.43472,80.94544,256745,243254,85.43472,80.94544,2022-01-27
168,775,3215,652260,256913,244029,100.7,217.04668,85.49062,81.20333,256913,244029,85.49062,81.20333,2022-01-28
164,226,2800,655060,257077,244255,101.2,217.97841,85.5452,81.27853,257077,244255,85.5452,81.27853,2022-01-29
450,479,2062,657122,257527,244734,101.5,218.66456,85.69494,81.43793,257527,244734,85.69494,81.43793,2022-01-30
236,1035,3998,661120,257763,245769,102.1,219.99494,85.77347,81.78233,257763,245769,85.77347,81.78233,2022-01-31
152,213,3501,664621,257915,245982,102.6,221.15994,85.82405,81.85321,257915,245982,85.82405,81.85321,2022-02-01
62,273,2110,666731,257977,246255,101.7,221.86206,85.84468,81.94406,257977,246255,85.84468,81.94406,2022-02-02
215,281,3242,669973,258192,246536,101.4,222.94088,85.91622,82.03756,258192,246536,85.91622,82.03756,2022-02-03
137,257,832,670805,258329,246793,101.6,223.21773,85.96181,82.12308,258329,246793,85.96181,82.12308,2022-02-04
147,427,3767,674572,258476,247220,102.1,224.47124,86.01073,82.26517,258476,247220,86.01073,82.26517,2022-02-05
145,342,1060,675632,258621,247562,102.3,224.82397,86.05898,82.37897,258621,247562,86.05898,82.37897,2022-02-06
56,199,1305,676937,258677,247761,102.5,225.25822,86.07761,82.44519,258677,247761,86.07761,82.44519,2022-02-07
46,129,1140,678077,258723,247890,102.7,225.63757,86.09292,82.48812,258723,247890,86.09292,82.48812,2022-02-08
164,322,1586,679663,258887,248212,100.4,226.16533,86.14749,82.59527,258887,248212,86.14749,82.59527,2022-02-09
89,188,905,680568,258976,248400,100.5,226.46648,86.17711,82.65783,258976,248400,86.17711,82.65783,2022-02-10
204,392,1565,682133,259180,248792,100.8,226.98725,86.24499,82.78827,259180,248792,86.24499,82.78827,2022-02-11
104,154,1485,683618,259284,248946,101.0,227.4814,86.2796,82.83952,259284,248946,86.2796,82.83952,2022-02-12
75,505,707,684325,259359,249451,101.1,227.71666,86.30456,83.00756,259359,249451,86.30456,83.00756,2022-02-13
2,61,51,684376,259361,249512,101.1,227.73363,86.30522,83.02786,259361,249512,86.30522,83.02786,2022-02-14
43,167,894,685270,259404,249679,101.2,228.03112,86.31953,83.08343,259404,249679,86.31953,83.08343,2022-02-15
96,325,1854,687124,259500,250004,87.1,228.64806,86.35148,83.19158,259500,250004,86.35148,83.19158,2022-02-16
46,171,727,687851,259546,250175,100.7,228.88998,86.36678,83.24848,259546,250175,86.36678,83.24848,2022-02-17
154,224,1022,688873,259700,250399,100.9,229.23006,86.41803,83.32302,259700,250399,86.41803,83.32302,2022-02-18
63,193,1049,689922,259763,250592,101.1,229.57912,86.43899,83.38724,259763,250592,86.43899,83.38724,2022-02-19
23,241,293,690215,259786,250833,101.1,229.67662,86.44665,83.46744,259786,250833,86.44665,83.46744,2022-02-20
28,131,663,690878,259814,250964,101.2,229.89724,86.45596,83.51103,259814,250964,86.45596,83.51103,2022-02-21
25,110,554,691432,259839,251074,101.3,230.08159,86.46428,83.54763,259839,251074,86.46428,83.54763,2022-02-22
38,163,688,692120,259877,251237,99.7,230.31053,86.47693,83.60187,259877,251237,86.47693,83.60187,2022-02-23
20,122,494,692614,259897,251359,99.7,230.47492,86.48358,83.64247,259897,251359,86.48358,83.64247,2022-02-24
99,236,776,693390,259996,251595,99.8,230.73314,86.51652,83.721,259996,251595,86.51652,83.721,2022-02-25
31,225,859,694249,260027,251820,100.0,231.01898,86.52684,83.79587,260027,251820,86.52684,83.79587,2022-02-26
0,10,1,694250,260027,251830,100.0,231.01931,86.52684,83.7992,260027,251830,86.52684,83.7992,2022-02-27
16,95,488,694738,260043,251925,100.0,231.1817,86.53216,83.83081,260043,251925,86.53216,83.83081,2022-02-28
17,72,332,695070,260060,251997,99.4,231.29218,86.53782,83.85477,260060,251997,86.53782,83.85477,2022-03-01
17,124,419,695489,260077,252121,98.0,231.4316,86.54348,83.89603,260077,252121,86.54348,83.89603,2022-03-02
10,140,389,695878,260087,252261,98.0,231.56105,86.54681,83.94262,260087,252261,86.54681,83.94262,2022-03-03
67,174,551,696429,260154,252435,98.1,231.7444,86.5691,84.00052,260154,252435,86.5691,84.00052,2022-03-04
27,250,655,697084,260181,252685,98.2,231.96236,86.57809,84.08371,260181,252685,86.57809,84.08371,2022-03-05
1,13,15,697099,260182,252698,98.2,231.96735,86.57842,84.08804,260182,252698,86.57842,84.08804,2022-03-06
18,56,315,697414,260200,252754,98.2,232.07217,86.58441,84.10667,260200,252754,86.58441,84.10667,2022-03-07
