delta_1d,delta_2d,delta_all,sum_doses,sum_1d,sum_2d,perc_doses,perc_inh_tot,perc_inh_1d,perc_inh_2d,sum_monotone_1d,sum_monotone_2d,perc_inh_monotone_1d,perc_inh_monotone_2d,date
0,0,0,0,0,0,0,0,0,0,0,0,0,0,2020-12-26
144,0,144,144,144,0,99.3,0.02699,0.02699,0.0,144,0,0.02699,0.0,2020-12-27
0,0,0,144,144,0,99.3,0.02699,0.02699,0.0,144,0,0.02699,0.0,2020-12-28
0,0,0,144,144,0,99.3,0.02699,0.02699,0.0,144,0,0.02699,0.0,2020-12-29
388,0,388,532,532,0,366.9,0.09973,0.09973,0.0,532,0,0.09973,0.0,2020-12-30
912,0,912,1444,1444,0,24.1,0.2707,0.2707,0.0,1444,0,0.2707,0.0,2020-12-31
6,0,6,1450,1450,0,24.2,0.27182,0.27182,0.0,1450,0,0.27182,0.0,2021-01-01
91,0,91,1541,1541,0,25.7,0.28888,0.28888,0.0,1541,0,0.28888,0.0,2021-01-02
41,0,41,1582,1582,0,26.4,0.29657,0.29657,0.0,1582,0,0.29657,0.0,2021-01-03
508,0,508,2090,2090,0,34.9,0.3918,0.3918,0.0,2090,0,0.3918,0.0,2021-01-04
830,0,830,2920,2920,0,48.7,0.54739,0.54739,0.0,2920,0,0.54739,0.0,2021-01-05
59,0,59,2979,2979,0,49.7,0.55845,0.55845,0.0,2979,0,0.55845,0.0,2021-01-06
917,0,917,3896,3896,0,30.4,0.73036,0.73036,0.0,3896,0,0.73036,0.0,2021-01-07
1521,0,1521,5417,5417,0,42.3,1.01549,1.01549,0.0,5417,0,1.01549,0.0,2021-01-08
612,0,612,6029,6029,0,47.0,1.13021,1.13021,0.0,6029,0,1.13021,0.0,2021-01-09
2,0,2,6031,6031,0,47.0,1.13059,1.13059,0.0,6031,0,1.13059,0.0,2021-01-10
1569,0,1569,7600,7600,0,38.7,1.42472,1.42472,0.0,7600,0,1.42472,0.0,2021-01-11
1709,0,1709,9309,9309,0,47.4,1.74509,1.74509,0.0,9309,0,1.74509,0.0,2021-01-12
1691,0,1691,11000,11000,0,56.0,2.06209,2.06209,0.0,11000,0,2.06209,0.0,2021-01-13
1946,0,1946,12946,12946,0,65.9,2.42689,2.42689,0.0,12946,0,2.42689,0.0,2021-01-14
3282,0,3282,16228,16228,0,82.6,3.04215,3.04215,0.0,16228,0,3.04215,0.0,2021-01-15
2840,0,2840,19068,19068,0,97.1,3.57454,3.57454,0.0,19068,0,3.57454,0.0,2021-01-16
2317,11,2328,21396,21385,11,108.9,4.01096,4.00889,0.00206,21385,11,4.00889,0.00206,2021-01-17
1767,5,1772,23168,23152,16,117.9,4.34314,4.34014,0.003,23152,16,4.34014,0.003,2021-01-18
723,130,853,24021,23875,146,122.3,4.50305,4.47568,0.02737,23875,146,4.47568,0.02737,2021-01-19
409,208,617,24638,24284,354,125.4,4.61871,4.55235,0.06636,24284,354,4.55235,0.06636,2021-01-20
139,813,952,25590,24423,1167,110.5,4.79717,4.57841,0.21877,24423,1167,4.57841,0.21877,2021-01-21
124,124,248,25838,24547,1291,111.6,4.84367,4.60165,0.24201,24547,1291,4.60165,0.24201,2021-01-22
0,197,197,26035,24547,1488,112.4,4.8806,4.60165,0.27894,24547,1488,4.60165,0.27894,2021-01-23
0,12,12,26047,24547,1500,112.5,4.88285,4.60165,0.28119,24547,1500,4.60165,0.28119,2021-01-24
3,484,487,26534,24550,1984,114.6,4.97414,4.60221,0.37193,24550,1984,4.60221,0.37193,2021-01-25
1,809,810,27344,24551,2793,84.1,5.12598,4.6024,0.52358,24551,2793,4.6024,0.52358,2021-01-26
1,83,84,27428,24552,2876,84.4,5.14173,4.60259,0.53914,24552,2876,4.60259,0.53914,2021-01-27
10,861,871,28299,24562,3737,87.0,5.30501,4.60446,0.70055,24562,3737,4.60446,0.70055,2021-01-28
24,1473,1497,29796,24586,5210,91.6,5.58564,4.60896,0.97668,24586,5210,4.60896,0.97668,2021-01-29
4,494,498,30294,24590,5704,93.2,5.679,4.60971,1.06929,24590,5704,4.60971,1.06929,2021-01-30
0,0,0,30294,24590,5704,93.2,5.679,4.60971,1.06929,24590,5704,4.60971,1.06929,2021-01-31
12,1439,1451,31745,24602,7143,95.9,5.95101,4.61196,1.33905,24602,7143,4.61196,1.33905,2021-02-01
8,1737,1745,33490,24610,8880,81.1,6.27813,4.61346,1.66467,24610,8880,4.61346,1.66467,2021-02-02
5,1498,1503,34993,24615,10378,84.7,6.55989,4.6144,1.94549,24615,10378,4.6144,1.94549,2021-02-03
8,1950,1958,36951,24623,12328,89.5,6.92694,4.6159,2.31104,24623,12328,4.6159,2.31104,2021-02-04
8,3187,3195,40146,24631,15515,97.2,7.52588,4.6174,2.90849,24631,15515,4.6174,2.90849,2021-02-05
19,2607,2626,42772,24650,18122,103.6,8.01816,4.62096,3.3972,24650,18122,4.62096,3.3972,2021-02-06
14,2347,2361,45133,24664,20469,109.3,8.46076,4.62358,3.83718,24664,20469,4.62358,3.83718,2021-02-07
1,1,2,45135,24665,20470,109.3,8.46114,4.62377,3.83736,24665,20470,4.62377,3.83736,2021-02-08
1,316,317,45452,24666,20786,104.7,8.52056,4.62396,3.8966,24666,20786,4.62396,3.8966,2021-02-09
26,1609,1635,47087,24692,22395,97.9,8.82706,4.62883,4.19823,24692,22395,4.62883,4.19823,2021-02-10
239,853,1092,48179,24931,23248,100.2,9.03177,4.67364,4.35814,24931,23248,4.67364,4.35814,2021-02-11
482,248,730,48909,25413,23496,101.7,9.16862,4.76399,4.40463,25413,23496,4.76399,4.40463,2021-02-12
312,6,318,49227,25725,23502,95.6,9.22823,4.82248,4.40575,25725,23502,4.82248,4.40575,2021-02-13
297,0,297,49524,26022,23502,96.2,9.28391,4.87816,4.40575,26022,23502,4.87816,4.40575,2021-02-14
26,46,72,49596,26048,23548,96.3,9.29741,4.88303,4.41438,26048,23548,4.88303,4.41438,2021-02-15
530,0,530,50126,26578,23548,97.4,9.39676,4.98239,4.41438,26578,23548,4.98239,4.41438,2021-02-16
139,17,156,50282,26717,23565,97.7,9.42601,5.00845,4.41756,26717,23565,5.00845,4.41756,2021-02-17
1832,7,1839,52121,28549,23572,92.8,9.77075,5.35188,4.41887,28549,23572,5.35188,4.41887,2021-02-18
2241,11,2252,54373,30790,23583,96.8,10.19292,5.77198,4.42094,30790,23583,5.77198,4.42094,2021-02-19
1784,18,1802,56175,32574,23601,93.1,10.53073,6.10642,4.42431,32574,23601,6.10642,4.42431,2021-02-20
0,0,0,56175,32574,23601,93.1,10.53073,6.10642,4.42431,32574,23601,6.10642,4.42431,2021-02-21
514,12,526,56701,33088,23613,93.9,10.62933,6.20277,4.42656,33088,23613,6.20277,4.42656,2021-02-22
763,6,769,57470,33851,23619,86.8,10.77349,6.34581,4.42769,33851,23619,6.34581,4.42769,2021-02-23
1355,12,1367,58837,35206,23631,88.9,11.02975,6.59982,4.42993,35206,23631,6.59982,4.42993,2021-02-24
1497,1,1498,60335,36703,23632,91.1,11.31057,6.88045,4.43012,36703,23632,6.88045,4.43012,2021-02-25
1495,31,1526,61861,38198,23663,93.4,11.59664,7.16071,4.43593,38198,23663,7.16071,4.43593,2021-02-26
2447,10,2457,64318,40645,23673,92.1,12.05724,7.61943,4.43781,40645,23673,7.61943,4.43781,2021-02-27
0,0,0,64318,40645,23673,89.4,12.05724,7.61943,4.43781,40645,23673,7.61943,4.43781,2021-02-28
921,1,922,65240,41566,23674,90.7,12.23008,7.79208,4.438,41566,23674,7.79208,4.438,2021-03-01
693,2,695,65935,42259,23676,84.8,12.36036,7.92199,4.43837,42259,23676,7.92199,4.43837,2021-03-02
1165,13,1178,67113,43424,23689,86.3,12.58119,8.14039,4.44081,43424,23689,8.14039,4.44081,2021-03-03
1481,229,1710,68823,44905,23918,88.5,12.90176,8.41802,4.48374,44905,23918,8.41802,4.48374,2021-03-04
1397,442,1839,70662,46302,24360,90.9,13.2465,8.67991,4.5666,46302,24360,8.67991,4.5666,2021-03-05
3758,211,3969,74631,50060,24571,96.0,13.99054,9.38439,4.60615,50060,24571,9.38439,4.60615,2021-03-06
9,105,114,74745,50069,24676,96.1,14.01191,9.38608,4.62583,50069,24676,9.38608,4.62583,2021-03-07
1173,27,1200,75945,51242,24703,97.7,14.23687,9.60597,4.6309,51242,24703,9.60597,4.6309,2021-03-08
1192,2,1194,77139,52434,24705,92.3,14.4607,9.82943,4.63127,52434,24705,9.82943,4.63127,2021-03-09
1118,143,1261,78400,53552,24848,88.0,14.69709,10.03901,4.65808,53552,24848,10.03901,4.65808,2021-03-10
1143,538,1681,80081,54695,25386,89.9,15.01221,10.25328,4.75893,54695,25386,10.25328,4.75893,2021-03-11
1251,413,1664,81745,55946,25799,91.7,15.32415,10.4878,4.83635,55946,25799,10.4878,4.83635,2021-03-12
2784,101,2885,84630,58730,25900,92.8,15.86498,11.00969,4.85529,58730,25900,11.00969,4.85529,2021-03-13
25,733,758,85388,58755,26633,93.6,16.00708,11.01438,4.9927,58755,26633,11.01438,4.9927,2021-03-14
710,482,1192,86580,59465,27115,89.2,16.23053,11.14748,5.08306,59465,27115,11.14748,5.08306,2021-03-15
124,1166,1290,87870,59589,28281,90.5,16.47236,11.17072,5.30164,59589,28281,11.17072,5.30164,2021-03-16
580,1,581,88451,60169,28282,91.1,16.58128,11.27945,5.30182,60169,28282,11.27945,5.30182,2021-03-17
226,1076,1302,89753,60395,29358,92.5,16.82535,11.32182,5.50353,60395,29358,11.32182,5.50353,2021-03-18
799,1107,1906,91659,61194,30465,94.4,17.18266,11.4716,5.71106,61194,30465,11.4716,5.71106,2021-03-19
1132,625,1757,93416,62326,31090,96.2,17.51203,11.68381,5.82822,62326,31090,11.68381,5.82822,2021-03-20
14,754,768,94184,62340,31844,97.0,17.656,11.68643,5.96957,62340,31844,11.68643,5.96957,2021-03-21
1129,4,1133,95317,63469,31848,89.2,17.8684,11.89808,5.97032,63469,31848,11.89808,5.97032,2021-03-22
1551,1,1552,96869,65020,31849,90.6,18.15934,12.18884,5.9705,65020,31849,12.18884,5.9705,2021-03-23
2027,13,2040,98909,67047,31862,92.5,18.54176,12.56882,5.97294,67047,31862,12.56882,5.97294,2021-03-24
1698,443,2141,101050,68745,32305,92.5,18.94312,12.88713,6.05599,68745,32305,12.88713,6.05599,2021-03-25
511,1133,1644,102694,69256,33438,94.1,19.25131,12.98293,6.26838,69256,33438,12.98293,6.26838,2021-03-26
1541,1506,3047,105741,70797,34944,96.8,19.82251,13.27181,6.5507,70797,34944,13.27181,6.5507,2021-03-27
11,558,569,106310,70808,35502,97.4,19.92918,13.27387,6.65531,70808,35502,13.27387,6.65531,2021-03-28
411,759,1170,107480,71219,36261,91.6,20.14851,13.35092,6.79759,71219,36261,13.35092,6.79759,2021-03-29
218,1080,1298,108778,71437,37341,92.7,20.39183,13.39178,7.00005,71437,37341,13.39178,7.00005,2021-03-30
820,1011,1831,110609,72257,38352,94.2,20.73508,13.5455,7.18958,72257,38352,13.5455,7.18958,2021-03-31
2642,144,2786,113395,74899,38496,96.6,21.25735,14.04078,7.21657,74899,38496,14.04078,7.21657,2021-04-01
720,1357,2077,115472,75619,39853,95.1,21.64671,14.17575,7.47096,75619,39853,14.17575,7.47096,2021-04-02
22,809,831,116303,75641,40662,88.1,21.80249,14.17988,7.62261,75641,40662,14.17988,7.62261,2021-04-03
0,0,0,116303,75641,40662,88.1,21.80249,14.17988,7.62261,75641,40662,14.17988,7.62261,2021-04-04
23,278,301,116604,75664,40940,88.3,21.85892,14.18419,7.67473,75664,40940,14.18419,7.67473,2021-04-05
2146,103,2249,118853,77810,41043,78.2,22.28052,14.58649,7.69404,77810,41043,14.58649,7.69404,2021-04-06
1238,539,1777,120630,79048,41582,79.3,22.61364,14.81856,7.79508,79048,41582,14.81856,7.79508,2021-04-07
2551,203,2754,123384,81599,41785,81.1,23.12992,15.29678,7.83314,81599,41785,15.29678,7.83314,2021-04-08
2196,730,2926,126310,83795,42515,83.1,23.67843,15.70845,7.96998,83795,42515,15.70845,7.96998,2021-04-09
4802,588,5390,131700,88597,43103,86.6,24.68886,16.60865,8.08021,88597,43103,16.60865,8.08021,2021-04-10
2543,177,2720,134420,91140,43280,88.4,25.19876,17.08536,8.11339,91140,43280,17.08536,8.11339,2021-04-11
2098,7,2105,136525,93238,43287,86.9,25.59337,17.47866,8.1147,93238,43287,17.47866,8.1147,2021-04-12
2384,7,2391,138916,95622,43294,88.5,26.04159,17.92557,8.11602,95622,43294,17.92557,8.11602,2021-04-13
3501,92,3593,142509,99123,43386,83.3,26.71514,18.58188,8.13326,99123,43386,18.58188,8.13326,2021-04-14
4136,263,4399,146908,103259,43649,83.8,27.53979,19.35723,8.18257,103259,43649,19.35723,8.18257,2021-04-15
2438,511,2949,149857,105697,44160,85.4,28.09262,19.81426,8.27836,105697,44160,19.81426,8.27836,2021-04-16
5187,44,5231,155088,110884,44204,88.4,29.07324,20.78663,8.28661,110884,44204,20.78663,8.28661,2021-04-17
2100,1010,3110,158198,112984,45214,90.2,29.65625,21.1803,8.47595,112984,45214,21.1803,8.47595,2021-04-18
1689,182,1871,160069,114673,45396,89.5,30.00699,21.49693,8.51006,114673,45396,21.49693,8.51006,2021-04-19
1558,1,1559,161628,116231,45397,90.4,30.29925,21.789,8.51025,116231,45397,21.789,8.51025,2021-04-20
2161,848,3009,164637,118392,46245,83.8,30.86332,22.1941,8.66922,118392,46245,22.1941,8.66922,2021-04-21
1981,942,2923,167560,120373,47187,84.6,31.41128,22.56547,8.84581,120373,47187,22.56547,8.84581,2021-04-22
3249,1291,4540,172100,123622,48478,86.9,32.26236,23.17453,9.08782,123622,48478,23.17453,9.08782,2021-04-23
4618,484,5102,177202,128240,48962,89.5,33.21879,24.04024,9.17856,128240,48962,24.04024,9.17856,2021-04-24
2398,671,3069,180271,130638,49633,91.1,33.79412,24.48977,9.30434,130638,49633,24.48977,9.30434,2021-04-25
1536,5,1541,181812,132174,49638,90.4,34.083,24.77772,9.30528,132174,49638,24.77772,9.30528,2021-04-26
1150,1076,2226,184038,133324,50714,91.5,34.50029,24.9933,9.50699,133324,50714,24.9933,9.50699,2021-04-27
2455,3,2458,186496,135779,50717,83.0,34.96107,25.45352,9.50755,135779,50717,25.45352,9.50755,2021-04-28
1936,694,2630,189126,137715,51411,84.1,35.4541,25.81645,9.63765,137715,51411,25.81645,9.63765,2021-04-29
1561,1776,3337,192463,139276,53187,85.6,36.07966,26.10908,9.97059,139276,53187,26.10908,9.97059,2021-04-30
1944,160,2104,194567,141220,53347,79.7,36.47409,26.4735,10.00058,141220,53347,26.4735,10.00058,2021-05-01
1536,921,2457,197024,142756,54268,80.7,36.93468,26.76145,10.17323,142756,54268,26.76145,10.17323,2021-05-02
417,1412,1829,198853,143173,55680,81.5,37.27755,26.83962,10.43793,143173,55680,26.83962,10.43793,2021-05-03
2410,1037,3447,202300,145583,56717,82.9,37.92374,27.29141,10.63233,145583,56717,27.29141,10.63233,2021-05-04
2038,2115,4153,206453,147621,58832,78.9,38.70227,27.67345,11.02881,147621,58832,27.67345,11.02881,2021-05-05
2612,2569,5181,211634,150233,61401,80.9,39.67351,28.16311,11.51041,150233,61401,28.16311,11.51041,2021-05-06
3662,518,4180,215814,153895,61919,81.5,40.45711,28.8496,11.60751,153895,61919,28.8496,11.60751,2021-05-07
3758,658,4416,220230,157653,62577,83.2,41.28495,29.55408,11.73086,157653,62577,29.55408,11.73086,2021-05-08
3080,1153,4233,224463,160733,63730,84.8,42.07848,30.13147,11.94701,160733,63730,30.13147,11.94701,2021-05-09
1413,1605,3018,227481,162146,65335,86.0,42.64424,30.39635,12.24789,162146,65335,30.39635,12.24789,2021-05-10
1320,1522,2842,230323,163466,66857,87.0,43.17701,30.6438,12.5332,163466,66857,30.6438,12.5332,2021-05-11
3623,153,3776,234099,167089,67010,83.0,43.88487,31.32298,12.56189,167089,67010,31.32298,12.56189,2021-05-12
1050,1955,2980,237079,168139,68965,84.0,44.44351,31.51982,12.92838,168139,68965,31.51982,12.92838,2021-05-13
3071,2034,5086,242165,171210,70999,83.2,45.39694,32.09552,13.30968,171210,70999,32.09552,13.30968,2021-05-14
6699,476,6994,249159,177909,71475,85.6,46.70806,33.35133,13.39891,177909,71475,33.35133,13.39891,2021-05-15
1330,694,2024,251183,179239,72169,86.3,47.08748,33.60066,13.52901,179239,72169,33.60066,13.52901,2021-05-16
2425,686,3109,254292,181664,72855,87.4,47.67031,34.05525,13.65761,181664,72855,34.05525,13.65761,2021-05-17
2121,1164,3285,257577,183785,74019,88.5,48.28612,34.45286,13.87581,183785,74019,34.45286,13.87581,2021-05-18
1794,1785,3551,261128,185579,75804,84.6,48.9518,34.78917,14.21043,185579,75804,34.78917,14.21043,2021-05-19
3197,1439,4601,265729,188776,77243,86.1,49.81432,35.38849,14.48019,188776,77243,35.38849,14.48019,2021-05-20
5038,1771,6809,272538,193814,79014,86.9,51.09075,36.33293,14.81219,193814,79014,36.33293,14.81219,2021-05-21
4654,2162,6816,279354,198468,81176,89.1,52.3685,37.20538,15.21749,198468,81176,37.20538,15.21749,2021-05-22
4324,8,4332,283686,202792,81184,90.5,53.18059,38.01597,15.21898,202792,81184,38.01597,15.21898,2021-05-23
1109,333,1442,285128,203901,81517,91.0,53.45091,38.22386,15.28141,203901,81517,38.22386,15.28141,2021-05-24
2565,1329,3485,288613,206466,82846,90.6,54.10422,38.70471,15.53055,206466,82846,38.70471,15.53055,2021-05-25
2692,1787,4479,293092,209158,84633,87.2,54.94386,39.20936,15.86554,209158,84633,39.20936,15.86554,2021-05-26
2533,2030,4553,297645,211691,86663,88.6,55.79738,39.6842,16.24609,211691,86663,39.6842,16.24609,2021-05-27
4963,2240,6807,304452,216654,88903,90.6,57.07344,40.61458,16.66601,216654,88903,40.61458,16.66601,2021-05-28
3758,3230,6448,310900,220412,92133,92.5,58.2822,41.31906,17.27152,220412,92133,41.31906,17.27152,2021-05-29
1277,4362,5637,316537,221689,96495,94.2,59.33893,41.55845,18.08923,221689,96495,41.55845,18.08923,2021-05-30
1725,900,2578,319115,223414,97395,93.0,59.82221,41.88183,18.25795,223414,97395,41.88183,18.25795,2021-05-31
