delta_1d,delta_2d,delta_all,sum_doses,sum_1d,sum_2d,perc_doses,perc_inh_tot,perc_inh_1d,perc_inh_2d,sum_monotone_1d,sum_monotone_2d,perc_inh_monotone_1d,perc_inh_monotone_2d,date
0,0,0,0,0,0,0,0,0,0,0,0,0,0,2020-12-26
144,0,144,144,144,0,99.3,0.02699,0.02699,0.0,144,0,0.02699,0.0,2020-12-27
0,0,0,144,144,0,99.3,0.02699,0.02699,0.0,144,0,0.02699,0.0,2020-12-28
0,0,0,144,144,0,99.3,0.02699,0.02699,0.0,144,0,0.02699,0.0,2020-12-29
389,0,389,533,533,0,367.6,0.09992,0.09992,0.0,533,0,0.09992,0.0,2020-12-30
929,0,929,1462,1462,0,24.4,0.27407,0.27407,0.0,1462,0,0.27407,0.0,2020-12-31
6,0,6,1468,1468,0,24.5,0.2752,0.2752,0.0,1468,0,0.2752,0.0,2021-01-01
91,0,91,1559,1559,0,26.0,0.29225,0.29225,0.0,1559,0,0.29225,0.0,2021-01-02
42,0,42,1601,1601,0,26.7,0.30013,0.30013,0.0,1601,0,0.30013,0.0,2021-01-03
510,0,510,2111,2111,0,35.2,0.39573,0.39573,0.0,2111,0,0.39573,0.0,2021-01-04
831,0,831,2942,2942,0,49.1,0.55152,0.55152,0.0,2942,0,0.55152,0.0,2021-01-05
59,0,59,3001,3001,0,50.1,0.56258,0.56258,0.0,3001,0,0.56258,0.0,2021-01-06
921,0,921,3922,3922,0,30.6,0.73523,0.73523,0.0,3922,0,0.73523,0.0,2021-01-07
1538,0,1538,5460,5460,0,42.6,1.02355,1.02355,0.0,5460,0,1.02355,0.0,2021-01-08
613,0,613,6073,6073,0,47.4,1.13846,1.13846,0.0,6073,0,1.13846,0.0,2021-01-09
2,0,2,6075,6075,0,47.4,1.13884,1.13884,0.0,6075,0,1.13884,0.0,2021-01-10
1596,3,1596,7671,7671,3,39.0,1.43803,1.43803,0.00056,7671,3,1.43803,0.00056,2021-01-11
1713,3,1713,9384,9384,6,47.8,1.75915,1.75915,0.00112,9384,6,1.75915,0.00112,2021-01-12
1734,4,1734,11118,11118,10,56.6,2.08421,2.08421,0.00187,11118,10,2.08421,0.00187,2021-01-13
1956,4,1956,13074,13074,14,66.6,2.45089,2.45089,0.00262,13074,14,2.45089,0.00262,2021-01-14
3304,12,3304,16378,16378,26,83.4,3.07027,3.07027,0.00487,16378,26,3.07027,0.00487,2021-01-15
2845,6,2845,19223,19223,32,97.9,3.6036,3.6036,0.006,19223,32,3.6036,0.006,2021-01-16
2318,13,2329,21552,21541,45,109.7,4.0402,4.03814,0.00844,21541,45,4.03814,0.00844,2021-01-17
1772,7,1777,23329,23313,52,118.8,4.37332,4.37032,0.00975,23313,52,4.37032,0.00975,2021-01-18
724,131,854,24183,24037,183,123.1,4.53341,4.50604,0.03431,24037,183,4.50604,0.03431,2021-01-19
410,212,619,24802,24447,395,126.3,4.64945,4.5829,0.07405,24447,395,4.5829,0.07405,2021-01-20
140,829,969,25771,24587,1224,111.3,4.83111,4.60915,0.22945,24587,1224,4.60915,0.22945,2021-01-21
124,124,248,26019,24711,1348,112.4,4.8776,4.63239,0.2527,24711,1348,4.63239,0.2527,2021-01-22
0,197,197,26216,24711,1545,113.2,4.91453,4.63239,0.28963,24711,1545,4.63239,0.28963,2021-01-23
0,12,12,26228,24711,1557,113.3,4.91678,4.63239,0.29188,24711,1557,4.63239,0.29188,2021-01-24
3,491,494,26722,24714,2048,115.4,5.00938,4.63296,0.38392,24714,2048,4.63296,0.38392,2021-01-25
1,810,811,27533,24715,2858,84.7,5.16141,4.63314,0.53577,24715,2858,4.63314,0.53577,2021-01-26
2,83,85,27618,24717,2941,84.9,5.17735,4.63352,0.55133,24717,2941,4.63352,0.55133,2021-01-27
9,863,872,28490,24726,3804,87.6,5.34082,4.63521,0.71311,24726,3804,4.63521,0.71311,2021-01-28
24,1493,1517,30007,24750,5297,92.3,5.6252,4.63971,0.99299,24750,5297,4.63971,0.99299,2021-01-29
4,496,500,30507,24754,5793,93.8,5.71893,4.64046,1.08597,24754,5793,4.64046,1.08597,2021-01-30
0,0,0,30507,24754,5793,93.8,5.71893,4.64046,1.08597,24754,5793,4.64046,1.08597,2021-01-31
14,1456,1469,31976,24768,7249,96.6,5.99431,4.64308,1.35892,24768,7249,4.64308,1.35892,2021-02-01
8,1744,1752,33728,24776,8993,81.7,6.32275,4.64458,1.68585,24776,8993,4.64458,1.68585,2021-02-02
5,1507,1512,35240,24781,10500,85.3,6.60619,4.64552,1.96836,24781,10500,4.64552,1.96836,2021-02-03
8,1962,1970,37210,24789,12462,90.1,6.97549,4.64702,2.33616,24789,12462,4.64702,2.33616,2021-02-04
8,3224,3232,40442,24797,15686,97.9,7.58137,4.64852,2.94054,24797,15686,4.64852,2.94054,2021-02-05
19,2618,2637,43079,24816,18304,104.3,8.07571,4.65208,3.43132,24816,18304,4.65208,3.43132,2021-02-06
344,2357,2696,45775,25160,20661,110.8,8.58111,4.71657,3.87317,25160,20661,4.71657,3.87317,2021-02-07
1,1,2,45777,25161,20662,110.8,8.58149,4.71675,3.87336,25161,20662,4.71675,3.87336,2021-02-08
1,316,317,46094,25162,20978,106.2,8.64091,4.71694,3.9326,25162,20978,4.71694,3.9326,2021-02-09
27,1611,1637,47731,25189,22589,99.3,8.94779,4.722,4.2346,25189,22589,4.722,4.2346,2021-02-10
239,859,1097,48828,25428,23448,101.5,9.15344,4.76681,4.39563,25428,23448,4.76681,4.39563,2021-02-11
482,265,730,49558,25910,23713,103.1,9.29028,4.85716,4.44531,25910,23713,4.85716,4.44531,2021-02-12
313,8,319,49877,26223,23721,96.9,9.35009,4.91584,4.44681,26223,23721,4.91584,4.44681,2021-02-13
298,2,300,50177,26521,23723,97.5,9.40632,4.9717,4.44718,26521,23723,4.9717,4.44718,2021-02-14
26,49,72,50249,26547,23772,97.6,9.41982,4.97658,4.45637,26547,23772,4.97658,4.45637,2021-02-15
530,2,530,50779,27077,23774,98.6,9.51918,5.07593,4.45674,27077,23774,5.07593,4.45674,2021-02-16
139,18,156,50935,27216,23792,98.9,9.54842,5.10199,4.46012,27216,23792,5.10199,4.46012,2021-02-17
1832,33,1839,52774,29048,23825,94.0,9.89316,5.44542,4.4663,29048,23825,5.44542,4.4663,2021-02-18
2242,66,2253,55027,31290,23891,98.0,10.31552,5.86571,4.47868,31290,23891,5.86571,4.47868,2021-02-19
1784,52,1802,56829,33074,23943,94.1,10.65333,6.20015,4.48842,33074,23943,6.20015,4.48842,2021-02-20
0,0,0,56829,33074,23943,94.1,10.65333,6.20015,4.48842,33074,23943,6.20015,4.48842,2021-02-21
516,32,530,57359,33590,23975,95.0,10.75268,6.29688,4.49442,33590,23975,6.29688,4.49442,2021-02-22
764,10,770,58129,34354,23985,87.8,10.89703,6.4401,4.4963,34354,23985,6.4401,4.4963,2021-02-23
1356,51,1368,59497,35710,24036,89.9,11.15348,6.6943,4.50586,35710,24036,6.6943,4.50586,2021-02-24
1497,10,1498,60995,37207,24046,92.1,11.4343,6.97493,4.50773,37207,24046,6.97493,4.50773,2021-02-25
1499,58,1529,62524,38706,24104,94.4,11.72093,7.25594,4.5186,38706,24104,7.25594,4.5186,2021-02-26
2448,54,2458,64982,41154,24158,93.1,12.18171,7.71485,4.52873,41154,24158,7.71485,4.52873,2021-02-27
0,0,0,64982,41154,24158,90.4,12.18171,7.71485,4.52873,41154,24158,7.71485,4.52873,2021-02-28
924,40,925,65907,42078,24198,91.6,12.35511,7.88806,4.53623,42078,24198,7.88806,4.53623,2021-03-01
694,2,696,66603,42772,24200,85.6,12.48559,8.01816,4.5366,42772,24200,8.01816,4.5366,2021-03-02
1168,22,1181,67784,43940,24222,87.2,12.70698,8.23712,4.54073,43940,24222,8.23712,4.54073,2021-03-03
1499,274,1728,69512,45439,24496,89.4,13.03092,8.51812,4.59209,45439,24496,8.51812,4.59209,2021-03-04
1402,458,1845,71357,46841,24954,91.8,13.37679,8.78095,4.67795,46841,24954,8.78095,4.67795,2021-03-05
3768,308,3979,75336,50609,25262,96.9,14.1227,9.48731,4.73569,50609,25262,9.48731,4.73569,2021-03-06
21,429,449,75785,50630,25691,97.4,14.20687,9.49124,4.81611,50630,25691,9.49124,4.81611,2021-03-07
1187,47,1214,76999,51817,25738,99.0,14.43445,9.71376,4.82492,51817,25738,9.71376,4.82492,2021-03-08
1197,32,1199,78198,53014,25770,93.5,14.65922,9.93816,4.83092,53014,25770,9.93816,4.83092,2021-03-09
1133,199,1277,79475,54147,25969,89.2,14.89861,10.15055,4.86822,54147,25969,10.15055,4.86822,2021-03-10
1155,596,1694,81169,55302,26565,91.1,15.21617,10.36707,4.97995,55302,26565,10.36707,4.97995,2021-03-11
1262,455,1675,82844,56564,27020,92.9,15.53017,10.60365,5.06525,56564,27020,10.60365,5.06525,2021-03-12
2787,142,2888,85732,59351,27162,94.0,16.07157,11.12611,5.09187,59351,27162,11.12611,5.09187,2021-03-13
25,735,759,86491,59376,27897,94.8,16.21385,11.13079,5.22965,59376,27897,11.13079,5.22965,2021-03-14
712,500,1197,87688,60088,28397,90.3,16.43824,11.26427,5.32338,60088,28397,11.26427,5.32338,2021-03-15
124,1172,1290,88978,60212,29569,91.6,16.68007,11.28751,5.54309,60212,29569,11.28751,5.54309,2021-03-16
581,37,582,89560,60793,29606,92.2,16.78917,11.39643,5.55003,60793,29606,11.39643,5.55003,2021-03-17
228,1087,1304,90864,61021,30693,93.6,17.03363,11.43917,5.7538,61021,30693,11.43917,5.7538,2021-03-18
801,1167,1922,92786,61822,31860,95.6,17.39393,11.58933,5.97257,61822,31860,11.58933,5.97257,2021-03-19
1136,651,1761,94547,62958,32511,97.4,17.72405,11.80229,6.09461,62958,32511,11.80229,6.09461,2021-03-20
15,755,769,95316,62973,33266,98.2,17.86821,11.8051,6.23614,62973,33266,11.8051,6.23614,2021-03-21
1143,49,1160,96476,64116,33315,90.2,18.08567,12.01937,6.24533,64116,33315,12.01937,6.24533,2021-03-22
1562,47,1563,98039,65678,33362,91.7,18.37867,12.31219,6.25414,65678,33362,12.31219,6.25414,2021-03-23
2059,67,2072,100111,67737,33429,93.6,18.76709,12.69817,6.2667,67737,33429,12.69817,6.2667,2021-03-24
1731,510,2179,102290,69468,33939,93.6,19.17558,13.02267,6.3623,69468,33939,13.02267,6.3623,2021-03-25
527,1160,1666,103956,69995,35099,95.2,19.48789,13.12146,6.57976,69995,35099,13.12146,6.57976,2021-03-26
1548,1573,3059,107015,71543,36672,98.0,20.06134,13.41166,6.87464,71543,36672,13.41166,6.87464,2021-03-27
11,558,569,107584,71554,37230,98.5,20.168,13.41372,6.97924,71554,37230,13.41372,6.97924,2021-03-28
412,783,1174,108758,71966,38013,92.6,20.38809,13.49095,7.12603,71966,38013,13.49095,7.12603,2021-03-29
220,1104,1307,110065,72186,39117,93.7,20.6331,13.53219,7.33298,72186,39117,13.53219,7.33298,2021-03-30
824,1102,1838,111903,73010,40219,95.3,20.97766,13.68666,7.53957,73010,40219,13.68666,7.53957,2021-03-31
2645,277,2791,114694,75655,40496,97.7,21.50087,14.1825,7.5915,75655,40496,14.1825,7.5915,2021-04-01
733,1501,2091,116785,76388,41997,96.1,21.89285,14.31991,7.87288,76388,41997,14.31991,7.87288,2021-04-02
22,813,835,117620,76410,42810,89.0,22.04938,14.32404,8.02528,76410,42810,14.32404,8.02528,2021-04-03
0,0,0,117620,76410,42810,89.0,22.04938,14.32404,8.02528,76410,42810,14.32404,8.02528,2021-04-04
24,283,306,117926,76434,43093,89.3,22.10675,14.32854,8.07834,76434,43093,14.32854,8.07834,2021-04-05
2152,298,2254,120180,78586,43391,79.0,22.52929,14.73196,8.1342,78586,43391,14.73196,8.1342,2021-04-06
1263,634,1804,121984,79849,44025,80.2,22.86747,14.96872,8.25305,79849,44025,14.96872,8.25305,2021-04-07
2610,304,2816,124800,82459,44329,82.1,23.39536,15.458,8.31004,82459,44329,15.458,8.31004,2021-04-08
2215,994,2945,127745,84674,45323,84.0,23.94744,15.87323,8.49638,84674,45323,15.87323,8.49638,2021-04-09
4833,757,5424,133169,89507,46080,87.6,24.96424,16.77924,8.63829,89507,46080,16.77924,8.63829,2021-04-10
2561,274,2739,135908,92068,46354,89.4,25.4777,17.25933,8.68965,92068,46354,17.25933,8.68965,2021-04-11
2105,77,2111,138019,94173,46431,87.9,25.87344,17.65394,8.70409,94173,46431,17.65394,8.70409,2021-04-12
2393,91,2400,140419,96566,46522,89.4,26.32335,18.10254,8.72115,96566,46522,18.10254,8.72115,2021-04-13
3511,365,3607,144026,100077,46887,84.2,26.99953,18.76072,8.78957,100077,46887,18.76072,8.78957,2021-04-14
4145,483,4412,148438,104222,47370,84.6,27.82661,19.53775,8.88012,104222,47370,19.53775,8.88012,2021-04-15
2447,671,2959,151397,106669,48041,86.3,28.38131,19.99648,9.0059,106669,48041,19.99648,9.0059,2021-04-16
5213,290,5257,156654,111882,48331,89.3,29.36681,20.97372,9.06027,111882,48331,20.97372,9.06027,2021-04-17
2105,1108,3116,159770,113987,49439,91.1,29.95094,21.36833,9.26798,113987,49439,21.36833,9.26798,2021-04-18
1694,271,1876,161646,115681,49710,90.3,30.30262,21.68589,9.31878,115681,49710,21.68589,9.31878,2021-04-19
1564,78,1567,163213,117245,49788,91.2,30.59638,21.97908,9.3334,117245,49788,21.97908,9.3334,2021-04-20
2169,976,3018,166231,119414,50764,84.6,31.16214,22.38569,9.51636,119414,50764,22.38569,9.51636,2021-04-21
1998,1060,2940,169171,121412,51824,85.4,31.71328,22.76024,9.71508,121412,51824,22.76024,9.71508,2021-04-22
3266,1500,4561,173732,124678,53324,87.7,32.5683,23.37249,9.99627,124678,53324,23.37249,9.99627,2021-04-23
4636,828,5125,178857,129314,54152,90.3,33.52904,24.24157,10.15149,129314,54152,24.24157,10.15149,2021-04-24
2407,797,3079,181936,131721,54949,91.9,34.10624,24.6928,10.3009,131721,54949,24.6928,10.3009,2021-04-25
1547,91,1553,183489,133268,55040,91.2,34.39737,24.9828,10.31796,133268,55040,24.9828,10.31796,2021-04-26
1158,1174,2238,185727,134426,56214,92.3,34.81691,25.19988,10.53804,134426,56214,25.19988,10.53804,2021-04-27
2464,214,2469,188196,136890,56428,83.7,35.27976,25.66179,10.57815,136890,56428,25.66179,10.57815,2021-04-28
1946,901,2657,190853,138836,57329,84.9,35.77785,26.02659,10.74706,138836,57329,26.02659,10.74706,2021-04-29
1573,1911,3352,194205,140409,59240,86.4,36.40622,26.32147,11.1053,140409,59240,26.32147,11.1053,2021-04-30
1947,296,2107,196312,142356,59536,80.4,36.80121,26.68646,11.16079,142356,59536,26.68646,11.16079,2021-05-01
1538,1026,2455,198767,143894,60562,81.4,37.26143,26.97478,11.35313,143894,60562,26.97478,11.35313,2021-05-02
419,1443,1840,200607,144313,62005,82.2,37.60636,27.05333,11.62363,144313,62005,27.05333,11.62363,2021-05-03
2417,1193,3455,204062,146730,63198,83.6,38.25405,27.50643,11.84728,146730,63198,27.50643,11.84728,2021-05-04
2044,2336,4162,208224,148774,65534,79.6,39.03427,27.8896,12.28519,148774,65534,27.8896,12.28519,2021-05-05
2623,2828,5193,213417,151397,68362,81.6,40.00776,28.38131,12.81534,151397,68362,28.38131,12.81534,2021-05-06
3682,813,4210,217627,155079,69175,82.2,40.79698,29.07155,12.96774,155079,69175,29.07155,12.96774,2021-05-07
3770,867,4434,222061,158849,70042,83.9,41.62819,29.77829,13.13027,158849,70042,29.77829,13.13027,2021-05-08
3093,1309,4243,226304,161942,71351,85.5,42.42359,30.35811,13.37566,161942,71351,30.35811,13.37566,2021-05-09
1419,1693,3029,229333,163361,73044,86.6,42.99142,30.62412,13.69304,163361,73044,30.62412,13.69304,2021-05-10
1333,1601,2858,232191,164694,74645,87.7,43.52719,30.87401,13.99317,164694,74645,30.87401,13.99317,2021-05-11
3654,413,3808,235999,168348,75058,83.6,44.24105,31.559,14.07059,168348,75058,31.559,14.07059,2021-05-12
1071,2029,3006,239005,169419,77087,84.7,44.80456,31.75977,14.45095,169419,77087,31.75977,14.45095,2021-05-13
3108,2301,5154,244159,172527,79388,83.9,45.77074,32.3424,14.8823,172527,79388,32.3424,14.8823,2021-05-14
6734,882,7028,251187,179261,80270,86.3,47.08823,33.60478,15.04764,179261,80270,33.60478,15.04764,2021-05-15
1337,748,2030,253217,180598,81018,87.0,47.46878,33.85542,15.18787,180598,81018,33.85542,15.18787,2021-05-16
2464,909,3162,256379,183062,81927,88.1,48.06154,34.31733,15.35827,183062,81927,34.31733,15.35827,2021-05-17
2175,1337,3371,259750,185237,83264,89.2,48.69348,34.72506,15.60891,185237,83264,34.72506,15.60891,2021-05-18
2104,2251,3892,263642,187341,85515,85.4,49.42308,35.11948,16.03089,187341,85515,35.11948,16.03089,2021-05-19
3499,1964,4979,268621,190840,87479,87.0,50.35646,35.77541,16.39906,190840,87479,35.77541,16.39906,2021-05-20
5518,2276,7398,276019,196358,89755,88.0,51.74331,36.80983,16.82573,196358,89755,36.80983,16.82573,2021-05-21
4684,2399,6853,282872,201042,92154,90.2,53.02799,37.68791,17.27545,201042,92154,37.68791,17.27545,2021-05-22
4344,215,4352,287224,205386,92369,91.6,53.84383,38.50225,17.31576,205386,92369,38.50225,17.31576,2021-05-23
1124,420,1459,288683,206510,92789,90.6,54.11734,38.71295,17.39449,206510,92789,38.71295,17.39449,2021-05-24
3015,1466,3904,292587,209525,94255,91.8,54.8492,39.27816,17.66931,209525,94255,39.27816,17.66931,2021-05-25
3046,2387,5025,297612,212571,96642,88.5,55.7912,39.84917,18.11679,212571,96642,39.84917,18.11679,2021-05-26
4205,2518,6222,303834,216776,99160,90.3,56.95759,40.63745,18.58882,216776,99160,40.63745,18.58882,2021-05-27
5580,4674,7477,311311,222356,103834,92.5,58.35925,41.68349,19.46502,222356,103834,41.68349,19.46502,2021-05-28
4203,3723,7347,318658,226559,107557,94.7,59.73654,42.4714,20.16294,226559,107557,42.4714,20.16294,2021-05-29
764,4073,4799,323457,227323,111630,94.2,60.63617,42.61462,20.92648,227323,111630,42.61462,20.92648,2021-05-30
2208,1065,3076,326533,229531,112695,95.1,61.21281,43.02854,21.12613,229531,112695,43.02854,21.12613,2021-05-31
2204,1785,3688,330221,231735,114480,88.9,61.90417,43.44171,21.46075,231735,114480,43.44171,21.46075,2021-06-01
1010,518,1469,331690,232745,114998,89.3,62.17956,43.63104,21.55785,232745,114998,43.63104,21.55785,2021-06-02
3930,1378,4904,336594,236675,116376,90.6,63.09887,44.36777,21.81618,236675,116376,44.36777,21.81618,2021-06-03
5194,2410,6733,343327,241869,118786,90.2,64.36106,45.34145,22.26796,241869,118786,45.34145,22.26796,2021-06-04
4996,1419,6095,349422,246865,120205,91.8,65.50365,46.27802,22.53397,246865,120205,46.27802,22.53397,2021-06-05
860,3762,4563,353985,247725,123967,92.3,66.35904,46.43924,23.23921,247725,123967,46.43924,23.23921,2021-06-06
2673,844,2998,356983,250398,124811,93.0,66.92105,46.94032,23.39743,250398,124811,46.94032,23.39743,2021-06-07
935,3834,4284,361267,251333,128645,94.1,67.72414,47.1156,24.11616,251333,128645,47.1156,24.11616,2021-06-08
1373,2747,3876,365143,252706,131392,89.4,68.45075,47.37299,24.63112,252706,131392,47.37299,24.63112,2021-06-09
1405,3339,4508,369651,254111,134731,90.5,69.29583,47.63637,25.25706,254111,134731,47.63637,25.25706,2021-06-10
2360,3882,5850,375501,256471,138613,91.6,70.39249,48.07879,25.98479,256471,138613,48.07879,25.98479,2021-06-11
1798,3623,5089,380590,258269,142236,92.9,71.34649,48.41585,26.66397,258269,142236,48.41585,26.66397,2021-06-12
493,3239,3692,384282,258762,145475,93.8,72.0386,48.50826,27.27116,258762,145475,48.50826,27.27116,2021-06-13
625,2439,2987,387269,259387,147914,93.8,72.59855,48.62543,27.72838,259387,147914,48.62543,27.72838,2021-06-14
515,1597,2050,389319,259902,149511,94.3,72.98285,48.72197,28.02776,259902,149511,48.72197,28.02776,2021-06-15
18,3820,3828,393147,259920,153331,89.7,73.70046,48.72535,28.74387,259920,153331,48.72535,28.74387,2021-06-16
700,1180,1781,394928,260620,154511,90.1,74.03433,48.85657,28.96507,260620,154511,48.85657,28.96507,2021-06-17
1634,3113,4553,399481,262254,157624,91.2,74.88785,49.16288,29.54865,262254,157624,49.16288,29.54865,2021-06-18
631,5126,5678,405159,262885,162750,92.5,75.95226,49.28117,30.50958,262885,162750,49.28117,30.50958,2021-06-19
646,4672,5257,410416,263531,167422,92.5,76.93776,49.40227,31.38541,263531,167422,49.40227,31.38541,2021-06-20
300,2925,3178,413594,263831,170347,93.2,77.53351,49.45851,31.93374,263831,170347,49.45851,31.93374,2021-06-21
346,2211,2473,416067,264177,172558,93.7,77.99711,49.52338,32.34822,264177,172558,49.52338,32.34822,2021-06-22
386,845,1155,417222,264563,173403,87.3,78.21363,49.59574,32.50662,264563,173403,49.59574,32.50662,2021-06-23
1745,2405,3953,421175,266308,175808,88.1,78.95467,49.92286,32.95747,266308,175808,49.92286,32.95747,2021-06-24
1168,3183,4183,425358,267476,178991,89.0,79.73883,50.14182,33.55416,267476,178991,50.14182,33.55416,2021-06-25
1475,3225,4557,429915,268951,182216,89.1,80.59309,50.41832,34.15873,268951,182216,50.41832,34.15873,2021-06-26
620,3890,4431,434346,269571,186106,90.0,81.42374,50.53455,34.88796,269571,186106,50.53455,34.88796,2021-06-27
241,4409,4621,438967,269812,190515,91.0,82.29001,50.57973,35.71449,269812,190515,50.57973,35.71449,2021-06-28
267,1658,1896,440863,270079,192173,91.4,82.64544,50.62978,36.0253,270079,192173,50.62978,36.0253,2021-06-29
457,2679,3067,443930,270536,194852,86.6,83.22039,50.71545,36.52751,270536,194852,50.71545,36.52751,2021-06-30
1478,3371,4647,448577,272014,198223,87.5,84.09153,50.99252,37.15945,272014,198223,50.99252,37.15945,2021-07-01
1032,2371,3205,451782,273046,200594,87.2,84.69235,51.18598,37.60392,273046,200594,51.18598,37.60392,2021-07-02
1075,4719,5644,457426,274121,205313,88.3,85.75039,51.38751,38.48856,274121,205313,51.38751,38.48856,2021-07-03
188,4297,4429,461855,274309,209610,87.4,86.58066,51.42275,39.29409,274309,209610,51.42275,39.29409,2021-07-04
952,2131,2941,464796,275261,211741,88.0,87.13199,51.60121,39.69357,275261,211741,51.60121,39.69357,2021-07-05
743,1122,1727,466523,276004,212863,88.3,87.45574,51.7405,39.90391,276004,212863,51.7405,39.90391,2021-07-06
663,1491,2001,468524,276667,214354,86.0,87.83085,51.86479,40.18341,276667,214354,51.86479,40.18341,2021-07-07
631,5017,5528,474052,277298,219371,87.0,88.86714,51.98308,41.12391,277298,219371,51.98308,41.12391,2021-07-08
1064,4407,5244,479296,278362,223778,88.0,89.8502,52.18254,41.95006,278362,223778,52.18254,41.95006,2021-07-09
1068,4969,5829,485125,279430,228747,88.4,90.94292,52.38275,42.88157,279430,228747,52.38275,42.88157,2021-07-10
1198,5100,6090,491215,280628,233847,89.5,92.08457,52.60733,43.83763,280628,233847,52.60733,43.83763,2021-07-11
291,3304,3536,494751,280919,237151,90.2,92.74744,52.66188,44.457,280919,237151,52.66188,44.457,2021-07-12
1459,2190,3391,498142,282378,239341,90.8,93.38312,52.93539,44.86755,282378,239341,52.93539,44.86755,2021-07-13
517,478,878,499020,282895,239819,88.3,93.54772,53.03231,44.95716,282895,239819,53.03231,44.95716,2021-07-14
1699,3024,4408,503428,284594,242843,89.1,94.37405,53.3508,45.52404,284594,242843,53.3508,45.52404,2021-07-15
1200,3530,4526,507954,285794,246373,89.9,95.22251,53.57576,46.18579,285794,246373,53.57576,46.18579,2021-07-16
797,2512,3149,511103,286591,248885,90.5,95.81283,53.72517,46.65669,286591,248885,53.72517,46.65669,2021-07-17
727,1362,1878,512981,287318,250247,90.0,96.16488,53.86145,46.91202,287318,250247,53.86145,46.91202,2021-07-18
743,2203,2796,515777,288061,252450,90.5,96.68903,54.00074,47.325,288061,252450,54.00074,47.325,2021-07-19
1617,1853,3146,518923,289678,254303,91.1,97.27879,54.30387,47.67237,289678,254303,54.30387,47.67237,2021-07-20
579,2763,3223,522146,290257,257066,89.1,97.88298,54.41241,48.19033,290257,257066,54.41241,48.19033,2021-07-21
1957,2098,3752,525898,292214,259164,89.7,98.58634,54.77927,48.58362,292214,259164,54.77927,48.58362,2021-07-22
1976,2742,4368,530266,294190,261906,90.5,99.40518,55.1497,49.09765,294190,261906,55.1497,49.09765,2021-07-23
1503,3616,4846,535112,295693,265522,91.3,100.31363,55.43146,49.77551,295693,265522,55.43146,49.77551,2021-07-24
749,1288,1897,537009,296442,266810,91.6,100.66924,55.57186,50.01697,296442,266810,55.57186,50.01697,2021-07-25
1220,596,1631,538640,297662,267406,91.9,100.97499,55.80057,50.12869,297662,267406,55.80057,50.12869,2021-07-26
981,2309,3166,541806,298643,269715,91.8,101.5685,55.98447,50.56154,298643,269715,55.98447,50.56154,2021-07-27
950,646,1452,543258,299593,270361,89.3,101.8407,56.16256,50.68265,299593,270361,56.16256,50.68265,2021-07-28
790,707,1363,544621,300383,271068,89.6,102.09621,56.31066,50.81518,300383,271068,56.31066,50.81518,2021-07-29
3777,2109,5325,549946,304160,273177,90.4,103.09445,57.0187,51.21054,304160,273177,57.0187,51.21054,2021-07-30
2254,1228,3181,553127,306414,274405,91.0,103.69077,57.44124,51.44075,306414,274405,57.44124,51.44075,2021-07-31
769,645,1321,554448,307183,275050,91.2,103.93841,57.5854,51.56166,307183,275050,57.5854,51.56166,2021-08-01
1264,1016,2143,556591,308447,276066,91.5,104.34014,57.82236,51.75212,308447,276066,57.82236,51.75212,2021-08-02
2118,1102,2957,559548,310565,277168,90.9,104.89447,58.2194,51.95871,310565,277168,58.2194,51.95871,2021-08-03
2853,1283,3838,563386,313418,278451,88.9,105.61395,58.75423,52.19922,313418,278451,58.75423,52.19922,2021-08-04
1895,1846,3483,566869,315313,280297,89.4,106.26688,59.10948,52.54528,315313,280297,59.10948,52.54528,2021-08-05
1224,2596,3667,570536,316537,282893,90.0,106.95431,59.33893,53.03193,316537,282893,59.33893,53.03193,2021-08-06
1723,858,2391,572927,318260,283751,90.4,107.40253,59.66193,53.19277,318260,283751,59.66193,53.19277,2021-08-07
1029,984,1888,574815,319289,284735,89.7,107.75646,59.85483,53.37724,319289,284735,59.85483,53.37724,2021-08-08
1139,517,1552,576367,320428,285252,89.8,108.04741,60.06835,53.47416,320428,285252,60.06835,53.47416,2021-08-09
1576,482,1860,578227,322004,285734,90.1,108.39609,60.36379,53.56451,322004,285734,60.36379,53.56451,2021-08-10
719,576,1210,579437,322723,286310,87.9,108.62292,60.49858,53.67249,322723,286310,60.49858,53.67249,2021-08-11
652,2847,3386,582823,323375,289157,88.4,109.25767,60.6208,54.2062,323375,289157,60.6208,54.2062,2021-08-12
1617,1446,2930,585753,324992,290603,87.5,109.80693,60.92393,54.47727,324992,290603,60.92393,54.47727,2021-08-13
795,1391,2075,587828,325787,291994,87.8,110.19592,61.07296,54.73803,325787,291994,61.07296,54.73803,2021-08-14
282,374,617,588445,326069,292368,87.9,110.31158,61.12583,54.80814,326069,292368,61.12583,54.80814,2021-08-15
887,1171,1979,590424,326956,293539,88.2,110.68257,61.29211,55.02766,326956,293539,61.29211,55.02766,2021-08-16
874,497,1269,591693,327830,294036,88.3,110.92046,61.45595,55.12083,327830,294036,61.45595,55.12083,2021-08-17
383,547,884,592577,328213,294583,84.5,111.08618,61.52775,55.22337,328213,294583,61.52775,55.22337,2021-08-18
1153,742,1772,594349,329366,295325,84.7,111.41836,61.74389,55.36247,329366,295325,61.74389,55.36247,2021-08-19
971,3096,3956,598305,330337,298421,85.3,112.15997,61.92592,55.94285,330337,298421,61.92592,55.94285,2021-08-20
634,1157,1721,600026,330971,299578,85.6,112.48259,62.04477,56.15975,330971,299578,62.04477,56.15975,2021-08-21
313,717,1000,601026,331284,300295,85.7,112.67005,62.10345,56.29416,331284,300295,62.10345,56.29416,2021-08-22
807,1401,2146,603172,332091,301696,86.0,113.07235,62.25473,56.55679,332091,301696,62.25473,56.55679,2021-08-23
579,1462,1982,605154,332670,303158,84.6,113.4439,62.36327,56.83087,332670,303158,62.36327,56.83087,2021-08-24
836,2006,2764,607918,333506,305164,85.0,113.96205,62.51999,57.20692,333506,305164,62.51999,57.20692,2021-08-25
886,1444,2249,610167,334392,306608,81.9,114.38365,62.68608,57.47761,334392,306608,62.68608,57.47761,2021-08-26
1010,1862,2750,612917,335402,308470,82.2,114.89917,62.87542,57.82667,335402,308470,62.87542,57.82667,2021-08-27
1076,2310,3304,616221,336478,310780,82.7,115.51855,63.07713,58.25971,336478,310780,63.07713,58.25971,2021-08-28
376,534,880,617101,336854,311314,82.8,115.68352,63.14761,58.35981,336854,311314,63.14761,58.35981,2021-08-29
857,1364,2163,619264,337711,312678,83.1,116.089,63.30827,58.61551,337711,312678,63.30827,58.61551,2021-08-30
785,1330,2050,621314,338496,314008,83.4,116.4733,63.45543,58.86484,338496,314008,63.45543,58.86484,2021-08-31
620,500,1076,622390,339116,314508,83.5,116.67501,63.57165,58.95857,339116,314508,63.57165,58.95857,2021-09-01
748,521,1216,623606,339864,315029,81.7,116.90296,63.71188,59.05624,339864,315029,63.71188,59.05624,2021-09-02
1125,2217,3247,626853,340989,317246,82.2,117.51166,63.92277,59.47184,340989,317246,63.92277,59.47184,2021-09-03
612,812,1364,628217,341601,318058,82.3,117.76735,64.0375,59.62406,341601,318058,64.0375,59.62406,2021-09-04
668,501,1096,629313,342269,318559,82.5,117.97281,64.16273,59.71798,342269,318559,64.16273,59.71798,2021-09-05
598,590,1134,630447,342867,319149,82.6,118.1854,64.27483,59.82858,342867,319149,64.27483,59.82858,2021-09-06
243,1087,1300,631747,343110,320236,82.8,118.4291,64.32038,60.03236,343110,320236,64.32038,60.03236,2021-09-07
257,280,519,632266,343367,320516,81.0,118.52639,64.36856,60.08485,343367,320516,64.36856,60.08485,2021-09-08
723,1026,1702,633968,344090,321542,81.2,118.84545,64.5041,60.27718,344090,321542,64.5041,60.27718,2021-09-09
795,970,1666,635634,344885,322512,81.4,119.15777,64.65313,60.45902,344885,322512,64.65313,60.45902,2021-09-10
384,638,976,636610,345269,323150,81.6,119.34073,64.72511,60.57862,345269,323150,64.72511,60.57862,2021-09-11
139,154,264,636874,345408,323304,81.6,119.39022,64.75117,60.60749,345408,323304,64.75117,60.60749,2021-09-12
723,515,1180,638054,346131,323819,81.8,119.61143,64.88671,60.70404,346131,323819,64.88671,60.70404,2021-09-13
384,369,705,638759,346515,324188,81.8,119.74359,64.95869,60.77321,346515,324188,64.95869,60.77321,2021-09-14
224,427,626,639385,346739,324615,81.9,119.86094,65.00068,60.85326,346739,324615,65.00068,60.85326,2021-09-15
865,722,1497,640882,347604,325337,80.9,120.14157,65.16284,60.9886,347604,325337,65.16284,60.9886,2021-09-16
618,1435,2029,642911,348222,326772,82.2,120.52193,65.27869,61.25761,348222,326772,65.27869,61.25761,2021-09-17
635,706,1298,644209,348857,327478,82.4,120.76526,65.39773,61.38996,348857,327478,65.39773,61.38996,2021-09-18
195,147,327,644536,349052,327625,82.4,120.82656,65.43429,61.41752,349052,327625,65.43429,61.41752,2021-09-19
864,442,1247,645783,349916,328067,82.6,121.06033,65.59625,61.50038,349916,328067,65.59625,61.50038,2021-09-20
927,574,1394,647177,350843,328641,82.7,121.32165,65.77003,61.60798,350843,328641,65.77003,61.60798,2021-09-21
789,916,1665,648842,351632,329557,83.0,121.63378,65.91794,61.7797,351632,329557,65.91794,61.7797,2021-09-22
1679,604,2196,651038,353311,330161,83.2,122.04544,66.23269,61.89292,353311,330161,66.23269,61.89292,2021-09-23
1541,1650,3034,654072,354852,331811,83.6,122.61421,66.52157,62.20224,354852,331811,66.52157,62.20224,2021-09-24
954,807,1675,655747,355806,332618,83.8,122.92821,66.70041,62.35352,355806,332618,66.70041,62.35352,2021-09-25
590,419,907,656654,356396,333037,84.0,123.09824,66.81101,62.43207,356396,333037,66.81101,62.43207,2021-09-26
687,559,1211,657865,357083,333596,84.1,123.32525,66.9398,62.53686,357083,333596,66.9398,62.53686,2021-09-27
627,263,801,658666,357710,333859,84.2,123.47541,67.05734,62.58616,357710,333859,67.05734,62.58616,2021-09-28
599,950,1477,660143,358309,334809,84.4,123.75229,67.16963,62.76425,358309,334809,67.16963,62.76425,2021-09-29
1451,561,1920,662063,359760,335370,84.6,124.11222,67.44164,62.86942,359760,335370,67.44164,62.86942,2021-09-30
1134,933,1986,664049,360894,336303,84.9,124.48452,67.65422,63.04432,360894,336303,67.65422,63.04432,2021-10-01
1413,791,2114,666163,362307,337094,85.2,124.88082,67.91911,63.1926,362307,337094,67.91911,63.1926,2021-10-02
0,0,0,666163,362307,337094,85.2,124.88082,67.91911,63.1926,362307,337094,67.91911,63.1926,2021-10-03
852,542,1337,667500,363159,337636,85.3,125.13146,68.07882,63.29421,363159,337636,68.07882,63.29421,2021-10-04
588,178,666,668166,363747,337814,85.4,125.25631,68.18905,63.32758,363747,337814,68.18905,63.32758,2021-10-05
711,559,1230,669396,364458,338373,85.6,125.48689,68.32234,63.43237,364458,338373,68.32234,63.43237,2021-10-06
1126,1036,2075,671471,365584,339409,85.8,125.87587,68.53342,63.62658,365584,339409,68.53342,63.62658,2021-10-07
1042,607,1579,673050,366626,340016,86.0,126.17188,68.72876,63.74037,366626,340016,68.72876,63.74037,2021-10-08
1039,813,1798,674848,367665,340829,86.3,126.50894,68.92353,63.89278,367665,340829,68.92353,63.89278,2021-10-09
78,26,104,674952,367743,340855,86.3,126.52843,68.93815,63.89765,367743,340855,68.93815,63.89765,2021-10-10
753,566,1266,676218,368496,341421,86.5,126.76576,69.07931,64.00376,368496,341421,69.07931,64.00376,2021-10-11
345,155,471,676689,368841,341576,86.5,126.85405,69.14399,64.03281,368841,341576,69.14399,64.03281,2021-10-12
405,1188,1539,678228,369246,342764,86.7,127.14256,69.21991,64.25552,369246,342764,69.21991,64.25552,2021-10-13
777,1506,2238,680466,370023,344270,87.0,127.5621,69.36557,64.53784,370023,344270,69.36557,64.53784,2021-10-14
898,891,1728,682194,370921,345161,87.2,127.88604,69.53391,64.70487,370921,345161,69.53391,64.70487,2021-10-15
1154,1219,2284,684478,372075,346380,87.5,128.3142,69.75024,64.93339,372075,346380,69.75024,64.93339,2021-10-16
492,440,894,685372,372567,346820,87.6,128.48179,69.84247,65.01587,372567,346820,69.84247,65.01587,2021-10-17
460,536,968,686340,373027,347356,87.7,128.66326,69.92871,65.11635,373027,347356,69.92871,65.11635,2021-10-18
245,115,355,686695,373272,347471,87.8,128.72981,69.97464,65.13791,373272,347471,69.97464,65.13791,2021-10-19
0,0,0,686695,373272,347471,87.8,128.72981,69.97464,65.13791,373272,347471,69.97464,65.13791,2021-10-20
