delta_1d,delta_2d,delta_all,sum_doses,sum_1d,sum_2d,perc_doses,perc_inh_tot,perc_inh_1d,perc_inh_2d,sum_monotone_1d,sum_monotone_2d,perc_inh_monotone_1d,perc_inh_monotone_2d,date
0,0,0,0,0,0,0,0,0,0,0,0,0,0,2020-12-26
107,0,107,107,107,0,107.0,0.01965,0.01965,0.0,107,0,0.01965,0.0,2020-12-27
0,0,0,107,107,0,107.0,0.01965,0.01965,0.0,107,0,0.01965,0.0,2020-12-28
0,0,0,107,107,0,107.0,0.01965,0.01965,0.0,107,0,0.01965,0.0,2020-12-29
7,0,7,114,114,0,2.3,0.02093,0.02093,0.0,114,0,0.02093,0.0,2020-12-30
1704,1,1704,1818,1818,1,36.5,0.3338,0.3338,0.00018,1818,1,0.3338,0.00018,2020-12-31
222,0,222,2040,2040,1,41.0,0.37457,0.37457,0.00018,2040,1,0.37457,0.00018,2021-01-01
524,2,524,2564,2564,3,51.5,0.47078,0.47078,0.00055,2564,3,0.47078,0.00055,2021-01-02
504,0,504,3068,3068,3,61.7,0.56332,0.56332,0.00055,3068,3,0.56332,0.00055,2021-01-03
905,3,905,3973,3973,6,79.9,0.72949,0.72949,0.0011,3973,6,0.72949,0.0011,2021-01-04
761,1,761,4734,4734,7,68.4,0.86921,0.86921,0.00129,4734,7,0.86921,0.00129,2021-01-05
44,0,44,4778,4778,7,69.0,0.87729,0.87729,0.00129,4778,7,0.87729,0.00129,2021-01-06
1312,5,1312,6090,6090,12,61.8,1.11819,1.11819,0.0022,6090,12,1.11819,0.0022,2021-01-07
1552,3,1552,7642,7642,15,77.6,1.40315,1.40315,0.00275,7642,15,1.40315,0.00275,2021-01-08
195,0,195,7837,7837,15,79.6,1.43896,1.43896,0.00275,7837,15,1.43896,0.00275,2021-01-09
87,0,87,7924,7924,15,80.4,1.45493,1.45493,0.00275,7924,15,1.45493,0.00275,2021-01-10
776,0,776,8700,8700,15,88.3,1.59741,1.59741,0.00275,8700,15,1.59741,0.00275,2021-01-11
547,1,547,9247,9247,16,58.9,1.69785,1.69785,0.00294,9247,16,1.69785,0.00294,2021-01-12
445,0,445,9692,9692,16,61.7,1.77956,1.77956,0.00294,9692,16,1.77956,0.00294,2021-01-13
734,5,734,10426,10426,21,66.4,1.91433,1.91433,0.00386,10426,21,1.91433,0.00386,2021-01-14
619,1,619,11045,11045,22,70.4,2.02798,2.02798,0.00404,11045,22,2.02798,0.00404,2021-01-15
323,0,323,11368,11368,22,72.4,2.08729,2.08729,0.00404,11368,22,2.08729,0.00404,2021-01-16
256,0,256,11624,11624,22,74.0,2.13429,2.13429,0.00404,11624,22,2.13429,0.00404,2021-01-17
635,60,694,12318,12259,82,78.5,2.26172,2.25089,0.01506,12259,82,2.25089,0.01506,2021-01-18
435,0,435,12753,12694,82,81.2,2.34159,2.33076,0.01506,12694,82,2.33076,0.01506,2021-01-19
296,12,308,13061,12990,94,72.4,2.39814,2.38511,0.01726,12990,94,2.38511,0.01726,2021-01-20
252,129,381,13442,13242,223,74.5,2.4681,2.43138,0.04095,13242,223,2.43138,0.04095,2021-01-21
354,1401,1753,15195,13596,1624,84.2,2.78997,2.49637,0.29818,13596,1624,2.49637,0.29818,2021-01-22
392,195,586,15781,13988,1819,87.5,2.89756,2.56835,0.33399,13988,1819,2.56835,0.33399,2021-01-23
226,336,562,16343,14214,2155,90.6,3.00075,2.60985,0.39568,14214,2155,2.60985,0.39568,2021-01-24
25,825,850,17193,14239,2980,95.3,3.15682,2.61444,0.54716,14239,2980,2.61444,0.54716,2021-01-25
28,549,577,17770,14267,3529,98.5,3.26277,2.61958,0.64796,14267,3529,2.61958,0.64796,2021-01-26
117,759,874,18644,14384,4288,74.4,3.42324,2.64106,0.78732,14384,4288,2.64106,0.78732,2021-01-27
52,503,555,19199,14436,4791,76.6,3.52515,2.65061,0.87968,14436,4791,2.65061,0.87968,2021-01-28
56,1382,1438,20637,14492,6173,82.4,3.78918,2.66089,1.13343,14492,6173,2.66089,1.13343,2021-01-29
155,241,396,21033,14647,6414,83.9,3.86189,2.68935,1.17768,14647,6414,2.68935,1.17768,2021-01-30
1,76,77,21110,14648,6490,84.2,3.87603,2.68953,1.19163,14648,6490,2.68953,1.19163,2021-01-31
100,1181,1281,22391,14748,7671,87.3,4.11123,2.70789,1.40848,14748,7671,2.70789,1.40848,2021-02-01
193,763,956,23347,14941,8434,77.0,4.28676,2.74333,1.54857,14941,8434,2.74333,1.54857,2021-02-02
417,461,878,24225,15358,8895,79.8,4.44797,2.8199,1.63322,15358,8895,2.8199,1.63322,2021-02-03
431,585,1015,25240,15789,9480,83.2,4.63434,2.89903,1.74063,15789,9480,2.89903,1.74063,2021-02-04
291,552,841,26081,16080,10032,86.0,4.78876,2.95246,1.84198,16080,10032,2.95246,1.84198,2021-02-05
440,143,583,26664,16520,10175,87.9,4.8958,3.03325,1.86824,16520,10175,3.03325,1.86824,2021-02-06
0,0,0,26664,16520,10175,87.9,4.8958,3.03325,1.86824,16520,10175,3.03325,1.86824,2021-02-07
353,852,1205,27869,16873,11027,91.9,5.11705,3.09807,2.02468,16873,11027,3.09807,2.02468,2021-02-08
451,512,961,28830,17324,11539,88.6,5.2935,3.18088,2.11869,17324,11539,3.18088,2.11869,2021-02-09
516,363,878,29708,17840,11902,79.8,5.45471,3.27562,2.18534,17840,11902,3.27562,2.18534,2021-02-10
806,373,1175,30883,18646,12275,83.0,5.67046,3.42361,2.25382,18646,12275,3.42361,2.25382,2021-02-11
595,443,1034,31917,19241,12718,85.8,5.86031,3.53286,2.33516,19241,12718,3.53286,2.33516,2021-02-12
174,371,545,32462,19415,13089,79.3,5.96038,3.56481,2.40328,19415,13089,3.56481,2.40328,2021-02-13
11,239,250,32712,19426,13328,79.9,6.00628,3.56683,2.44717,19426,13328,3.56683,2.44717,2021-02-14
424,127,550,33262,19850,13455,81.3,6.10727,3.64468,2.47048,19850,13455,3.64468,2.47048,2021-02-15
674,18,679,33941,20524,13473,82.9,6.23194,3.76843,2.47379,20524,13473,3.76843,2.47379,2021-02-16
1065,121,1177,35118,21589,13594,85.8,6.44805,3.96398,2.49601,21589,13594,3.96398,2.49601,2021-02-17
1378,88,1447,36565,22967,13682,78.2,6.71373,4.21699,2.51216,22967,13682,4.21699,2.51216,2021-02-18
880,101,945,37510,23847,13783,80.2,6.88724,4.37857,2.53071,23847,13783,4.37857,2.53071,2021-02-19
125,288,412,37922,23972,14071,73.8,6.96289,4.40152,2.58359,23972,14071,4.40152,2.58359,2021-02-20
44,114,158,38080,24016,14185,74.1,6.9919,4.4096,2.60452,24016,14185,4.4096,2.60452,2021-02-21
670,95,757,38837,24686,14280,75.6,7.1309,4.53262,2.62196,24686,14280,4.53262,2.62196,2021-02-22
911,245,1129,39966,25597,14525,71.3,7.33819,4.69989,2.66695,25597,14525,4.69989,2.66695,2021-02-23
970,432,1376,41342,26567,14957,73.8,7.59084,4.87799,2.74627,26567,14957,4.87799,2.74627,2021-02-24
1213,456,1659,43001,27780,15413,76.7,7.89545,5.10071,2.82999,27780,15413,5.10071,2.82999,2021-02-25
961,331,1262,44263,28741,15744,79.0,8.12717,5.27716,2.89077,28741,15744,5.27716,2.89077,2021-02-26
628,453,1057,45320,29369,16197,75.7,8.32125,5.39247,2.97395,29369,16197,5.39247,2.97395,2021-02-27
246,10,246,45566,29615,16207,73.7,8.36641,5.43764,2.97578,29615,16207,5.43764,2.97578,2021-02-28
955,336,1266,46832,30570,16543,75.7,8.59887,5.61298,3.03747,30570,16543,5.61298,3.03747,2021-03-01
945,418,1327,48159,31515,16961,71.1,8.84252,5.7865,3.11422,31515,16961,5.7865,3.11422,2021-03-02
1154,557,1674,49833,32669,17518,73.6,9.14988,5.99838,3.2165,32669,17518,5.99838,3.2165,2021-03-03
1607,844,2398,52231,34276,18362,77.2,9.59018,6.29345,3.37146,34276,18362,6.29345,3.37146,2021-03-04
1754,671,2323,54554,36030,19033,80.6,10.01671,6.6155,3.49467,36030,19033,6.6155,3.49467,2021-03-05
667,206,821,55375,36697,19239,81.8,10.16745,6.73797,3.53249,36697,19239,6.73797,3.53249,2021-03-06
24,0,24,55399,36721,19239,81.8,10.17186,6.74238,3.53249,36721,19239,6.74238,3.53249,2021-03-07
1077,391,1436,56835,37798,19630,84.0,10.43553,6.94012,3.60428,37798,19630,6.94012,3.60428,2021-03-08
1024,698,1681,58516,38822,20328,79.6,10.74417,7.12814,3.73244,38822,20328,7.12814,3.73244,2021-03-09
1544,1019,2492,61008,40366,21347,76.8,11.20173,7.41164,3.91954,40366,21347,7.41164,3.91954,2021-03-10
1585,1137,2655,63663,41951,22484,80.1,11.68922,7.70266,4.12831,41951,22484,7.70266,4.12831,2021-03-11
1798,906,2614,66277,43749,23390,83.4,12.16918,8.03279,4.29466,43749,23390,8.03279,4.29466,2021-03-12
925,133,973,67250,44674,23523,82.3,12.34783,8.20263,4.31908,44674,23523,8.20263,4.31908,2021-03-13
21,92,110,67360,44695,23615,82.4,12.36803,8.20649,4.33597,44695,23615,8.20649,4.33597,2021-03-14
986,526,1456,68816,45681,24141,78.6,12.63537,8.38753,4.43255,45681,24141,8.38753,4.43255,2021-03-15
617,830,1409,70225,46298,24971,80.2,12.89407,8.50082,4.58495,46298,24971,8.50082,4.58495,2021-03-16
1225,1003,2134,72359,47523,25974,82.6,13.2859,8.72574,4.76911,47523,25974,8.72574,4.76911,2021-03-17
1249,1116,2338,74697,48772,27090,85.3,13.71518,8.95507,4.97402,48772,27090,8.95507,4.97402,2021-03-18
1590,967,2473,77170,50362,28057,88.1,14.16925,9.24701,5.15157,50362,28057,9.24701,5.15157,2021-03-19
677,230,889,78059,51039,28287,89.1,14.33248,9.37132,5.1938,51039,28287,9.37132,5.1938,2021-03-20
136,5,136,78195,51175,28292,89.3,14.35745,9.39629,5.19472,51175,28292,9.39629,5.19472,2021-03-21
1467,947,2352,80547,52642,29239,80.8,14.78931,9.66564,5.3686,52642,29239,9.66564,5.3686,2021-03-22
1737,858,2493,83040,54379,30097,83.3,15.24705,9.98458,5.52614,54379,30097,9.98458,5.52614,2021-03-23
1593,955,2420,85460,55972,31052,85.8,15.69139,10.27707,5.70149,55972,31052,10.27707,5.70149,2021-03-24
1861,1183,2924,88384,57833,32235,86.5,16.22827,10.61877,5.9187,57833,32235,10.61877,5.9187,2021-03-25
2671,774,3283,91667,60504,33009,89.7,16.83106,11.10919,6.06081,60504,33009,11.10919,6.06081,2021-03-26
1417,357,1680,93347,61921,33366,91.4,17.13953,11.36937,6.12636,61921,33366,11.36937,6.12636,2021-03-27
767,56,769,94116,62688,33422,92.1,17.28072,11.5102,6.13664,62688,33422,11.5102,6.13664,2021-03-28
1841,883,2584,96700,64529,34305,87.6,17.75517,11.84823,6.29877,64529,34305,11.84823,6.29877,2021-03-29
1791,816,2486,99186,66320,35121,89.9,18.21163,12.17707,6.4486,66320,35121,12.17707,6.4486,2021-03-30
1764,974,2633,101819,68084,36095,92.3,18.69508,12.50096,6.62744,68084,36095,12.50096,6.62744,2021-03-31
1843,1209,2952,104771,69927,37304,94.9,19.2371,12.83936,6.84942,69927,37304,12.83936,6.84942,2021-04-01
2217,860,2904,107675,72144,38164,94.2,19.7703,13.24642,7.00733,72144,38164,13.24642,7.00733,2021-04-02
1012,254,1190,108865,73156,38418,86.6,19.9888,13.43224,7.05396,73156,38418,13.43224,7.05396,2021-04-03
0,0,0,108865,73156,38418,86.6,19.9888,13.43224,7.05396,73156,38418,13.43224,7.05396,2021-04-04
34,7,36,108901,73190,38425,86.6,19.99541,13.43848,7.05525,73190,38425,13.43848,7.05525,2021-04-05
1519,835,2291,111192,74709,39260,80.2,20.41606,13.71739,7.20856,74709,39260,13.71739,7.20856,2021-04-06
1708,1084,2666,113858,76417,40344,82.1,20.90557,14.03099,7.4076,76417,40344,14.03099,7.4076,2021-04-07
2056,1232,3192,117050,78473,41576,84.4,21.49165,14.4085,7.63381,78473,41576,14.4085,7.63381,2021-04-08
1600,1281,2809,119859,80073,42857,86.5,22.00742,14.70227,7.86901,80073,42857,14.70227,7.86901,2021-04-09
2078,886,2882,122741,82151,43743,88.5,22.53658,15.08382,8.03169,82151,43743,15.08382,8.03169,2021-04-10
2299,199,2398,125139,84450,43942,90.3,22.97688,15.50594,8.06823,84450,43942,15.50594,8.06823,2021-04-11
2660,646,3165,128304,87110,44588,92.6,23.55801,15.99434,8.18684,87110,44588,15.99434,8.18684,2021-04-12
2117,594,2627,130931,89227,45182,94.5,24.04036,16.38305,8.29591,89227,45182,16.38305,8.29591,2021-04-13
2425,906,3164,134095,91652,46088,87.2,24.6213,16.82831,8.46226,91652,46088,16.82831,8.46226,2021-04-14
3085,409,3241,137336,94737,46497,88.5,25.21639,17.39475,8.53736,94737,46497,17.39475,8.53736,2021-04-15
2768,316,2918,140254,97505,46813,90.4,25.75216,17.90298,8.59538,97505,46813,17.90298,8.59538,2021-04-16
2202,170,2259,142513,99707,46983,91.8,26.16694,18.30729,8.62659,99707,46983,18.30729,8.62659,2021-04-17
1857,72,1866,144379,101564,47055,93.0,26.50956,18.64826,8.63981,101564,47055,18.64826,8.63981,2021-04-18
2623,220,2646,147025,104187,47275,92.6,26.99539,19.12987,8.6802,104187,47275,19.12987,8.6802,2021-04-19
2877,221,2914,149939,107064,47496,94.4,27.53043,19.65812,8.72078,107064,47496,19.65812,8.72078,2021-04-20
2897,207,2948,152887,109961,47703,86.0,28.07172,20.19004,8.75879,109961,47703,20.19004,8.75879,2021-04-21
3140,237,3186,156073,113101,47940,87.0,28.6567,20.76658,8.80231,113101,47940,20.76658,8.80231,2021-04-22
3621,248,3677,159750,116722,48188,89.1,29.33184,21.43143,8.84784,116722,48188,21.43143,8.84784,2021-04-23
3578,233,3594,163344,120300,48421,91.1,29.99174,22.08839,8.89062,120300,48421,22.08839,8.89062,2021-04-24
1999,132,2006,165350,122299,48553,92.2,30.36006,22.45543,8.91486,122299,48553,22.45543,8.91486,2021-04-25
2587,264,2683,168033,124886,48817,92.0,30.85269,22.93043,8.96333,124886,48817,22.93043,8.96333,2021-04-26
3894,374,3964,171997,128780,49191,94.2,31.58052,23.64541,9.032,128780,49191,23.64541,9.032,2021-04-27
4169,456,4308,176305,132949,49647,87.6,32.37152,24.41088,9.11573,132949,49647,24.41088,9.11573,2021-04-28
4503,572,4717,181022,137452,50219,89.9,33.23761,25.23768,9.22076,137452,50219,25.23768,9.22076,2021-04-29
4842,585,5007,186029,142294,50804,92.4,34.15695,26.12673,9.32817,142294,50804,26.12673,9.32817,2021-04-30
4856,358,4893,190922,147150,51162,86.3,35.05536,27.01834,9.3939,147150,51162,27.01834,9.3939,2021-05-01
3532,275,3570,194492,150682,51437,87.9,35.71085,27.66686,9.44439,150682,51437,27.66686,9.44439,2021-05-02
4165,488,4322,198814,154847,51925,89.9,36.50442,28.4316,9.534,154847,51925,28.4316,9.534,2021-05-03
4485,426,4582,203396,159332,52351,91.9,37.34572,29.25509,9.61221,159332,52351,29.25509,9.61221,2021-05-04
4763,760,5069,208465,164095,53111,86.9,38.27644,30.12963,9.75176,164095,53111,30.12963,9.75176,2021-05-05
4833,1312,5628,214093,168928,54423,89.2,39.30981,31.01702,9.99266,168928,54423,31.01702,9.99266,2021-05-06
5243,1361,6103,220196,174171,55784,90.5,40.43038,31.97969,10.24255,174171,55784,31.97969,10.24255,2021-05-07
2776,677,3203,223399,176947,56461,91.9,41.01849,32.4894,10.36685,176947,56461,32.4894,10.36685,2021-05-08
2010,488,2357,225756,178957,56949,92.8,41.45126,32.85845,10.45646,178957,56949,32.85845,10.45646,2021-05-09
2764,795,3282,229038,181721,57744,94.2,42.05387,33.36595,10.60243,181721,57744,33.36595,10.60243,2021-05-10
2888,1154,3755,232793,184609,58898,95.7,42.74333,33.89622,10.81431,184609,58898,33.89622,10.81431,2021-05-11
2139,1460,3363,236156,186748,60358,90.2,43.36081,34.28897,11.08239,186748,60358,34.28897,11.08239,2021-05-12
2336,1475,3464,239620,189084,61833,91.5,43.99684,34.71788,11.35321,189084,61833,34.71788,11.35321,2021-05-13
4031,1821,5468,245088,193115,63654,92.2,45.00083,35.45802,11.68757,193115,63654,35.45802,11.68757,2021-05-14
693,993,1613,246701,193808,64647,92.8,45.29699,35.58526,11.86989,193808,64647,35.58526,11.86989,2021-05-15
1116,319,1364,248065,194924,64966,93.3,45.54744,35.79017,11.92847,194924,64966,35.79017,11.92847,2021-05-16
4001,663,4366,252431,198925,65629,94.9,46.34908,36.5248,12.0502,198925,65629,36.5248,12.0502,2021-05-17
3459,1175,4331,256762,202384,66804,96.6,47.1443,37.15991,12.26594,202384,66804,37.15991,12.26594,2021-05-18
3938,1574,5217,261979,206322,68378,92.0,48.1022,37.88297,12.55495,206322,68378,37.88297,12.55495,2021-05-19
3449,2059,5147,267126,209771,70437,93.9,49.04724,38.51624,12.933,209771,70437,38.51624,12.933,2021-05-20
3416,2173,5228,272354,213187,72610,94.0,50.00716,39.14346,13.33199,213187,72610,39.14346,13.33199,2021-05-21
941,2569,3382,275736,214128,75179,95.2,50.62813,39.31623,13.80368,214128,75179,39.31623,13.80368,2021-05-22
461,1568,1998,277734,214589,76747,95.9,50.99499,39.40088,14.09159,214589,76747,39.40088,14.09159,2021-05-23
1390,3279,4502,282236,215979,80026,95.7,51.8216,39.6561,14.69365,215979,80026,39.6561,14.69365,2021-05-24
1906,3159,4888,287124,217885,83185,97.4,52.71909,40.00606,15.27367,217885,83185,40.00606,15.27367,2021-05-25
1244,2925,3984,291108,219129,86110,93.2,53.4506,40.23447,15.81073,219129,86110,40.23447,15.81073,2021-05-26
1302,3323,4393,295501,220431,89433,94.6,54.2572,40.47353,16.42087,220431,89433,40.47353,16.42087,2021-05-27
1541,2485,3816,299317,221972,91918,95.8,54.95786,40.75648,16.87715,221972,91918,40.75648,16.87715,2021-05-28
879,1693,2459,301776,222851,93611,96.6,55.40936,40.91787,17.188,222851,93611,40.91787,17.188,2021-05-29
935,915,1779,303555,223786,94526,95.0,55.736,41.08955,17.356,223786,94526,41.08955,17.356,2021-05-30
1722,3365,4811,308366,225508,97891,96.5,56.61936,41.40572,17.97385,225508,97891,41.40572,17.97385,2021-05-31
1204,3201,4129,312495,226712,101092,89.6,57.37749,41.62679,18.56159,226712,101092,41.62679,18.56159,2021-06-01
972,1993,2889,315384,227684,103085,90.4,57.90794,41.80526,18.92753,227684,103085,41.80526,18.92753,2021-06-02
1332,3642,4851,320235,229016,106727,91.8,58.79863,42.04983,19.59624,229016,106727,42.04983,19.59624,2021-06-03
1870,4252,5938,326173,230886,110979,89.2,59.88892,42.39318,20.37695,230886,110979,42.39318,20.37695,2021-06-04
777,3483,4154,330327,231663,114462,90.3,60.65164,42.53585,21.01647,231663,114462,42.53585,21.01647,2021-06-05
453,1841,2271,332598,232116,116303,90.2,61.06862,42.61903,21.3545,232116,116303,42.61903,21.3545,2021-06-06
2869,3661,5906,338504,234985,119964,91.8,62.15302,43.14581,22.0267,234985,119964,43.14581,22.0267,2021-06-07
1920,4333,6061,344565,236905,124297,93.4,63.26589,43.49834,22.82228,236905,124297,43.49834,22.82228,2021-06-08
2209,4610,6351,350916,239114,128907,88.9,64.432,43.90393,23.66873,239114,128907,43.90393,23.66873,2021-06-09
1961,4485,6238,357154,241075,133392,90.5,65.57736,44.264,24.49222,241075,133392,44.264,24.49222,2021-06-10
1608,6129,7336,364490,242683,139521,90.9,66.92433,44.55924,25.61758,242683,139521,44.55924,25.61758,2021-06-11
487,5013,5438,369928,243170,144534,92.3,67.92281,44.64866,26.53802,243170,144534,44.64866,26.53802,2021-06-12
306,3459,3738,373666,243476,147993,93.2,68.60915,44.70485,27.17313,243476,147993,44.70485,27.17313,2021-06-13
2171,3818,5832,379498,245647,151811,93.9,69.67997,45.10346,27.87415,245647,151811,45.10346,27.87415,2021-06-14
1774,4775,6347,385845,247421,156586,95.5,70.84534,45.42919,28.7509,247421,156586,45.42919,28.7509,2021-06-15
2116,4382,6335,392180,249537,160968,90.3,72.00852,45.81771,29.55548,249537,160968,45.81771,29.55548,2021-06-16
2216,4741,6761,398941,251753,165709,91.8,73.24991,46.22459,30.42598,251753,165709,46.22459,30.42598,2021-06-17
1887,5329,7080,406021,253640,171038,93.5,74.54988,46.57107,31.40444,253640,171038,46.57107,31.40444,2021-06-18
266,2914,3149,409170,253906,173952,94.2,75.12807,46.61991,31.93948,253906,173952,46.61991,31.93948,2021-06-19
36,1870,1901,411071,253942,175822,93.2,75.47711,46.62652,32.28283,253942,175822,46.62652,32.28283,2021-06-20
3842,2675,6274,417345,257784,178497,94.6,76.62909,47.33195,32.77399,257784,178497,47.33195,32.77399,2021-06-21
3827,2811,6397,423742,261611,181308,96.0,77.80365,48.03463,33.29012,261611,181308,48.03463,33.29012,2021-06-22
4838,2095,6715,430457,266449,183403,90.1,79.03659,48.92294,33.67479,266449,183403,48.92294,33.67479,2021-06-23
3859,2463,6076,436533,270308,185866,91.4,80.15221,49.63149,34.12702,270308,185866,49.63149,34.12702,2021-06-24
4380,3723,7842,444375,274688,189589,93.0,81.59209,50.43571,34.81061,274688,189589,50.43571,34.81061,2021-06-25
715,765,1442,445817,275403,190354,92.4,81.85686,50.56699,34.95107,275403,190354,50.56699,34.95107,2021-06-26
411,975,1372,447189,275814,191329,92.7,82.10877,50.64245,35.13009,275814,191329,50.64245,35.13009,2021-06-27
3125,4100,7003,454192,278939,195429,94.2,83.3946,51.21624,35.88289,278939,195429,51.21624,35.88289,2021-06-28
2932,3750,6472,460664,281871,199179,95.5,84.58293,51.75459,36.57143,281871,199179,51.75459,36.57143,2021-06-29
2847,4259,6910,467574,284718,203438,91.0,85.85168,52.27733,37.35343,284718,203438,52.27733,37.35343,2021-06-30
3798,3617,7173,474747,288516,207055,92.4,87.16872,52.97468,38.01755,288516,207055,52.97468,38.01755,2021-07-01
3858,3908,7463,482210,292374,210963,92.6,88.53901,53.68305,38.7351,292374,210963,53.68305,38.7351,2021-07-02
84,1196,1274,483484,292458,212159,92.8,88.77293,53.69847,38.9547,292458,212159,53.69847,38.9547,2021-07-03
69,163,230,483714,292527,212322,92.9,88.81516,53.71114,38.98463,292527,212322,53.71114,38.98463,2021-07-04
4060,1684,5464,489178,296587,214006,93.9,89.81841,54.4566,39.29383,296587,214006,54.4566,39.29383,2021-07-05
3319,2155,5257,494435,299906,216161,94.1,90.78365,55.06601,39.68951,299906,216161,55.06601,39.68951,2021-07-06
3133,1628,4542,498977,303039,217789,91.9,91.61761,55.64126,39.98843,303039,217789,55.64126,39.98843,2021-07-07
2696,1693,4190,503167,305735,219482,92.7,92.38694,56.13628,40.29929,305735,219482,56.13628,40.29929,2021-07-08
3282,2134,5181,508348,309017,221616,93.6,93.33823,56.73889,40.69111,309017,221616,56.73889,40.69111,2021-07-09
179,953,1101,509449,309196,222569,93.2,93.54039,56.77175,40.86609,309196,222569,56.77175,40.86609,2021-07-10
143,910,1044,510493,309339,223479,93.3,93.73207,56.79801,41.03318,309339,223479,56.79801,41.03318,2021-07-11
2253,2302,4296,514789,311592,225781,94.1,94.52087,57.21168,41.45585,311592,225781,57.21168,41.45585,2021-07-12
1926,2100,3871,518660,313518,227881,94.8,95.23163,57.56532,41.84143,313518,227881,57.56532,41.84143,2021-07-13
1864,2552,4233,522893,315382,230433,92.6,96.00885,57.90757,42.31001,315382,230433,57.90757,42.31001,2021-07-14
1953,2538,4327,527220,317335,232971,93.4,96.80333,58.26616,42.77601,317335,232971,58.26616,42.77601,2021-07-15
1910,2950,4629,531849,319245,235921,94.2,97.65327,58.61686,43.31767,319245,235921,58.61686,43.31767,2021-07-16
298,843,1115,532964,319543,236764,94.4,97.858,58.67158,43.47245,319543,236764,58.67158,43.47245,2021-07-17
130,360,471,533435,319673,237124,93.7,97.94448,58.69544,43.53855,319673,237124,58.69544,43.53855,2021-07-18
1614,3390,4844,538279,321287,240514,94.5,98.83389,58.99179,44.16099,321287,240514,58.99179,44.16099,2021-07-19
1923,3109,4863,543142,323210,243623,94.4,99.72679,59.34488,44.73184,323210,243623,59.34488,44.73184,2021-07-20
1645,3239,4752,547894,324855,246862,92.4,100.59931,59.64692,45.32655,324855,246862,59.64692,45.32655,2021-07-21
2058,2981,4816,552710,326913,249843,93.2,101.48358,60.02479,45.8739,326913,249843,60.02479,45.8739,2021-07-22
1843,3162,4812,557522,328756,253005,94.0,102.36711,60.36318,46.45447,328756,253005,60.36318,46.45447,2021-07-23
571,508,1018,558540,329327,253513,94.2,102.55403,60.46802,46.54775,329327,253513,60.46802,46.54775,2021-07-24
150,231,368,558908,329477,253744,94.3,102.6216,60.49557,46.59016,329477,253744,60.49557,46.59016,2021-07-25
912,3080,3913,562821,330389,256824,94.9,103.34007,60.66302,47.15568,330389,256824,60.66302,47.15568,2021-07-26
1928,3100,4885,567706,332317,259924,95.1,104.237,61.01702,47.72488,332317,259924,61.01702,47.72488,2021-07-27
2325,2818,4911,572617,334642,262742,93.1,105.13872,61.44392,48.24229,334642,262742,61.44392,48.24229,2021-07-28
2810,2885,5534,578151,337452,265627,94.0,106.15482,61.95986,48.77201,337452,265627,61.95986,48.77201,2021-07-29
2445,3606,5906,584057,339897,269233,95.0,107.23923,62.40879,49.43411,339897,269233,62.40879,49.43411,2021-07-30
1146,444,1531,585588,341043,269677,95.2,107.52033,62.61921,49.51563,341043,269677,62.61921,49.51563,2021-07-31
0,0,0,585588,341043,269677,95.2,107.52033,62.61921,49.51563,341043,269677,62.61921,49.51563,2021-08-01
1692,3796,5404,590992,342735,273473,96.1,108.51257,62.92988,50.21262,342735,273473,62.92988,50.21262,2021-08-02
2648,3757,6253,597245,345383,277230,96.4,109.66069,63.41608,50.90245,345383,277230,63.41608,50.90245,2021-08-03
2735,3651,6246,603491,348118,280881,94.7,110.80752,63.91826,51.57281,348118,280881,63.91826,51.57281,2021-08-04
3103,3458,6431,609922,351221,284339,95.8,111.98832,64.488,52.20774,351221,284339,64.488,52.20774,2021-08-05
2836,3820,6525,616447,354057,288159,96.8,113.18638,65.00872,52.90913,354057,288159,65.00872,52.90913,2021-08-06
870,820,1643,618090,354927,288979,97.0,113.48806,65.16846,53.05969,354927,288979,65.16846,53.05969,2021-08-07
257,398,647,618737,355184,289377,96.4,113.60685,65.21565,53.13277,355184,289377,65.21565,53.13277,2021-08-08
2466,3074,5390,624127,357650,292451,97.3,114.59652,65.66844,53.69719,357650,292451,65.66844,53.69719,2021-08-09
3158,3110,6069,630196,360808,295561,98.2,115.71085,66.24828,54.26822,360808,295561,66.24828,54.26822,2021-08-10
3337,2749,5904,636100,364145,298310,96.5,116.79489,66.86099,54.77297,364145,298310,66.86099,54.77297,2021-08-11
2412,3514,5741,641841,366557,301824,97.4,117.849,67.30386,55.41817,366557,301824,67.30386,55.41817,2021-08-12
2802,3369,6015,647856,369359,305193,93.8,118.95342,67.81834,56.03676,369359,305193,67.81834,56.03676,2021-08-13
56,239,292,648148,369415,305432,93.8,119.00703,67.82862,56.08064,369415,305432,67.82862,56.08064,2021-08-14
0,0,0,648148,369415,305432,93.8,119.00703,67.82862,56.08064,369415,305432,67.82862,56.08064,2021-08-15
1985,3031,4898,653046,371400,308463,94.5,119.90636,68.19309,56.63717,371400,308463,68.19309,56.63717,2021-08-16
2190,3508,5555,658601,373590,311971,95.3,120.92632,68.59519,57.28127,373590,311971,68.59519,57.28127,2021-08-17
1558,3201,4666,663267,375148,315172,92.1,121.78305,68.88126,57.86901,375148,315172,68.88126,57.86901,2021-08-18
1239,3536,4683,667950,376387,318708,92.8,122.6429,69.10875,58.51826,376387,318708,69.10875,58.51826,2021-08-19
1625,3754,5267,673217,378012,322462,93.5,123.60997,69.40712,59.20754,378012,322462,69.40712,59.20754,2021-08-20
675,761,1353,674570,378687,323223,93.7,123.8584,69.53106,59.34726,378687,323223,69.53106,59.34726,2021-08-21
246,187,416,674986,378933,323410,93.7,123.93478,69.57623,59.3816,378933,323410,69.57623,59.3816,2021-08-22
1618,2921,4368,679354,380551,326331,94.3,124.73679,69.87331,59.91793,380551,326331,69.87331,59.91793,2021-08-23
1424,3313,4639,683993,381975,329644,93.2,125.58856,70.13477,60.52623,381975,329644,70.13477,60.52623,2021-08-24
1223,3307,4452,688445,383198,332951,93.8,126.406,70.35933,61.13343,383198,332951,70.35933,61.13343,2021-08-25
1219,3086,4184,692629,384417,336037,90.5,127.17423,70.58315,61.70005,384417,336037,70.58315,61.70005,2021-08-26
1055,2893,3849,696478,385472,338930,91.0,127.88095,70.77686,62.23124,385472,338930,70.77686,62.23124,2021-08-27
599,815,1358,697836,386071,339745,91.1,128.13029,70.88684,62.38088,386071,339745,70.88684,62.38088,2021-08-28
348,309,631,698467,386419,340054,91.2,128.24615,70.95074,62.43762,386419,340054,70.95074,62.43762,2021-08-29
1338,2737,3950,702417,387757,342791,91.7,128.97141,71.19641,62.94016,387757,342791,71.19641,62.94016,2021-08-30
1387,3188,4466,706883,389144,345979,92.3,129.79142,71.45108,63.52551,389144,345979,71.45108,63.52551,2021-08-31
931,3127,3977,710860,390075,349106,92.8,130.52164,71.62202,64.09966,390075,349106,71.62202,64.09966,2021-09-01
1014,2419,3381,714241,391089,351525,91.2,131.14243,71.8082,64.54382,391089,351525,71.8082,64.54382,2021-09-02
882,2743,3554,717795,391971,354268,91.6,131.79498,71.97014,65.04746,391971,354268,71.97014,65.04746,2021-09-03
535,464,953,718748,392506,354732,91.8,131.96996,72.06838,65.13266,392506,354732,72.06838,65.13266,2021-09-04
2,0,2,718750,392508,354732,91.8,131.97033,72.06874,65.13266,392508,354732,72.06874,65.13266,2021-09-05
1099,2202,3194,721944,393607,356934,92.2,132.55678,72.27053,65.53697,393607,356934,72.27053,65.53697,2021-09-06
958,2210,3087,725031,394565,359144,90.8,133.12359,72.44643,65.94275,394565,359144,72.44643,65.94275,2021-09-07
527,1077,1571,726602,395092,360221,88.9,133.41204,72.54319,66.1405,395092,360221,72.54319,66.1405,2021-09-08
657,1128,1727,728329,395749,361349,89.2,133.72914,72.66383,66.34761,395749,361349,72.66383,66.34761,2021-09-09
859,1742,2518,730847,396608,363091,89.5,134.19147,72.82155,66.66746,396608,363091,72.82155,66.66746,2021-09-10
515,255,725,731572,397123,363346,89.6,134.32459,72.91611,66.71428,397123,363346,72.91611,66.71428,2021-09-11
3,4,7,731579,397126,363350,89.6,134.32587,72.91666,66.71502,397126,363350,72.91666,66.71502,2021-09-12
907,1635,2467,734046,398033,364985,89.9,134.77884,73.08319,67.01522,398033,364985,73.08319,67.01522,2021-09-13
643,1397,1990,736036,398676,366382,90.1,135.14423,73.20126,67.27173,398676,366382,73.20126,67.27173,2021-09-14
538,1232,1710,737746,399214,367614,89.7,135.4582,73.30004,67.49793,399214,367614,73.30004,67.49793,2021-09-15
633,1285,1863,739609,399847,368899,88.6,135.80027,73.41626,67.73387,399847,368899,73.41626,67.73387,2021-09-16
603,1038,1577,741186,400450,369937,90.3,136.08982,73.52698,67.92446,400450,369937,73.52698,67.92446,2021-09-17
951,757,1641,742827,401401,370694,90.5,136.39113,73.7016,68.06346,401401,370694,73.7016,68.06346,2021-09-18
316,187,487,743314,401717,370881,90.5,136.48055,73.75962,68.09779,401717,370881,73.75962,68.09779,2021-09-19
1533,1393,2830,746144,403250,372274,90.9,137.00017,74.04109,68.35356,403250,372274,74.04109,68.35356,2021-09-20
1199,1305,2435,748579,404449,373579,91.2,137.44726,74.26124,68.59317,404449,373579,74.26124,68.59317,2021-09-21
1182,824,1962,750541,405631,374403,89.7,137.8075,74.47827,68.74447,405631,374403,74.47827,68.74447,2021-09-22
1255,1026,2208,752749,406886,375429,90.0,138.21292,74.7087,68.93285,406886,375429,74.7087,68.93285,2021-09-23
1012,889,1861,754610,407898,376318,90.2,138.55462,74.89452,69.09608,407898,376318,74.89452,69.09608,2021-09-24
602,427,1001,755611,408500,376745,90.3,138.73841,75.00505,69.17449,408500,376745,75.00505,69.17449,2021-09-25
235,266,490,756101,408735,377011,90.4,138.82838,75.0482,69.22333,408735,377011,75.0482,69.22333,2021-09-26
1272,1147,2368,758469,410007,378158,90.7,139.26317,75.28175,69.43393,410007,378158,75.28175,69.43393,2021-09-27
994,1010,1949,760418,411001,379168,91.9,139.62103,75.46426,69.61937,411001,379168,75.46426,69.61937,2021-09-28
845,624,1427,761845,411846,379792,87.7,139.88304,75.61941,69.73395,411846,379792,75.61941,69.73395,2021-09-29
1141,824,1906,763751,412987,380616,88.0,140.233,75.82891,69.88524,412987,380616,75.82891,69.88524,2021-09-30
797,580,1322,765073,413784,381196,88.1,140.47574,75.97525,69.99174,413784,381196,75.97525,69.99174,2021-10-01
469,493,938,766011,414253,381689,88.2,140.64796,76.06136,70.08226,414253,381689,76.06136,70.08226,2021-10-02
384,40,417,766428,414637,381729,88.3,140.72453,76.13187,70.0896,414637,381729,76.13187,70.0896,2021-10-03
775,959,1695,768123,415412,382688,88.5,141.03575,76.27417,70.26568,415412,382688,76.27417,70.26568,2021-10-04
1014,705,1683,769806,416426,383393,88.6,141.34477,76.46035,70.39513,416426,383393,76.46035,70.39513,2021-10-05
742,467,1178,770984,417168,383860,87.7,141.56106,76.59659,70.48088,417168,383860,76.59659,70.48088,2021-10-06
1262,530,1712,772696,418430,384390,87.9,141.8754,76.82831,70.57819,418430,384390,76.82831,70.57819,2021-10-07
1099,872,1910,774606,419529,385262,88.1,142.2261,77.03009,70.7383,419529,385262,77.03009,70.7383,2021-10-08
473,414,865,775471,420002,385676,88.2,142.38492,77.11694,70.81431,420002,385676,77.11694,70.81431,2021-10-09
322,42,354,775825,420324,385718,88.3,142.44992,77.17606,70.82203,420324,385718,77.17606,70.82203,2021-10-10
287,1151,1427,777252,420611,386869,88.4,142.71193,77.22876,71.03336,420611,386869,77.22876,71.03336,2021-10-11
1059,1193,2191,779443,421670,388062,88.7,143.11422,77.4232,71.25241,421670,388062,77.4232,71.25241,2021-10-12
671,980,1626,781069,422341,389042,88.9,143.41278,77.54641,71.43235,422341,389042,77.54641,71.43235,2021-10-13
912,1186,2014,783083,423253,390228,89.1,143.78257,77.71386,71.65011,423253,390228,77.71386,71.65011,2021-10-14
880,1080,1900,784983,424133,391308,89.3,144.13143,77.87544,71.84841,424133,391308,77.87544,71.84841,2021-10-15
279,526,797,785780,424412,391834,89.4,144.27777,77.92667,71.94499,424412,391834,77.92667,71.94499,2021-10-16
222,45,257,786037,424634,391879,89.4,144.32495,77.96743,71.95325,424634,391879,77.96743,71.95325,2021-10-17
566,1275,1808,787845,425200,393154,89.6,144.65692,78.07135,72.18736,425200,393154,78.07135,72.18736,2021-10-18
564,1057,1593,789438,425764,394211,89.8,144.94942,78.17491,72.38143,425764,394211,78.17491,72.38143,2021-10-19
414,799,1194,790632,426178,395010,90.0,145.16865,78.25092,72.52814,426178,395010,78.25092,72.52814,2021-10-20
434,1072,1453,792085,426612,396082,90.1,145.43543,78.33061,72.72497,426612,396082,78.33061,72.72497,2021-10-21
362,809,1137,793222,426974,396891,90.3,145.6442,78.39708,72.87351,426974,396891,78.39708,72.87351,2021-10-22
134,373,501,793723,427108,397264,90.3,145.73619,78.42168,72.942,427108,397264,78.42168,72.942,2021-10-23
0,0,0,793723,427108,397264,90.3,145.73619,78.42168,72.942,427108,397264,78.42168,72.942,2021-10-24
255,911,1154,794877,427363,398175,90.4,145.94807,78.4685,73.10927,427363,398175,78.4685,73.10927,2021-10-25
265,888,1122,795999,427628,399063,90.6,146.15409,78.51716,73.27231,427628,399063,78.51716,73.27231,2021-10-26
128,646,766,796765,427756,399709,90.7,146.29473,78.54066,73.39093,427756,399709,78.54066,73.39093,2021-10-27
291,1097,1357,798122,428047,400806,90.8,146.54389,78.59409,73.59235,428047,400806,78.59409,73.59235,2021-10-28
273,879,1134,799256,428320,401685,90.9,146.75211,78.64422,73.75374,428320,401685,78.64422,73.75374,2021-10-29
86,226,301,799557,428406,401911,91.0,146.80737,78.66001,73.79524,428406,401911,78.66001,73.79524,2021-10-30
1,4,5,799562,428407,401915,91.0,146.80829,78.66019,73.79597,428407,401915,78.66019,73.79597,2021-10-31
0,0,0,799562,428407,401915,91.0,146.80829,78.66019,73.79597,428407,401915,78.66019,73.79597,2021-11-01
271,1370,1622,801184,428678,403285,91.2,147.10611,78.70995,74.04752,428678,403285,78.70995,74.04752,2021-11-02
192,706,879,802063,428870,403991,91.3,147.2675,78.7452,74.17715,428870,403991,78.7452,74.17715,2021-11-03
263,615,847,802910,429133,404606,91.4,147.42302,78.79349,74.29007,429133,404606,78.79349,74.29007,2021-11-04
270,912,1147,804057,429403,405518,91.5,147.63362,78.84307,74.45752,429403,405518,78.84307,74.45752,2021-11-05
2,13,15,804072,429405,405531,91.5,147.63638,78.84343,74.45991,429405,405531,78.84343,74.45991,2021-11-06
0,0,0,804072,429405,405531,91.5,147.63638,78.84343,74.45991,429405,405531,78.84343,74.45991,2021-11-07
177,457,627,804699,429582,405988,91.6,147.7515,78.87593,74.54382,429582,405988,78.87593,74.54382,2021-11-08
136,614,737,805436,429718,406602,91.6,147.88682,78.90091,74.65656,429718,406602,78.90091,74.65656,2021-11-09
135,390,518,805954,429853,406992,91.7,147.98193,78.92569,74.72816,429853,406992,78.92569,74.72816,2021-11-10
357,738,1066,807020,430210,407730,91.8,148.17766,78.99124,74.86367,430210,407730,78.99124,74.86367,2021-11-11
255,418,654,807674,430465,408148,91.9,148.29774,79.03806,74.94042,430465,408148,79.03806,74.94042,2021-11-12
139,98,235,807909,430604,408246,91.9,148.34089,79.06358,74.95841,430604,408246,79.06358,74.95841,2021-11-13
0,0,0,807909,430604,408246,91.9,148.34089,79.06358,74.95841,430604,408246,79.06358,74.95841,2021-11-14
153,391,536,808445,430757,408637,92.0,148.43931,79.09168,75.0302,430757,408637,79.09168,75.0302,2021-11-15
223,405,615,809060,430980,409042,92.1,148.55223,79.13262,75.10457,430980,409042,79.13262,75.10457,2021-11-16
123,273,393,809453,431103,409315,92.1,148.62439,79.15521,75.15469,431103,409315,79.15521,75.15469,2021-11-17
357,428,769,810222,431460,409743,92.2,148.76558,79.22076,75.23328,431460,409743,79.22076,75.23328,2021-11-18
300,458,741,810963,431760,410201,92.3,148.90164,79.27584,75.31737,431760,410201,79.27584,75.31737,2021-11-19
81,50,127,811090,431841,410251,92.3,148.92496,79.29071,75.32655,431841,410251,79.29071,75.32655,2021-11-20
117,89,203,811293,431958,410340,92.3,148.96223,79.31219,75.34289,431958,410340,79.31219,75.34289,2021-11-21
174,104,273,811566,432132,410444,92.3,149.01236,79.34414,75.36199,432132,410444,79.34414,75.36199,2021-11-22
286,249,526,812092,432418,410693,92.4,149.10894,79.39665,75.40771,432418,410693,79.39665,75.40771,2021-11-23
209,229,431,812523,432627,410922,92.4,149.18807,79.43503,75.44975,432627,410922,79.43503,75.44975,2021-11-24
295,247,535,813058,432922,411169,92.5,149.2863,79.48919,75.49511,432922,411169,79.48919,75.49511,2021-11-25
500,275,747,813805,433422,411444,92.6,149.42346,79.581,75.5456,433422,411444,79.581,75.5456,2021-11-26
267,98,365,814170,433689,411542,92.6,149.49048,79.63002,75.56359,433689,411542,79.63002,75.56359,2021-11-27
60,32,92,814262,433749,411574,92.6,149.50737,79.64104,75.56947,433749,411574,79.64104,75.56947,2021-11-28
294,179,468,814730,434043,411753,92.7,149.5933,79.69502,75.60234,434043,411753,79.69502,75.60234,2021-11-29
387,274,659,815389,434430,412027,92.8,149.7143,79.76608,75.65264,434430,412027,79.76608,75.65264,2021-11-30
296,149,441,815830,434726,412176,90.3,149.79527,79.82043,75.68,434726,412176,79.82043,75.68,2021-12-01
359,346,703,816533,435085,412522,89.7,149.92435,79.88634,75.74353,435085,412522,79.88634,75.74353,2021-12-02
395,273,654,817187,435480,412795,89.8,150.04443,79.95887,75.79366,435480,412795,79.95887,75.79366,2021-12-03
479,283,761,817948,435959,413078,89.8,150.18416,80.04682,75.84562,435959,413078,80.04682,75.84562,2021-12-04
409,162,570,818518,436368,413240,89.9,150.28882,80.12192,75.87536,436368,413240,80.12192,75.87536,2021-12-05
1235,321,1544,820062,437603,413561,90.1,150.57232,80.34868,75.9343,437603,413561,80.34868,75.9343,2021-12-06
739,337,1069,821131,438342,413898,90.2,150.7686,80.48437,75.99618,438342,413898,80.48437,75.99618,2021-12-07
1312,155,1457,822588,439654,414053,90.4,151.03612,80.72526,76.02464,439654,414053,80.72526,76.02464,2021-12-08
208,280,487,823075,439862,414333,90.4,151.12553,80.76345,76.07605,439862,414333,80.76345,76.07605,2021-12-09
259,235,491,823566,440121,414568,89.8,151.21569,80.81101,76.1192,440121,414568,80.81101,76.1192,2021-12-10
69,92,160,823726,440190,414660,89.8,151.24507,80.82368,76.13609,440190,414660,80.82368,76.13609,2021-12-11
35,40,75,823801,440225,414700,89.8,151.25884,80.8301,76.14344,440225,414700,80.8301,76.14344,2021-12-12
212,187,393,824194,440437,414887,89.3,151.331,80.86903,76.17777,440437,414887,80.86903,76.17777,2021-12-13
366,290,652,824846,440803,415177,89.4,151.45071,80.93623,76.23102,440803,415177,80.93623,76.23102,2021-12-14
235,198,431,825277,441038,415375,86.4,151.52985,80.97938,76.26737,441038,415375,80.97938,76.26737,2021-12-15
194,227,419,825696,441232,415602,85.3,151.60678,81.015,76.30905,441232,415602,81.015,76.30905,2021-12-16
424,366,779,826475,441656,415968,85.3,151.74981,81.09285,76.37626,441656,415968,81.09285,76.37626,2021-12-17
0,0,0,826475,441656,415968,85.3,151.74981,81.09285,76.37626,441656,415968,81.09285,76.37626,2021-12-18
534,218,41078,867553,442190,416186,102.3,159.29218,81.1909,76.41628,442190,416186,81.1909,76.41628,2021-12-19
535,218,41079,908632,442725,416404,102.3,166.83473,81.28913,76.45631,442725,416404,81.28913,76.45631,2021-12-20
535,218,41078,949710,443260,416622,102.3,174.3771,81.38736,76.49634,443260,416622,81.38736,76.49634,2021-12-21
535,219,41079,990789,443795,416841,102.3,181.91965,81.4856,76.53655,443795,416841,81.4856,76.53655,2021-12-22
1038,927,7230,998019,444833,417768,101.0,183.24716,81.67618,76.70676,444833,417768,81.67618,76.70676,2021-12-23
424,388,3493,1001512,445257,418156,101.3,183.88851,81.75403,76.778,445257,418156,81.75403,76.778,2021-12-24
37,78,469,1001981,445294,418234,101.4,183.97462,81.76083,76.79232,445294,418234,81.76083,76.79232,2021-12-25
1,1,3,1001984,445295,418235,101.4,183.97518,81.76101,76.7925,445295,418235,81.76101,76.7925,2021-12-26
104,346,1952,1003936,445399,418581,101.6,184.33358,81.78011,76.85603,445399,418581,81.78011,76.85603,2021-12-27
763,686,5920,1009856,446162,419267,101.0,185.42056,81.9202,76.98199,446162,419267,81.9202,76.98199,2021-12-28
855,934,5685,1015541,447017,420201,101.6,186.46439,82.07719,77.15348,447017,420201,82.07719,77.15348,2021-12-29
364,721,5085,1020626,447381,420922,102.1,187.39805,82.14402,77.28586,447381,420922,82.14402,77.28586,2021-12-30
412,333,3735,1024361,447793,421255,102.4,188.08384,82.21967,77.34701,447793,421255,82.21967,77.34701,2021-12-31
8,49,251,1024612,447801,421304,102.5,188.12992,82.22114,77.356,447801,421304,82.22114,77.356,2022-01-01
76,37,593,1025205,447877,421341,102.5,188.2388,82.2351,77.3628,447877,421341,82.2351,77.3628,2022-01-02
147,206,2162,1027367,448024,421547,102.7,188.63577,82.26209,77.40062,448024,421547,82.26209,77.40062,2022-01-03
277,359,4010,1031377,448301,421906,103.1,189.37205,82.31295,77.46654,448301,421906,82.31295,77.46654,2022-01-04
573,432,4152,1035529,448874,422338,101.0,190.1344,82.41816,77.54586,448874,422338,82.41816,77.54586,2022-01-05
439,160,2197,1037726,449313,422498,101.2,190.5378,82.49876,77.57523,449313,422498,82.49876,77.57523,2022-01-06
1059,145,2493,1040219,450372,422643,101.4,190.99554,82.6932,77.60186,450372,422643,82.6932,77.60186,2022-01-07
911,215,2827,1043046,451283,422858,101.7,191.51461,82.86047,77.64133,451283,422858,82.86047,77.64133,2022-01-08
624,109,2131,1045177,451907,422967,101.9,191.90588,82.97505,77.66135,451907,422967,82.97505,77.66135,2022-01-09
882,1344,3785,1048962,452789,424311,102.3,192.60085,83.13699,77.90812,452789,424311,83.13699,77.90812,2022-01-10
501,483,3929,1052891,453290,424794,102.7,193.32226,83.22898,77.99681,453290,424794,83.22898,77.99681,2022-01-11
826,550,5591,1058482,454116,425344,100.8,194.34882,83.38064,78.09779,454116,425344,83.38064,78.09779,2022-01-12
551,608,4894,1063376,454667,425952,100.5,195.24742,83.48181,78.20943,454667,425952,83.48181,78.20943,2022-01-13
867,578,4806,1068182,455534,426530,100.9,196.12985,83.641,78.31555,455534,426530,83.641,78.31555,2022-01-14
867,444,8500,1076682,456401,426974,101.7,197.69054,83.80019,78.39708,456401,426974,83.80019,78.39708,2022-01-15
763,613,15380,1092062,457164,427587,103.2,200.51448,83.94029,78.50963,457164,427587,83.94029,78.50963,2022-01-16
409,478,9578,1101640,457573,428065,104.1,202.2731,84.01539,78.5974,457573,428065,84.01539,78.5974,2022-01-17
355,713,4570,1106210,457928,428778,104.5,203.1122,84.08057,78.72831,457928,428778,84.08057,78.72831,2022-01-18
438,786,4998,1111208,458366,429564,103.1,204.02989,84.16099,78.87263,458366,429564,84.16099,78.87263,2022-01-19
377,373,4694,1115902,458743,429937,102.9,204.89176,84.23021,78.94112,458743,429937,84.23021,78.94112,2022-01-20
697,471,4322,1120224,459440,430408,103.3,205.68533,84.35819,79.0276,459440,430408,84.35819,79.0276,2022-01-21
478,188,3231,1123455,459918,430596,103.6,206.27857,84.44595,79.06212,459918,430596,84.44595,79.06212,2022-01-22
549,328,3028,1126483,460467,430924,103.8,206.83455,84.54676,79.12234,460467,430924,84.54676,79.12234,2022-01-23
264,225,2716,1129199,460731,431149,107.6,207.33324,84.59523,79.16365,460731,431149,84.59523,79.16365,2022-01-24
192,363,3210,1132409,460923,431512,107.1,207.92263,84.63048,79.2303,460923,431512,84.63048,79.2303,2022-01-25
219,552,3366,1135775,461142,432064,106.9,208.54066,84.67069,79.33166,461142,432064,84.67069,79.33166,2022-01-26
141,299,1268,1137043,461283,432363,107.0,208.77348,84.69658,79.38656,461283,432363,84.69658,79.38656,2022-01-27
