delta_1d,delta_2d,delta_all,sum_doses,sum_1d,sum_2d,perc_doses,perc_inh_tot,perc_inh_1d,perc_inh_2d,sum_monotone_1d,sum_monotone_2d,perc_inh_monotone_1d,perc_inh_monotone_2d,date
0,0,0,0,0,0,0,0,0,0,0,0,0,0,2020-12-26
144,0,144,144,144,0,99.3,0.02699,0.02699,0.0,144,0,0.02699,0.0,2020-12-27
0,0,0,144,144,0,99.3,0.02699,0.02699,0.0,144,0,0.02699,0.0,2020-12-28
0,0,0,144,144,0,99.3,0.02699,0.02699,0.0,144,0,0.02699,0.0,2020-12-29
390,2,390,534,534,2,368.3,0.10011,0.10011,0.00037,534,2,0.10011,0.00037,2020-12-30
930,2,930,1464,1464,4,24.4,0.27445,0.27445,0.00075,1464,4,0.27445,0.00075,2020-12-31
6,0,6,1470,1470,4,24.5,0.27557,0.27557,0.00075,1470,4,0.27557,0.00075,2021-01-01
91,0,91,1561,1561,4,26.0,0.29263,0.29263,0.00075,1561,4,0.29263,0.00075,2021-01-02
42,0,42,1603,1603,4,26.7,0.3005,0.3005,0.00075,1603,4,0.3005,0.00075,2021-01-03
511,1,511,2114,2114,5,35.3,0.3963,0.3963,0.00094,2114,5,0.3963,0.00094,2021-01-04
832,0,832,2946,2946,5,49.1,0.55227,0.55227,0.00094,2946,5,0.55227,0.00094,2021-01-05
60,0,60,3006,3006,5,50.1,0.56351,0.56351,0.00094,3006,5,0.56351,0.00094,2021-01-06
923,0,923,3929,3929,5,30.6,0.73654,0.73654,0.00094,3929,5,0.73654,0.00094,2021-01-07
1539,3,1539,5468,5468,8,42.7,1.02505,1.02505,0.0015,5468,8,1.02505,0.0015,2021-01-08
613,0,613,6081,6081,8,47.4,1.13996,1.13996,0.0015,6081,8,1.13996,0.0015,2021-01-09
2,0,2,6083,6083,8,47.4,1.14034,1.14034,0.0015,6083,8,1.14034,0.0015,2021-01-10
1608,12,1608,7691,7691,20,39.1,1.44178,1.44178,0.00375,7691,20,1.44178,0.00375,2021-01-11
1715,5,1715,9406,9406,25,47.9,1.76328,1.76328,0.00469,9406,25,1.76328,0.00469,2021-01-12
1737,3,1737,11143,11143,28,56.7,2.0889,2.0889,0.00525,11143,28,2.0889,0.00525,2021-01-13
1957,5,1957,13100,13100,33,66.7,2.45576,2.45576,0.00619,13100,33,2.45576,0.00619,2021-01-14
3311,14,3311,16411,16411,47,83.5,3.07645,3.07645,0.00881,16411,47,3.07645,0.00881,2021-01-15
2845,8,2845,19256,19256,55,98.0,3.60978,3.60978,0.01031,19256,55,3.60978,0.01031,2021-01-16
2319,16,2330,21586,21575,71,109.9,4.04657,4.04451,0.01331,21575,71,4.04451,0.01331,2021-01-17
1772,6,1777,23363,23347,77,118.9,4.37969,4.3767,0.01443,23347,77,4.3767,0.01443,2021-01-18
724,131,854,24217,24071,208,123.3,4.53979,4.51242,0.03899,24071,208,4.51242,0.03899,2021-01-19
410,211,619,24836,24481,419,126.4,4.65583,4.58928,0.07855,24481,419,4.58928,0.07855,2021-01-20
141,830,971,25807,24622,1249,111.5,4.83785,4.61571,0.23414,24622,1249,4.61571,0.23414,2021-01-21
124,127,248,26055,24746,1376,112.5,4.88434,4.63896,0.25795,24746,1376,4.63896,0.25795,2021-01-22
1,196,197,26252,24747,1572,113.4,4.92127,4.63914,0.29469,24747,1572,4.63914,0.29469,2021-01-23
0,12,12,26264,24747,1584,113.4,4.92352,4.63914,0.29694,24747,1584,4.63914,0.29694,2021-01-24
3,492,495,26759,24750,2076,115.6,5.01632,4.63971,0.38917,24750,2076,4.63971,0.38917,2021-01-25
1,811,812,27571,24751,2887,84.8,5.16854,4.63989,0.54121,24751,2887,4.63989,0.54121,2021-01-26
1,84,85,27656,24752,2971,85.1,5.18447,4.64008,0.55695,24752,2971,4.64008,0.55695,2021-01-27
9,864,873,28529,24761,3835,87.7,5.34813,4.64177,0.71892,24761,3835,4.64177,0.71892,2021-01-28
26,1492,1518,30047,24787,5327,92.4,5.6327,4.64664,0.99861,24787,5327,4.64664,0.99861,2021-01-29
4,496,500,30547,24791,5823,93.9,5.72643,4.64739,1.0916,24791,5823,4.64739,1.0916,2021-01-30
0,0,0,30547,24791,5823,93.9,5.72643,4.64739,1.0916,24791,5823,4.64739,1.0916,2021-01-31
14,1460,1473,32020,24805,7283,96.7,6.00256,4.65002,1.36529,24805,7283,4.65002,1.36529,2021-02-01
11,1743,1754,33774,24816,9026,81.8,6.33137,4.65208,1.69204,24816,9026,4.65208,1.69204,2021-02-02
5,1508,1513,35287,24821,10534,85.4,6.615,4.65302,1.97473,24821,10534,4.65302,1.97473,2021-02-03
8,1965,1973,37260,24829,12499,90.2,6.98487,4.65452,2.3431,24829,12499,4.65452,2.3431,2021-02-04
9,3230,3239,40499,24838,15729,98.0,7.59206,4.6562,2.9486,24838,15729,4.6562,2.9486,2021-02-05
19,2619,2638,43137,24857,18348,104.4,8.08659,4.65976,3.43957,24857,18348,4.65976,3.43957,2021-02-06
344,2359,2697,45834,25201,20707,111.0,8.59217,4.72425,3.88179,25201,20707,4.72425,3.88179,2021-02-07
1,1,2,45836,25202,20708,111.0,8.59255,4.72444,3.88198,25202,20708,4.72444,3.88198,2021-02-08
1,316,317,46153,25203,21024,106.3,8.65197,4.72463,3.94122,25203,21024,4.72463,3.94122,2021-02-09
27,1611,1637,47790,25230,22635,99.4,8.95885,4.72969,4.24322,25230,22635,4.72969,4.24322,2021-02-10
239,859,1097,48887,25469,23494,101.7,9.1645,4.77449,4.40425,25469,23494,4.77449,4.40425,2021-02-11
483,266,731,49618,25952,23760,103.2,9.30153,4.86504,4.45412,25952,23760,4.86504,4.45412,2021-02-12
314,7,320,49938,26266,23767,97.0,9.36152,4.9239,4.45543,26266,23767,4.9239,4.45543,2021-02-13
298,2,300,50238,26564,23769,97.6,9.41776,4.97976,4.4558,26564,23769,4.97976,4.4558,2021-02-14
26,48,72,50310,26590,23817,97.7,9.43126,4.98464,4.4648,26590,23817,4.98464,4.4648,2021-02-15
530,1,530,50840,27120,23818,98.7,9.53061,5.08399,4.46499,27120,23818,5.08399,4.46499,2021-02-16
139,17,156,50996,27259,23835,99.1,9.55986,5.11005,4.46818,27259,23835,5.11005,4.46818,2021-02-17
1836,33,1843,52839,29095,23868,94.1,9.90535,5.45423,4.47436,29095,23868,5.45423,4.47436,2021-02-18
2243,58,2254,55093,31338,23926,98.1,10.32789,5.87471,4.48524,31338,23926,5.87471,4.48524,2021-02-19
1785,34,1803,56896,33123,23960,94.3,10.66589,6.20933,4.49161,33123,23960,6.20933,4.49161,2021-02-20
0,0,0,56896,33123,23960,94.3,10.66589,6.20933,4.49161,33123,23960,6.20933,4.49161,2021-02-21
517,33,531,57427,33640,23993,95.1,10.76543,6.30625,4.4978,33640,23993,6.30625,4.4978,2021-02-22
764,10,770,58197,34404,24003,87.9,10.90978,6.44947,4.49967,34404,24003,6.44947,4.49967,2021-02-23
1355,47,1367,59564,35759,24050,90.0,11.16604,6.70348,4.50848,35759,24050,6.70348,4.50848,2021-02-24
1498,8,1499,61063,37257,24058,92.2,11.44704,6.9843,4.50998,37257,24058,6.9843,4.50998,2021-02-25
1499,49,1529,62592,38756,24107,94.5,11.73368,7.26531,4.51917,38756,24107,7.26531,4.51917,2021-02-26
2449,33,2459,65051,41205,24140,93.2,12.19465,7.72441,4.52535,41205,24140,7.72441,4.52535,2021-02-27
0,0,0,65051,41205,24140,90.5,12.19465,7.72441,4.52535,41205,24140,7.72441,4.52535,2021-02-28
924,40,925,65976,42129,24180,91.7,12.36805,7.89762,4.53285,42129,24180,7.89762,4.53285,2021-03-01
694,2,696,66672,42823,24182,85.7,12.49852,8.02772,4.53323,42823,24182,8.02772,4.53323,2021-03-02
1167,17,1180,67852,43990,24199,87.3,12.71973,8.24649,4.53641,43990,24199,8.24649,4.53641,2021-03-03
1499,258,1728,69580,45489,24457,89.5,13.04367,8.5275,4.58478,45489,24457,8.5275,4.58478,2021-03-04
1403,459,1847,71427,46892,24916,91.8,13.38991,8.79051,4.67082,46892,24916,8.79051,4.67082,2021-03-05
3770,291,3982,75409,50662,25207,97.0,14.13639,9.49724,4.72538,50662,25207,9.49724,4.72538,2021-03-06
21,429,449,75858,50683,25636,97.5,14.22056,9.50118,4.8058,50683,25636,9.50118,4.8058,2021-03-07
1189,45,1216,77074,51872,25681,99.1,14.44851,9.72407,4.81423,51872,25681,9.72407,4.81423,2021-03-08
1197,28,1199,78273,53069,25709,93.6,14.67328,9.94847,4.81948,53069,25709,9.94847,4.81948,2021-03-09
1136,199,1280,79553,54205,25908,89.3,14.91323,10.16142,4.85679,54205,25908,10.16142,4.85679,2021-03-10
1155,578,1695,81248,55360,26486,91.2,15.23098,10.37794,4.96514,55360,26486,10.37794,4.96514,2021-03-11
1266,445,1679,82927,56626,26931,93.0,15.54573,10.61527,5.04856,56626,26931,10.61527,5.04856,2021-03-12
2788,132,2889,85816,59414,27063,94.1,16.08731,11.13792,5.07331,59414,27063,11.13792,5.07331,2021-03-13
25,736,760,86576,59439,27799,94.9,16.22978,11.1426,5.21128,59439,27799,11.1426,5.21128,2021-03-14
713,499,1198,87774,60152,28298,90.4,16.45436,11.27627,5.30482,60152,28298,11.27627,5.30482,2021-03-15
124,1174,1290,89064,60276,29472,91.7,16.69619,11.29951,5.52491,60276,29472,11.29951,5.52491,2021-03-16
581,37,582,89646,60857,29509,92.3,16.8053,11.40843,5.53184,60857,29509,11.40843,5.53184,2021-03-17
230,1086,1305,90951,61087,30595,93.7,17.04993,11.45154,5.73543,61087,30595,11.45154,5.73543,2021-03-18
804,1159,1925,92876,61891,31754,95.7,17.4108,11.60226,5.9527,61891,31754,11.60226,5.9527,2021-03-19
1139,639,1764,94640,63030,32393,97.5,17.74148,11.81578,6.07248,63030,32393,11.81578,6.07248,2021-03-20
15,755,769,95409,63045,33148,98.3,17.88564,11.8186,6.21402,63045,33148,11.8186,6.21402,2021-03-21
1143,46,1160,96569,64188,33194,90.3,18.1031,12.03287,6.22264,64188,33194,12.03287,6.22264,2021-03-22
1564,42,1565,98134,65752,33236,91.8,18.39648,12.32606,6.23052,65752,33236,12.32606,6.23052,2021-03-23
2066,63,2079,100213,67818,33299,93.7,18.78622,12.71336,6.24233,67818,33299,12.71336,6.24233,2021-03-24
1731,505,2182,102395,69549,33804,93.7,19.19526,13.03785,6.33699,69549,33804,13.03785,6.33699,2021-03-25
527,1153,1668,104063,70076,34957,95.3,19.50795,13.13665,6.55314,70076,34957,13.13665,6.55314,2021-03-26
1548,1556,3059,107122,71624,36513,98.1,20.0814,13.42684,6.84483,71624,36513,13.42684,6.84483,2021-03-27
11,558,569,107691,71635,37071,98.6,20.18806,13.4289,6.94944,71635,37071,13.4289,6.94944,2021-03-28
413,780,1177,108868,72048,37851,92.7,20.40871,13.50632,7.09566,72048,37851,13.50632,7.09566,2021-03-29
220,1102,1307,110175,72268,38953,93.8,20.65372,13.54757,7.30224,72268,38953,13.54757,7.30224,2021-03-30
826,1096,1841,112016,73094,40049,95.4,20.99884,13.70241,7.5077,73094,40049,13.70241,7.5077,2021-03-31
2645,260,2791,114807,75739,40309,97.8,21.52205,14.19825,7.55644,75739,40309,14.19825,7.55644,2021-04-01
735,1498,2092,116899,76474,41807,96.2,21.91422,14.33603,7.83726,76474,41807,14.33603,7.83726,2021-04-02
22,813,835,117734,76496,42620,89.1,22.07075,14.34016,7.98967,76496,42620,14.34016,7.98967,2021-04-03
0,0,0,117734,76496,42620,89.1,22.07075,14.34016,7.98967,76496,42620,14.34016,7.98967,2021-04-04
24,283,306,118040,76520,42903,89.3,22.12812,14.34466,8.04272,76520,42903,14.34466,8.04272,2021-04-05
2152,293,2254,120294,78672,43196,79.1,22.55066,14.74808,8.09765,78672,43196,14.74808,8.09765,2021-04-06
1265,633,1806,122100,79937,43829,80.3,22.88922,14.98522,8.21631,79937,43829,14.98522,8.21631,2021-04-07
2610,295,2816,124916,82547,44124,82.1,23.41711,15.4745,8.27161,82547,44124,15.4745,8.27161,2021-04-08
2216,976,2946,127862,84763,45100,84.1,23.96938,15.88991,8.45457,84763,45100,15.88991,8.45457,2021-04-09
4836,726,5427,133289,89599,45826,87.6,24.98674,16.79648,8.59067,89599,45826,16.79648,8.59067,2021-04-10
2564,265,2742,136031,92163,46091,89.4,25.50076,17.27714,8.64035,92163,46091,17.27714,8.64035,2021-04-11
2106,79,2112,138143,94269,46170,87.9,25.89668,17.67194,8.65516,94269,46170,17.67194,8.65516,2021-04-12
2394,76,2401,140544,96663,46246,89.5,26.34678,18.12072,8.66941,96663,46246,18.12072,8.66941,2021-04-13
3512,348,3608,144152,100175,46594,84.2,27.02315,18.77909,8.73464,100175,46594,18.77909,8.73464,2021-04-14
4149,418,4416,148568,104324,47012,84.7,27.85098,19.55688,8.813,104324,47012,19.55688,8.813,2021-04-15
2447,660,2959,151527,106771,47672,86.4,28.40568,20.0156,8.93673,106771,47672,20.0156,8.93673,2021-04-16
5216,241,5260,156787,111987,47913,89.4,29.39174,20.9934,8.98191,111987,47913,20.9934,8.98191,2021-04-17
2104,1108,3115,159902,114091,49021,91.1,29.97569,21.38783,9.18962,114091,49021,21.38783,9.18962,2021-04-18
1697,270,1879,161781,115788,49291,90.4,30.32793,21.70595,9.24023,115788,49291,21.70595,9.24023,2021-04-19
1564,76,1567,163348,117352,49367,91.3,30.62168,21.99914,9.25448,117352,49367,21.99914,9.25448,2021-04-20
2168,977,3018,166366,119520,50344,84.7,31.18745,22.40556,9.43763,119520,50344,22.40556,9.43763,2021-04-21
1998,1055,2940,169306,121518,51399,85.5,31.73859,22.78011,9.6354,121518,51399,22.78011,9.6354,2021-04-22
3270,1436,4564,173870,124788,52835,87.8,32.59417,23.39312,9.9046,124788,52835,23.39312,9.9046,2021-04-23
4636,760,5125,178995,129424,53595,90.4,33.55491,24.26219,10.04707,129424,53595,24.26219,10.04707,2021-04-24
2409,793,3081,182076,131833,54388,91.9,34.13249,24.71379,10.19573,131833,54388,24.71379,10.19573,2021-04-25
1547,80,1553,183629,133380,54468,91.3,34.42362,25.0038,10.21073,133380,54468,25.0038,10.21073,2021-04-26
1157,1171,2237,185866,134537,55639,92.4,34.84297,25.22069,10.43025,134537,55639,25.22069,10.43025,2021-04-27
2467,195,2472,188338,137004,55834,83.8,35.30638,25.68316,10.4668,137004,55834,25.68316,10.4668,2021-04-28
1948,867,2659,190997,138952,56701,84.9,35.80484,26.04834,10.62933,138952,56701,26.04834,10.62933,2021-04-29
1574,1890,3354,194351,140526,58591,86.4,36.43359,26.34341,10.98364,140526,58591,26.34341,10.98364,2021-04-30
1947,256,2107,196458,142473,58847,80.5,36.82858,26.7084,11.03163,142473,58847,26.7084,11.03163,2021-05-01
1538,1020,2455,198913,144011,59867,81.5,37.2888,26.99671,11.22284,144011,59867,26.99671,11.22284,2021-05-02
420,1441,1842,200755,144431,61308,82.3,37.63411,27.07545,11.49297,144431,61308,27.07545,11.49297,2021-05-03
2416,1159,3454,204209,146847,62467,83.7,38.2816,27.52836,11.71024,146847,62467,27.52836,11.71024,2021-05-04
2046,2260,4165,208374,148893,64727,79.7,39.06239,27.91191,12.13391,148893,64727,27.91191,12.13391,2021-05-05
2624,2759,5195,213569,151517,67486,81.6,40.03626,28.40381,12.65112,151517,67486,28.40381,12.65112,2021-05-06
3683,768,4212,217781,155200,68254,82.3,40.82585,29.09424,12.79509,155200,68254,29.09424,12.79509,2021-05-07
3766,825,4430,222211,158966,69079,83.9,41.65631,29.80022,12.94975,158966,69079,29.80022,12.94975,2021-05-08
3097,1308,4250,226461,162063,70387,85.5,42.45303,30.38079,13.19495,162063,70387,30.38079,13.19495,2021-05-09
1420,1676,3032,229493,163483,72063,86.7,43.02141,30.64699,13.50914,163483,72063,30.64699,13.50914,2021-05-10
1333,1591,2858,232351,164816,73654,87.8,43.55718,30.89688,13.80739,164816,73654,30.89688,13.80739,2021-05-11
3653,383,3808,236159,168469,74037,83.7,44.27104,31.58168,13.87919,168469,74037,31.58168,13.87919,2021-05-12
1071,2015,3008,239167,169540,76052,84.7,44.83493,31.78245,14.25693,169540,76052,31.78245,14.25693,2021-05-13
3107,2277,5154,244321,172647,78329,83.9,45.80111,32.3649,14.68378,172647,78329,32.3649,14.68378,2021-05-14
6739,844,7033,251354,179386,79173,86.4,47.11954,33.62821,14.842,179386,79173,33.62821,14.842,2021-05-15
1336,741,2029,253383,180722,79914,87.0,47.4999,33.87866,14.98091,180722,79914,33.87866,14.98091,2021-05-16
2463,895,3163,256546,183185,80809,88.1,48.09285,34.34038,15.14869,183185,80809,34.34038,15.14869,2021-05-17
2177,1324,3374,259920,185362,82133,89.3,48.72535,34.74849,15.39689,185362,82133,34.74849,15.39689,2021-05-18
2105,2248,3895,263815,187467,84381,85.5,49.45551,35.1431,15.8183,187467,84381,35.1431,15.8183,2021-05-19
3500,1946,4981,268796,190967,86327,87.1,50.38927,35.79922,16.18311,190967,86327,35.79922,16.18311,2021-05-20
5519,2236,7400,276196,196486,88563,88.1,51.77649,36.83383,16.60227,196486,88563,36.83383,16.60227,2021-05-21
4685,2368,6855,283051,201171,90931,90.2,53.06155,37.71209,17.04619,201171,90931,37.71209,17.04619,2021-05-22
4345,198,4353,287404,205516,91129,91.6,53.87758,38.52662,17.0833,205516,91129,38.52662,17.0833,2021-05-23
1124,412,1460,288864,206640,91541,90.6,54.15127,38.73733,17.16054,206640,91541,38.73733,17.16054,2021-05-24
3015,1440,3903,292767,209655,92981,91.8,54.88294,39.30253,17.43048,209655,92981,39.30253,17.43048,2021-05-25
3046,2374,5027,297794,212701,95355,88.5,55.82531,39.87354,17.87552,212701,95355,39.87354,17.87552,2021-05-26
4209,2448,6228,304022,216910,97803,90.4,56.99283,40.66257,18.33443,216910,97803,40.66257,18.33443,2021-05-27
5583,4641,7486,311508,222493,102444,92.6,58.39618,41.70917,19.20445,222493,102444,41.70917,19.20445,2021-05-28
4206,3690,7350,318858,226699,106134,94.8,59.77403,42.49764,19.89618,226699,106134,42.49764,19.89618,2021-05-29
764,4073,4800,323658,227463,110207,94.3,60.67385,42.64086,20.65972,227463,110207,42.64086,20.65972,2021-05-30
2209,1055,3079,326737,229672,111262,95.2,61.25105,43.05497,20.85749,229672,111262,43.05497,20.85749,2021-05-31
2209,1780,3691,330428,231881,113042,89.0,61.94298,43.46908,21.19118,231881,113042,43.46908,21.19118,2021-06-01
1010,513,1470,331898,232891,113555,89.4,62.21855,43.65841,21.28734,232891,113555,43.65841,21.28734,2021-06-02
3933,1344,4910,336808,236824,114899,90.7,63.13899,44.3957,21.5393,236824,114899,44.3957,21.5393,2021-06-03
5196,2385,6737,343545,242020,117284,90.2,64.40193,45.36976,21.98639,242020,117284,45.36976,21.98639,2021-06-04
4998,1399,6097,349642,247018,118683,91.8,65.54489,46.3067,22.24865,247018,118683,46.3067,22.24865,2021-06-05
861,3762,4566,354208,247879,122445,92.3,66.40084,46.46811,22.95389,247879,122445,46.46811,22.95389,2021-06-06
2679,838,3004,357212,250558,123283,93.1,66.96398,46.97032,23.11098,250558,123283,46.97032,23.11098,2021-06-07
936,3829,4285,361497,251494,127112,94.2,67.76726,47.14578,23.82878,251494,127112,47.14578,23.82878,2021-06-08
1373,2745,3879,365376,252867,129857,89.5,68.49443,47.40317,24.34336,252867,129857,47.40317,24.34336,2021-06-09
1407,3326,4513,369889,254274,133183,90.6,69.34045,47.66693,24.96687,254274,133183,47.66693,24.96687,2021-06-10
2361,3871,5855,375744,256635,137054,91.7,70.43804,48.10953,25.69253,256635,137054,48.10953,25.69253,2021-06-11
1799,3606,5088,380832,258434,140660,92.9,71.39186,48.44678,26.36853,258434,140660,48.44678,26.36853,2021-06-12
494,3240,3695,384527,258928,143900,93.9,72.08453,48.53938,26.97591,258928,143900,48.53938,26.97591,2021-06-13
626,2438,2988,387515,259554,146338,93.9,72.64467,48.65673,27.43294,259554,146338,48.65673,27.43294,2021-06-14
517,1595,2052,389567,260071,147933,94.4,73.02934,48.75365,27.73194,260071,147933,48.75365,27.73194,2021-06-15
18,3823,3830,393397,260089,151756,89.8,73.74733,48.75703,28.44861,260089,151756,48.75703,28.44861,2021-06-16
700,1163,1781,395178,260789,152919,90.2,74.0812,48.88825,28.66663,260789,152919,48.88825,28.66663,2021-06-17
1637,3086,4556,399734,262426,156005,91.2,74.93528,49.19513,29.24514,262426,156005,49.19513,29.24514,2021-06-18
631,5119,5680,405414,263057,161124,92.5,76.00007,49.31342,30.20477,263057,161124,49.31342,30.20477,2021-06-19
648,4668,5261,410675,263705,165792,92.5,76.98631,49.43489,31.07984,263705,165792,49.43489,31.07984,2021-06-20
300,2924,3176,413851,264005,168716,93.2,77.58169,49.49113,31.62798,264005,168716,49.49113,31.62798,2021-06-21
349,2206,2476,416327,264354,170922,93.8,78.04585,49.55656,32.04153,264354,170922,49.55656,32.04153,2021-06-22
386,838,1155,417482,264740,171760,87.4,78.26237,49.62892,32.19862,264740,171760,49.62892,32.19862,2021-06-23
1747,2391,3956,421438,266487,174151,88.2,79.00397,49.95641,32.64684,266487,174151,49.95641,32.64684,2021-06-24
1169,3168,4184,425622,267656,177319,89.1,79.78832,50.17556,33.24073,267656,177319,50.17556,33.24073,2021-06-25
1476,3211,4558,430180,269132,180530,89.2,80.64277,50.45225,33.84267,269132,180530,50.45225,33.84267,2021-06-26
621,3888,4435,434615,269753,184418,90.1,81.47417,50.56867,34.57153,269753,184418,50.56867,34.57153,2021-06-27
241,4402,4621,439236,269994,188820,91.0,82.34044,50.61385,35.39674,269994,188820,50.61385,35.39674,2021-06-28
267,1658,1898,441134,270261,190478,91.4,82.69624,50.6639,35.70755,270261,190478,50.6639,35.70755,2021-06-29
463,2682,3073,444207,270724,193160,86.6,83.27231,50.7507,36.21033,270724,193160,50.7507,36.21033,2021-06-30
1481,3356,4653,448860,272205,196516,87.5,84.14458,51.02833,36.83945,272205,196516,51.02833,36.83945,2021-07-01
1034,2355,3206,452066,273239,198871,87.3,84.74558,51.22216,37.28093,273239,198871,51.22216,37.28093,2021-07-02
1076,4710,5648,457714,274315,203581,88.4,85.80438,51.42387,38.16388,274315,203581,51.42387,38.16388,2021-07-03
188,4291,4436,462150,274503,207872,87.5,86.63596,51.45912,38.96828,274503,207872,51.45912,38.96828,2021-07-04
951,2128,2943,465093,275454,210000,88.0,87.18766,51.63739,39.3672,275454,210000,51.63739,39.3672,2021-07-05
745,1114,1728,466821,276199,211114,88.4,87.5116,51.77705,39.57603,276199,211114,51.77705,39.57603,2021-07-06
664,1483,2003,468824,276863,212597,86.1,87.88709,51.90153,39.85404,276863,212597,51.90153,39.85404,2021-07-07
634,5019,5536,474360,277497,217616,87.1,88.92488,52.02038,40.79492,277497,217616,52.02038,40.79492,2021-07-08
1065,4390,5246,479606,278562,222006,88.0,89.90831,52.22003,41.61788,278562,222006,52.22003,41.61788,2021-07-09
1068,4957,5833,485439,279630,226963,88.5,91.00178,52.42024,42.54713,279630,226963,52.42024,42.54713,2021-07-10
1207,5089,6102,491541,280837,232052,89.6,92.14568,52.64651,43.50113,280837,232052,52.64651,43.50113,2021-07-11
295,3305,3544,495085,281132,235357,90.3,92.81005,52.70181,44.1207,281132,235357,52.70181,44.1207,2021-07-12
1463,2184,3400,498485,282595,237541,90.9,93.44742,52.97607,44.53011,282595,237541,52.97607,44.53011,2021-07-13
519,473,878,499363,283114,238014,88.4,93.61202,53.07336,44.61878,283114,238014,53.07336,44.61878,2021-07-14
1700,3018,4411,503774,284814,241032,89.2,94.43891,53.39205,45.18455,284814,241032,53.39205,45.18455,2021-07-15
1206,3534,4536,508310,286020,244566,90.0,95.28925,53.61813,45.84704,286020,244566,53.61813,45.84704,2021-07-16
800,2502,3152,511462,286820,247068,90.5,95.88013,53.7681,46.31607,286820,247068,53.7681,46.31607,2021-07-17
730,1365,1882,513344,287550,248433,90.1,96.23293,53.90495,46.57196,287550,248433,53.90495,46.57196,2021-07-18
745,2212,2804,516148,288295,250645,90.6,96.75858,54.0446,46.98663,288295,250645,54.0446,46.98663,2021-07-19
1621,1860,3153,519301,289916,252505,91.1,97.34965,54.34848,47.33531,289916,252505,54.34848,47.33531,2021-07-20
580,2765,3225,522526,290496,255270,89.1,97.95422,54.45721,47.85364,290496,255270,54.45721,47.85364,2021-07-21
1960,2099,3756,526282,292456,257369,89.8,98.65833,54.82464,48.24713,292456,257369,54.82464,48.24713,2021-07-22
1980,2745,4374,530656,294436,260114,90.5,99.47829,55.19581,48.76171,294436,260114,55.19581,48.76171,2021-07-23
1504,3619,4850,535506,295940,263733,91.4,100.38749,55.47776,49.44014,295940,263733,55.47776,49.44014,2021-07-24
749,1288,1897,537403,296689,265021,91.7,100.7431,55.61817,49.68159,296689,265021,55.61817,49.68159,2021-07-25
1223,596,1635,539038,297912,265617,92.0,101.0496,55.84744,49.79332,297912,265617,55.84744,49.79332,2021-07-26
983,2315,3174,542212,298895,267932,91.8,101.64461,56.03171,50.2273,298895,267932,56.03171,50.2273,2021-07-27
954,649,1456,543668,299849,268581,89.4,101.91756,56.21055,50.34896,299849,268581,56.21055,50.34896,2021-07-28
792,708,1365,545033,300641,269289,89.6,102.17344,56.35902,50.48169,300641,269289,56.35902,50.48169,2021-07-29
3788,2112,5339,550372,304429,271401,90.5,103.17431,57.06913,50.87761,304429,271401,57.06913,50.87761,2021-07-30
2260,1226,3187,553559,306689,272627,91.0,103.77175,57.4928,51.10744,306689,272627,57.4928,51.10744,2021-07-31
773,645,1325,554884,307462,273272,91.3,104.02014,57.63771,51.22835,307462,273272,57.63771,51.22835,2021-08-01
1275,1018,2156,557040,308737,274290,91.6,104.42431,57.87672,51.41919,308737,274290,57.87672,51.41919,2021-08-02
2125,1110,2964,560004,310862,275400,91.0,104.97995,58.27508,51.62727,310862,275400,58.27508,51.62727,2021-08-03
2866,1287,3852,563856,313728,276687,88.9,105.70206,58.81235,51.86854,313728,276687,58.81235,51.86854,2021-08-04
1900,1849,3488,567344,315628,278536,89.5,106.35593,59.16853,52.21515,315628,278536,59.16853,52.21515,2021-08-05
1230,2605,3679,571023,316858,281141,90.1,107.0456,59.39911,52.7035,316858,281141,59.39911,52.7035,2021-08-06
1741,869,2411,573434,318599,282010,90.4,107.49758,59.72548,52.8664,318599,282010,59.72548,52.8664,2021-08-07
1029,993,1895,575329,319628,283003,89.8,107.85282,59.91838,53.05255,319628,283003,59.91838,53.05255,2021-08-08
1142,520,1555,576884,320770,283523,89.9,108.14432,60.13246,53.15003,320770,283523,60.13246,53.15003,2021-08-09
1583,487,1870,578754,322353,284010,90.2,108.49488,60.42921,53.24133,322353,284010,60.42921,53.24133,2021-08-10
722,579,1216,579970,323075,284589,88.0,108.72283,60.56456,53.34987,323075,284589,60.56456,53.34987,2021-08-11
656,2856,3393,583363,323731,287445,88.5,109.3589,60.68754,53.88526,323731,287445,60.68754,53.88526,2021-08-12
1622,1453,2940,586303,325353,288898,87.5,109.91004,60.9916,54.15765,325353,288898,60.9916,54.15765,2021-08-13
799,1394,2081,588384,326152,290292,87.8,110.30015,61.14139,54.41897,326152,290292,61.14139,54.41897,2021-08-14
282,375,617,589001,326434,290667,87.9,110.41581,61.19425,54.48927,326434,290667,61.19425,54.48927,2021-08-15
894,1175,1988,590989,327328,291842,88.2,110.78849,61.36184,54.70954,327328,291842,61.36184,54.70954,2021-08-16
880,496,1275,592264,328208,292338,88.4,111.0275,61.52681,54.80252,328208,292338,61.52681,54.80252,2021-08-17
387,550,890,593154,328595,292888,84.6,111.19434,61.59936,54.90562,328595,292888,61.59936,54.90562,2021-08-18
1165,748,1783,594937,329760,293636,84.8,111.52859,61.81775,55.04584,329760,293636,61.81775,55.04584,2021-08-19
983,3116,3980,598917,330743,296752,85.4,112.27469,62.00203,55.62998,330743,296752,62.00203,55.62998,2021-08-20
639,1166,1732,600649,331382,297918,85.6,112.59938,62.12182,55.84856,331382,297918,62.12182,55.84856,2021-08-21
315,719,1002,601651,331697,298637,85.8,112.78722,62.18087,55.98335,331697,298637,62.18087,55.98335,2021-08-22
812,1425,2167,603818,332509,300062,86.1,113.19345,62.33309,56.25048,332509,300062,62.33309,56.25048,2021-08-23
590,1466,1994,605812,333099,301528,84.7,113.56725,62.44369,56.5253,333099,301528,62.44369,56.5253,2021-08-24
840,2019,2778,608590,333939,303547,85.1,114.08802,62.60116,56.90379,333939,303547,62.60116,56.90379,2021-08-25
888,1454,2255,610845,334827,305001,82.0,114.51075,62.76763,57.17636,334827,305001,62.76763,57.17636,2021-08-26
1011,1868,2756,613601,335838,306869,82.3,115.0274,62.95715,57.52654,335838,306869,62.95715,57.52654,2021-08-27
1087,2333,3331,616932,336925,309202,82.8,115.65184,63.16092,57.96389,336925,309202,63.16092,57.96389,2021-08-28
380,539,884,617816,337305,309741,82.9,115.81755,63.23216,58.06493,337305,309741,63.23216,58.06493,2021-08-29
860,1377,2174,619990,338165,311118,83.2,116.2251,63.39338,58.32307,338165,311118,63.39338,58.32307,2021-08-30
784,1343,2055,622045,338949,312461,83.5,116.61033,63.54035,58.57483,338949,312461,63.54035,58.57483,2021-08-31
636,509,1095,623140,339585,312970,83.6,116.81561,63.65957,58.67025,339585,312970,63.65957,58.67025,2021-09-01
752,525,1220,624360,340337,313495,81.8,117.04431,63.80055,58.76867,340337,313495,63.80055,58.76867,2021-09-02
1128,2233,3264,627624,341465,315728,82.3,117.65619,64.01201,59.18727,341465,315728,64.01201,59.18727,2021-09-03
614,817,1366,628990,342079,316545,82.4,117.91226,64.12711,59.34043,342079,316545,64.12711,59.34043,2021-09-04
677,511,1109,630099,342756,317056,82.6,118.12016,64.25402,59.43622,342756,317056,64.25402,59.43622,2021-09-05
601,595,1141,631240,343357,317651,82.7,118.33406,64.36668,59.54776,343357,317651,64.36668,59.54776,2021-09-06
247,1095,1311,632551,343604,318746,82.9,118.57982,64.41299,59.75304,343604,318746,64.41299,59.75304,2021-09-07
257,283,521,633072,343861,319029,81.1,118.67749,64.46117,59.80609,343861,319029,64.46117,59.80609,2021-09-08
724,1041,1711,634783,344585,320070,81.3,118.99824,64.59689,60.00124,344585,320070,64.59689,60.00124,2021-09-09
801,992,1681,636464,345386,321062,81.5,119.31336,64.74705,60.1872,345386,321062,64.74705,60.1872,2021-09-10
387,640,980,637444,345773,321702,81.7,119.49707,64.8196,60.30718,345773,321702,64.8196,60.30718,2021-09-11
140,154,265,637709,345913,321856,81.7,119.54675,64.84584,60.33605,345913,321856,64.84584,60.33605,2021-09-12
733,510,1169,638878,346646,322366,81.9,119.7659,64.98325,60.43165,346646,322366,64.98325,60.43165,2021-09-13
385,364,701,639579,347031,322730,81.9,119.89731,65.05542,60.49989,347031,322730,65.05542,60.49989,2021-09-14
225,411,620,640199,347256,323141,82.0,120.01353,65.0976,60.57694,347256,323141,65.0976,60.57694,2021-09-15
868,698,1483,641682,348124,323839,81.0,120.29154,65.26032,60.70778,348124,323839,65.26032,60.70778,2021-09-16
624,1409,2023,643705,348748,325248,82.3,120.67078,65.3773,60.97192,348748,325248,65.3773,60.97192,2021-09-17
639,680,1289,644994,349387,325928,82.5,120.91242,65.49709,61.09939,349387,325928,65.49709,61.09939,2021-09-18
197,145,330,645324,349584,326073,82.5,120.97428,65.53402,61.12658,349584,326073,65.53402,61.12658,2021-09-19
878,428,1252,646576,350462,326501,82.7,121.20899,65.69861,61.20681,350462,326501,65.69861,61.20681,2021-09-20
946,573,1412,647988,351408,327074,82.8,121.47368,65.87595,61.31423,351408,327074,65.87595,61.31423,2021-09-21
799,907,1667,649655,352207,327981,83.1,121.78618,66.02573,61.48426,352207,327981,66.02573,61.48426,2021-09-22
1701,628,2257,651912,353908,328609,83.3,122.20929,66.34461,61.60198,353908,328609,66.34461,61.60198,2021-09-23
1557,1631,3036,654948,355465,330240,83.7,122.77842,66.63649,61.90773,355465,330240,66.63649,61.90773,2021-09-24
963,789,1674,656622,356428,331029,83.9,123.09224,66.81701,62.05564,356428,331029,66.81701,62.05564,2021-09-25
613,418,922,657544,357041,331447,84.1,123.26508,66.93193,62.134,357041,331447,66.93193,62.134,2021-09-26
704,554,1224,658768,357745,332001,84.2,123.49453,67.0639,62.23786,357745,332001,67.0639,62.23786,2021-09-27
640,230,778,659546,358385,332231,84.3,123.64038,67.18388,62.28097,358385,332231,67.18388,62.28097,2021-09-28
606,936,1469,661015,358991,333167,84.5,123.91576,67.29748,62.45644,358991,333167,67.29748,62.45644,2021-09-29
1483,542,1939,662954,360474,333709,84.8,124.27925,67.57549,62.55804,360474,333709,67.57549,62.55804,2021-09-30
1165,917,2003,664957,361639,334626,85.0,124.65474,67.79388,62.72995,361639,334626,67.79388,62.72995,2021-10-01
1437,789,2130,667087,363076,335415,85.3,125.05404,68.06326,62.87785,363076,335415,68.06326,62.87785,2021-10-02
0,0,0,667087,363076,335415,85.3,125.05404,68.06326,62.87785,363076,335415,68.06326,62.87785,2021-10-03
874,527,1338,668425,363950,335942,85.5,125.30486,68.22711,62.97665,363950,335942,68.22711,62.97665,2021-10-04
597,168,663,669088,364547,336110,85.5,125.42915,68.33902,63.00814,364547,336110,68.33902,63.00814,2021-10-05
729,550,1242,670330,365276,336660,85.7,125.66198,68.47568,63.11125,365276,336660,68.47568,63.11125,2021-10-06
1151,1025,2086,672416,366427,337685,86.0,126.05303,68.69145,63.3034,366427,337685,68.69145,63.3034,2021-10-07
1058,595,1581,673997,367485,338280,86.2,126.3494,68.88979,63.41494,367485,338280,68.88979,63.41494,2021-10-08
1059,810,1818,675815,368544,339090,86.4,126.69021,69.08831,63.56678,368544,339090,69.08831,63.56678,2021-10-09
79,26,105,675920,368623,339116,86.4,126.7099,69.10312,63.57165,368623,339116,69.10312,63.57165,2021-10-10
780,573,1291,677211,369403,339689,86.6,126.95191,69.24934,63.67907,369403,339689,69.24934,63.67907,2021-10-11
349,150,468,677679,369752,339839,86.6,127.03964,69.31477,63.70719,369752,339839,69.31477,63.70719,2021-10-12
413,1196,1552,679231,370165,341035,86.8,127.33059,69.39219,63.9314,370165,341035,69.39219,63.9314,2021-10-13
788,1521,2263,681494,370953,342556,87.1,127.75481,69.53991,64.21653,370953,342556,69.53991,64.21653,2021-10-14
916,889,1742,683236,371869,343445,87.4,128.08137,69.71163,64.38318,371869,343445,69.71163,64.38318,2021-10-15
1169,1214,2294,685530,373038,344659,87.6,128.51141,69.93077,64.61076,373038,344659,69.93077,64.61076,2021-10-16
523,444,920,686450,373561,345103,87.8,128.68388,70.02881,64.694,373561,345103,70.02881,64.694,2021-10-17
470,539,982,687432,374031,345642,87.9,128.86797,70.11692,64.79504,374031,345642,70.11692,64.79504,2021-10-18
248,117,357,687789,374279,345759,87.9,128.93489,70.16341,64.81697,374279,345759,70.16341,64.81697,2021-10-19
241,719,931,688720,374520,346478,88.1,129.10942,70.20859,64.95176,374520,346478,70.20859,64.95176,2021-10-20
415,1024,1413,690133,374935,347502,88.2,129.37431,70.28639,65.14372,374935,347502,70.28639,65.14372,2021-10-21
419,1266,1661,691794,375354,348768,88.4,129.68568,70.36493,65.38105,375354,348768,70.36493,65.38105,2021-10-22
377,1027,1385,693179,375731,349795,88.6,129.94532,70.43561,65.57357,375731,349795,70.43561,65.57357,2021-10-23
0,0,0,693179,375731,349795,88.6,129.94532,70.43561,65.57357,375731,349795,70.43561,65.57357,2021-10-24
297,660,938,694117,376028,350455,88.7,130.12116,70.49128,65.6973,376028,350455,70.49128,65.6973,2021-10-25
284,309,578,694695,376312,350764,88.8,130.22951,70.54452,65.75522,376312,350764,70.54452,65.75522,2021-10-26
204,894,1093,695788,376516,351658,89.0,130.43441,70.58277,65.92281,376516,351658,70.58277,65.92281,2021-10-27
338,1144,1475,697263,376854,352802,89.1,130.71092,70.64613,66.13727,376854,352802,70.64613,66.13727,2021-10-28
258,1194,1433,698696,377112,353996,89.3,130.97955,70.69449,66.3611,377112,353996,70.69449,66.3611,2021-10-29
281,568,839,699535,377393,354564,89.4,131.13683,70.74717,66.46758,377393,354564,70.74717,66.46758,2021-10-30
0,0,0,699535,377393,354564,89.4,131.13683,70.74717,66.46758,377393,354564,70.74717,66.46758,2021-10-31
0,0,0,699535,377393,354564,89.4,131.13683,70.74717,66.46758,377393,354564,70.74717,66.46758,2021-11-01
186,612,794,700329,377579,355176,89.5,131.28568,70.78204,66.58231,377579,355176,70.78204,66.58231,2021-11-02
172,496,664,700993,377751,355672,88.3,131.41015,70.81428,66.67529,377751,355672,70.81428,66.67529,2021-11-03
426,690,1112,702105,378177,356362,88.4,131.61861,70.89414,66.80464,378177,356362,70.89414,66.80464,2021-11-04
381,917,1290,703395,378558,357279,88.6,131.86044,70.96556,66.97654,378558,357279,70.96556,66.97654,2021-11-05
314,535,844,704239,378872,357814,88.7,132.01866,71.02443,67.07684,378872,357814,71.02443,67.07684,2021-11-06
0,0,0,704239,378872,357814,88.7,132.01866,71.02443,67.07684,378872,357814,71.02443,67.07684,2021-11-07
303,590,876,705115,379175,358404,88.8,132.18287,71.08123,67.18744,379175,358404,71.08123,67.18744,2021-11-08
128,257,382,705497,379303,358661,88.9,132.25448,71.10522,67.23562,379303,358661,71.10522,67.23562,2021-11-09
104,586,687,706184,379407,359247,89.0,132.38327,71.12472,67.34547,379407,359247,71.12472,67.34547,2021-11-10
392,370,758,706942,379799,359617,89.0,132.52537,71.19821,67.41483,379799,359617,71.19821,67.41483,2021-11-11
448,722,1165,708107,380247,360339,89.2,132.74376,71.28219,67.55018,380247,360339,71.28219,67.55018,2021-11-12
341,355,693,708800,380588,360694,89.3,132.87367,71.34611,67.61673,380588,360694,71.34611,67.61673,2021-11-13
0,0,0,708800,380588,360694,89.3,132.87367,71.34611,67.61673,380588,360694,71.34611,67.61673,2021-11-14
340,367,707,709507,380928,361061,89.4,133.00621,71.40985,67.68553,380928,361061,71.40985,67.68553,2021-11-15
140,176,314,709821,381068,361237,89.4,133.06507,71.4361,67.71852,381068,361237,71.4361,67.71852,2021-11-16
118,302,419,710240,381186,361539,89.5,133.14362,71.45822,67.77513,381186,361539,71.45822,67.77513,2021-11-17
506,446,946,711186,381692,361985,89.6,133.32096,71.55307,67.85874,381692,361985,71.55307,67.85874,2021-11-18
453,425,876,712062,382145,362410,89.7,133.48518,71.63799,67.93841,382145,362410,71.63799,67.93841,2021-11-19
701,421,1110,713172,382846,362831,89.8,133.69326,71.76941,68.01734,382846,362831,71.76941,68.01734,2021-11-20
164,56,220,713392,383010,362887,89.9,133.7345,71.80015,68.02783,383010,362887,71.80015,68.02783,2021-11-21
396,311,704,714096,383406,363198,87.4,133.86648,71.87438,68.08614,383406,363198,71.87438,68.08614,2021-11-22
275,170,444,714540,383681,363368,87.4,133.94971,71.92594,68.118,383681,363368,71.92594,68.118,2021-11-23
214,183,391,714931,383895,363551,87.5,134.02301,71.96605,68.15231,383895,363551,71.96605,68.15231,2021-11-24
558,407,955,715886,384453,363958,87.6,134.20204,72.07066,68.22861,384453,363958,72.07066,68.22861,2021-11-25
749,550,1291,717177,385202,364508,87.8,134.44405,72.21107,68.33171,385202,364508,72.21107,68.33171,2021-11-26
1056,475,1522,718699,386258,364983,87.9,134.72937,72.40903,68.42076,386258,364983,72.40903,68.42076,2021-11-27
202,63,261,718960,386460,365046,88.0,134.7783,72.4469,68.43257,386460,365046,72.4469,68.43257,2021-11-28
561,304,864,719824,387021,365350,88.1,134.94026,72.55206,68.48956,387021,365350,72.55206,68.48956,2021-11-29
305,153,458,720282,387326,365503,88.1,135.02612,72.60924,68.51824,387326,365503,72.60924,68.51824,2021-11-30
617,329,942,721224,387943,365832,85.7,135.20271,72.7249,68.57991,387943,365832,72.7249,68.57991,2021-12-01
564,303,860,722084,388507,366135,83.3,135.36393,72.83063,68.63671,388507,366135,72.83063,68.63671,2021-12-02
651,600,1242,723326,389158,366735,83.5,135.59676,72.95267,68.74919,389158,366735,72.95267,68.74919,2021-12-03
1011,507,1503,724829,390169,367242,83.6,135.87852,73.1422,68.84424,390169,367242,73.1422,68.84424,2021-12-04
537,127,659,725488,390706,367369,83.7,136.00205,73.24286,68.86804,390706,367369,73.24286,68.86804,2021-12-05
263,223,485,725973,390969,367592,83.8,136.09297,73.29217,68.90985,390969,367592,73.29217,68.90985,2021-12-06
470,199,664,726637,391439,367791,79.8,136.21745,73.38027,68.94715,391439,367791,73.38027,68.94715,2021-12-07
304,66,368,727005,391743,367857,79.8,136.28644,73.43726,68.95952,391743,367857,73.43726,68.95952,2021-12-08
419,541,958,727963,392162,368398,80.0,136.46603,73.51581,69.06094,392162,368398,73.51581,69.06094,2021-12-09
514,434,930,728893,392676,368832,80.1,136.64037,73.61217,69.1423,392676,368832,73.61217,69.1423,2021-12-10
2962,1057,4011,732904,395638,369889,80.5,137.39228,74.16743,69.34045,395638,369889,74.16743,69.34045,2021-12-11
1671,561,2231,735135,397309,370450,80.7,137.81051,74.48068,69.44562,397309,370450,74.48068,69.44562,2021-12-12
192,159,350,735485,397501,370609,79.5,137.87612,74.51667,69.47542,397501,370609,74.51667,69.47542,2021-12-13
282,365,645,736130,397783,370974,79.5,137.99703,74.56954,69.54385,397783,370974,74.56954,69.54385,2021-12-14
171,250,418,736548,397954,371224,76.9,138.07539,74.60159,69.59071,397954,371224,74.60159,69.59071,2021-12-15
231,261,490,737038,398185,371485,77.0,138.16725,74.6449,69.63964,398185,371485,74.6449,69.63964,2021-12-16
301,572,869,737907,398486,372057,77.0,138.33016,74.70132,69.74687,398486,372057,74.70132,69.74687,2021-12-17
0,0,0,737907,398486,372057,77.0,138.33016,74.70132,69.74687,398486,372057,74.70132,69.74687,2021-12-18
575,468,42000,779907,399061,372525,94.6,146.2036,74.80912,69.8346,399061,372525,74.80912,69.8346,2021-12-19
575,468,42000,821907,399636,372993,94.6,154.07704,74.91691,69.92233,399636,372993,74.91691,69.92233,2021-12-20
575,468,42000,863907,400211,373461,94.6,161.95048,75.0247,70.01007,400211,373461,75.0247,70.01007,2021-12-21
576,469,42001,905908,400787,373930,94.6,169.8241,75.13268,70.09799,400787,373930,75.13268,70.09799,2021-12-22
928,1429,6545,912453,401715,375359,94.0,171.05105,75.30664,70.36587,401715,375359,75.30664,70.36587,2021-12-23
315,339,2155,914608,402030,375698,94.2,171.45503,75.36569,70.42942,402030,375698,75.36569,70.42942,2021-12-24
17,8,71,914679,402047,375706,94.2,171.46834,75.36888,70.43092,402047,375706,75.36888,70.43092,2021-12-25
4,9,70,914749,402051,375715,94.2,171.48146,75.36963,70.43261,402051,375715,75.36963,70.43261,2021-12-26
287,234,1630,916379,402338,375949,94.4,171.78703,75.42343,70.47647,402338,375949,75.42343,70.47647,2021-12-27
317,427,2358,918737,402655,376376,93.4,172.22906,75.48286,70.55652,402655,376376,75.48286,70.55652,2021-12-28
334,411,3161,921898,402989,376787,93.7,172.82163,75.54547,70.63357,402989,376787,75.54547,70.63357,2021-12-29
1426,1118,4871,926769,404415,377905,94.2,173.73477,75.81279,70.84315,404415,377905,75.81279,70.84315,2021-12-30
364,294,2262,929031,404779,378199,94.5,174.15881,75.88103,70.89827,404779,378199,75.88103,70.89827,2021-12-31
12,-2,26,929057,404791,378197,94.5,174.16368,75.88328,70.89789,404791,378197,75.88328,70.89789,2022-01-01
19,21,61,929118,404810,378218,94.5,174.17512,75.88684,70.90183,404810,378218,75.88684,70.90183,2022-01-02
352,563,1575,930693,405162,378781,94.6,174.47037,75.95283,71.00737,405162,378781,75.95283,71.00737,2022-01-03
310,759,2403,933096,405472,379540,94.9,174.92084,76.01094,71.14965,405472,379540,76.01094,71.14965,2022-01-04
383,390,2804,935900,405855,379930,93.5,175.44649,76.08274,71.22276,405855,379930,76.08274,71.22276,2022-01-05
237,268,2199,938099,406092,380198,93.7,175.85872,76.12717,71.273,406092,380198,76.12717,71.273,2022-01-06
589,729,3901,942000,406681,380927,94.1,176.59001,76.23758,71.40966,406681,380927,76.23758,71.40966,2022-01-07
652,1081,5754,947754,407333,382008,94.7,177.66867,76.35981,71.61231,407333,382008,76.35981,71.61231,2022-01-08
730,458,4663,952417,408063,382466,95.1,178.54281,76.49666,71.69817,408063,382466,76.49666,71.69817,2022-01-09
1063,1317,4544,956961,409126,383783,95.6,179.39464,76.69593,71.94506,409126,383783,76.69593,71.94506,2022-01-10
532,1341,3782,960743,409658,385124,96.0,180.10363,76.79566,72.19645,409658,385124,76.79566,72.19645,2022-01-11
318,532,3081,963824,409976,385656,93.9,180.6812,76.85527,72.29618,409976,385656,76.85527,72.29618,2022-01-12
360,698,3386,967210,410336,386354,94.3,181.31595,76.92276,72.42703,410336,386354,76.92276,72.42703,2022-01-13
483,649,4554,971764,410819,387003,94.7,182.16966,77.0133,72.54869,410819,387003,77.0133,72.54869,2022-01-14
1053,701,8976,980740,411872,387704,95.6,183.85232,77.2107,72.6801,411872,387704,77.2107,72.6801,2022-01-15
689,240,6155,986895,412561,387944,96.2,185.00616,77.33986,72.72509,412561,387944,77.33986,72.72509,2022-01-16
315,226,3860,990755,412876,388170,94.7,185.72976,77.39892,72.76746,412876,388170,77.39892,72.76746,2022-01-17
561,518,3551,994306,413437,388688,94.2,186.39545,77.50408,72.86456,413437,388688,77.50408,72.86456,2022-01-18
513,257,3029,997335,413950,388945,92.4,186.96327,77.60025,72.91274,413950,388945,77.60025,72.91274,2022-01-19
668,738,4068,1001403,414618,389683,92.8,187.72587,77.72548,73.05109,414618,389683,77.72548,73.05109,2022-01-20
555,602,5050,1006453,415173,390285,93.2,188.67256,77.82952,73.16394,415173,390285,77.82952,73.16394,2022-01-21
285,393,7989,1014442,415458,390678,94.0,190.1702,77.88294,73.23761,415458,390678,77.88294,73.23761,2022-01-22
1025,724,6111,1020553,416483,391402,94.5,191.31578,78.07509,73.37334,416483,391402,78.07509,73.37334,2022-01-23
311,328,3738,1024291,416794,391730,94.9,192.01652,78.13339,73.43483,416794,391730,78.13339,73.43483,2022-01-24
477,613,3463,1027754,417271,392343,94.6,192.6657,78.22281,73.54974,417271,392343,78.22281,73.54974,2022-01-25
301,230,2011,1029765,417572,392573,94.3,193.04269,78.27924,73.59286,417572,392573,78.27924,73.59286,2022-01-26
321,495,2750,1032515,417893,393068,93.8,193.55821,78.33942,73.68565,417893,393068,78.33942,73.68565,2022-01-27
235,445,4076,1036591,418128,393513,94.2,194.32231,78.38347,73.76907,418128,393513,78.38347,73.76907,2022-01-28
415,661,4013,1040604,418543,394174,94.5,195.0746,78.46127,73.89298,418543,394174,78.46127,73.89298,2022-01-29
560,731,3930,1044534,419103,394905,94.9,195.81133,78.56625,74.03002,419103,394905,78.56625,74.03002,2022-01-30
324,584,2851,1047385,419427,395489,95.1,196.34579,78.62698,74.1395,419427,395489,78.62698,74.1395,2022-01-31
224,775,2630,1050015,419651,396264,95.4,196.83881,78.66898,74.28478,419651,396264,78.66898,74.28478,2022-02-01
97,223,1669,1051684,419748,396487,93.8,197.15169,78.68716,74.32659,419748,396487,78.68716,74.32659,2022-02-02
