delta_1d,delta_2d,delta_all,sum_doses,sum_1d,sum_2d,perc_doses,perc_inh_tot,perc_inh_1d,perc_inh_2d,sum_monotone_1d,sum_monotone_2d,perc_inh_monotone_1d,perc_inh_monotone_2d,date
0,0,0,0,0,0,0,0,0,0,0,0,0,0,2020-12-26
923,2,923,923,923,2,101.4,0.02141,0.02141,5e-05,923,2,0.02141,5e-05,2020-12-27
0,0,0,923,923,2,101.4,0.02141,0.02141,5e-05,923,2,0.02141,5e-05,2020-12-28
0,0,0,923,923,2,101.4,0.02141,0.02141,5e-05,923,2,0.02141,5e-05,2020-12-29
751,0,751,1674,1674,2,4.2,0.03883,0.03883,5e-05,1674,2,0.03883,5e-05,2020-12-30
3939,6,3939,5613,5613,8,13.7,0.1302,0.1302,0.00019,5613,8,0.1302,0.00019,2020-12-31
1052,2,1052,6665,6665,10,16.3,0.1546,0.1546,0.00023,6665,10,0.1546,0.00023,2021-01-01
3605,9,3605,10270,10270,19,25.1,0.23822,0.23822,0.00044,10270,19,0.23822,0.00044,2021-01-02
3094,5,3094,13364,13364,24,32.7,0.30998,0.30998,0.00056,13364,24,0.30998,0.00056,2021-01-03
5667,7,5667,19031,19031,31,46.5,0.44143,0.44143,0.00072,19031,31,0.44143,0.00072,2021-01-04
5478,13,5478,24509,24509,44,39.9,0.56849,0.56849,0.00102,24509,44,0.56849,0.00102,2021-01-05
3170,4,3170,27679,27679,48,45.1,0.64202,0.64202,0.00111,27679,48,0.64202,0.00111,2021-01-06
5490,7,5490,33169,33169,55,40.1,0.76937,0.76937,0.00128,33169,55,0.76937,0.00128,2021-01-07
5611,8,5611,38780,38780,63,46.8,0.89951,0.89951,0.00146,38780,63,0.89951,0.00146,2021-01-08
6295,10,6295,45075,45075,73,54.4,1.04553,1.04553,0.00169,45075,73,1.04553,0.00169,2021-01-09
5354,6,5354,50429,50429,79,60.9,1.16972,1.16972,0.00183,50429,79,1.16972,0.00183,2021-01-10
8937,28,8937,59366,59366,107,71.7,1.37701,1.37701,0.00248,59366,107,1.37701,0.00248,2021-01-11
10226,14,10226,69592,69592,121,57.1,1.61421,1.61421,0.00281,69592,121,1.61421,0.00281,2021-01-12
10228,17,10228,79820,79820,138,64.5,1.85145,1.85145,0.0032,79820,138,1.85145,0.0032,2021-01-13
9979,105,9979,89799,89799,243,72.6,2.08292,2.08292,0.00564,89799,243,2.08292,0.00564,2021-01-14
9305,17,9305,99104,99104,260,80.1,2.29875,2.29875,0.00603,99104,260,2.29875,0.00603,2021-01-15
8066,13,8066,107170,107170,273,86.6,2.48584,2.48584,0.00633,107170,273,2.48584,0.00633,2021-01-16
2905,659,3561,110731,110075,932,89.5,2.56844,2.55322,0.02162,110075,932,2.55322,0.02162,2021-01-17
5974,286,6227,116958,116049,1218,87.1,2.71288,2.69179,0.02825,116049,1218,2.69179,0.02825,2021-01-18
6542,24,6551,123509,122591,1242,91.2,2.86483,2.84354,0.02881,122591,1242,2.84354,0.02881,2021-01-19
5950,738,6682,130191,128541,1980,86.4,3.01982,2.98155,0.04593,128541,1980,2.98155,0.04593,2021-01-20
3402,3557,6948,137139,131943,5537,81.5,3.18098,3.06046,0.12843,131943,5537,3.06046,0.12843,2021-01-21
2527,1362,3887,141026,134470,6899,83.8,3.27114,3.11907,0.16002,134470,6899,3.11907,0.16002,2021-01-22
883,3433,4314,145340,135353,10332,86.4,3.37121,3.13955,0.23965,135353,10332,3.13955,0.23965,2021-01-23
438,2742,3177,148517,135791,13074,88.3,3.4449,3.14971,0.30326,135791,13074,3.14971,0.30326,2021-01-24
939,5330,6267,154784,136730,18404,92.0,3.59026,3.17149,0.42689,136730,18404,3.17149,0.42689,2021-01-25
690,5695,6384,161168,137420,24099,86.2,3.73834,3.1875,0.55898,137420,24099,3.1875,0.55898,2021-01-26
950,3267,4215,165383,138370,27366,82.3,3.83611,3.20953,0.63476,138370,27366,3.20953,0.63476,2021-01-27
382,5317,5699,171082,138752,32683,85.1,3.9683,3.2184,0.75809,138752,32683,3.2184,0.75809,2021-01-28
430,5577,6007,177089,139182,38260,88.1,4.10763,3.22837,0.88745,139182,38260,3.22837,0.88745,2021-01-29
221,5882,6102,183191,139403,44142,91.1,4.24917,3.2335,1.02389,139403,44142,3.2335,1.02389,2021-01-30
114,4103,4217,187408,139517,48245,93.2,4.34699,3.23614,1.11906,139517,48245,3.23614,1.11906,2021-01-31
583,8233,8815,196223,140100,56478,95.4,4.55145,3.24966,1.31002,140100,56478,3.24966,1.31002,2021-02-01
821,9584,10404,206627,140921,66062,83.4,4.79278,3.26871,1.53233,140921,66062,3.26871,1.53233,2021-02-02
608,9736,10341,216968,141529,75798,85.9,5.03264,3.28281,1.75816,141529,75798,3.28281,1.75816,2021-02-03
589,9833,10420,227388,142118,85631,90.0,5.27433,3.29647,1.98624,142118,85631,3.29647,1.98624,2021-02-04
664,9150,9812,237200,142782,94781,93.9,5.50193,3.31187,2.19847,142782,94781,3.31187,2.19847,2021-02-05
406,7923,8327,245527,143188,102704,97.2,5.69507,3.32129,2.38225,143188,102704,3.32129,2.38225,2021-02-06
458,2688,3146,248673,143646,105392,98.5,5.76805,3.33191,2.4446,143646,105392,3.33191,2.4446,2021-02-07
685,6334,7006,255679,144331,111726,101.2,5.93055,3.3478,2.59152,144331,111726,3.3478,2.59152,2021-02-08
665,6771,7434,263113,144996,118497,91.5,6.10299,3.36323,2.74857,144996,118497,3.36323,2.74857,2021-02-09
1266,6301,7552,270665,146262,124798,88.6,6.27816,3.39259,2.89473,146262,124798,3.39259,2.89473,2021-02-10
2967,3809,6757,277422,149229,128607,90.5,6.43489,3.46141,2.98308,149229,128607,3.46141,2.98308,2021-02-11
3915,2991,6876,284298,153144,131598,92.7,6.59438,3.55222,3.05246,153144,131598,3.55222,3.05246,2021-02-12
2961,1251,4191,288489,156105,132849,85.2,6.69159,3.6209,3.08147,156105,132849,3.6209,3.08147,2021-02-13
885,612,1491,289980,156990,133461,85.6,6.72617,3.64143,3.09567,156990,133461,3.64143,3.09567,2021-02-14
3265,1203,4435,294415,160255,134664,86.9,6.82905,3.71716,3.12357,160255,134664,3.71716,3.12357,2021-02-15
3260,780,3979,298394,163515,135444,88.1,6.92134,3.79278,3.14167,163515,135444,3.79278,3.14167,2021-02-16
3793,1031,4738,303132,167308,136475,89.5,7.03124,3.88076,3.16558,167308,136475,3.88076,3.16558,2021-02-17
4359,538,4790,307922,171667,137013,78.5,7.14235,3.98187,3.17806,171667,137013,3.98187,3.17806,2021-02-18
5025,632,5505,313427,176692,137645,79.9,7.27004,4.09843,3.19272,176692,137645,4.09843,3.19272,2021-02-19
3598,303,3772,317199,180290,137948,74.0,7.35753,4.18188,3.19975,180290,137948,4.18188,3.19975,2021-02-20
5020,171,5124,322323,185310,138119,75.2,7.47638,4.29832,3.20371,185310,138119,4.29832,3.20371,2021-02-21
7818,740,8417,330740,193128,138859,77.2,7.67162,4.47966,3.22088,193128,138859,4.47966,3.22088,2021-02-22
8575,824,9174,339914,201703,139683,70.8,7.88441,4.67856,3.23999,201703,139683,4.67856,3.23999,2021-02-23
10861,712,11361,351275,212564,140395,73.2,8.14793,4.93049,3.25651,212564,140395,4.93049,3.25651,2021-02-24
11590,789,12138,363413,224154,141184,75.7,8.42948,5.19932,3.27481,224154,141184,5.19932,3.27481,2021-02-25
11370,1041,12123,375536,235524,142225,78.2,8.71067,5.46305,3.29895,235524,142225,5.46305,3.29895,2021-02-26
12271,656,12611,388147,247795,142881,75.7,9.00319,5.74768,3.31417,247795,142881,5.74768,3.31417,2021-02-27
10471,477,10712,398859,258266,143358,77.8,9.25166,5.99056,3.32523,258266,143358,5.99056,3.32523,2021-02-28
11217,1081,12052,410911,269483,144439,77.1,9.53121,6.25074,3.35031,269483,144439,6.25074,3.35031,2021-03-01
10369,1009,11124,422035,279852,145448,72.0,9.78923,6.49125,3.37371,279852,145448,6.49125,3.37371,2021-03-02
11479,1039,12252,434287,291331,146487,73.9,10.07342,6.75751,3.39781,291331,146487,6.75751,3.39781,2021-03-03
11740,3210,14653,448940,303071,149697,76.4,10.4133,7.02982,3.47227,303071,149697,7.02982,3.47227,2021-03-04
11728,4124,15516,464456,314799,153821,79.0,10.7732,7.30186,3.56793,314799,153821,7.30186,3.56793,2021-03-05
11190,3042,14003,478459,325989,156863,81.4,11.098,7.56141,3.63849,325989,156863,7.56141,3.63849,2021-03-06
11048,1195,11930,490389,337037,158058,83.4,11.37472,7.81768,3.6662,337037,158058,7.81768,3.6662,2021-03-07
11421,3042,14152,504541,348458,161100,85.8,11.70298,8.08259,3.73676,348458,161100,8.08259,3.73676,2021-03-08
11807,2661,14178,518719,360265,163761,80.3,12.03185,8.35646,3.79849,360265,163761,8.35646,3.79849,2021-03-09
11456,2549,13691,532410,371721,166310,76.8,12.34941,8.62218,3.85761,371721,166310,8.62218,3.85761,2021-03-10
10772,3348,13823,546233,382493,169658,78.8,12.67004,8.87204,3.93527,382493,169658,8.87204,3.93527,2021-03-11
11091,3208,13988,560221,393584,172866,80.8,12.9945,9.1293,4.00968,393584,172866,9.1293,4.00968,2021-03-12
11641,1767,13080,573301,405225,174633,80.6,13.29789,9.39932,4.05067,405225,174633,9.39932,4.05067,2021-03-13
5110,3075,8026,581327,410335,177708,81.7,13.48406,9.51785,4.12199,410335,177708,9.51785,4.12199,2021-03-14
4928,5757,10509,591836,415263,183465,77.0,13.72782,9.63215,4.25553,415263,183465,9.63215,4.25553,2021-03-15
4489,6077,10454,602290,419752,189542,78.4,13.9703,9.73628,4.39648,419752,189542,9.73628,4.39648,2021-03-16
4949,7453,12201,614491,424701,196995,80.0,14.25331,9.85107,4.56936,424701,196995,9.85107,4.56936,2021-03-17
3869,7838,11508,625999,428570,204833,81.5,14.52024,9.94081,4.75116,428570,204833,9.94081,4.75116,2021-03-18
4442,6657,10877,636876,433012,211490,82.9,14.77253,10.04385,4.90558,433012,211490,10.04385,4.90558,2021-03-19
5944,6197,11875,648751,438956,217687,84.4,15.04798,10.18172,5.04932,438956,217687,10.18172,5.04932,2021-03-20
4225,6751,10773,659524,443181,224438,85.8,15.29786,10.27972,5.20591,443181,224438,10.27972,5.20591,2021-03-21
3810,7760,11335,670859,446991,232198,76.2,15.56078,10.36809,5.3859,446991,232198,10.36809,5.3859,2021-03-22
6714,6608,12967,683826,453705,238806,77.7,15.86155,10.52383,5.53918,453705,238806,10.52383,5.53918,2021-03-23
6326,9377,15324,699150,460031,248183,79.4,16.217,10.67056,5.75668,460031,248183,10.67056,5.75668,2021-03-24
8432,8922,16898,716048,468463,257105,79.6,16.60895,10.86614,5.96363,468463,257105,10.86614,5.96363,2021-03-25
9050,9266,17744,733792,477513,266371,81.6,17.02053,11.07606,6.17856,477513,266371,11.07606,6.17856,2021-03-26
9359,9241,18125,751917,486872,275612,83.6,17.44095,11.29315,6.3929,486872,275612,11.29315,6.3929,2021-03-27
8207,7939,15777,767694,495079,283551,85.4,17.8069,11.48351,6.57705,495079,283551,11.48351,6.57705,2021-03-28
8684,6855,15239,782933,503763,290406,79.5,18.16037,11.68494,6.73606,503763,290406,11.68494,6.73606,2021-03-29
9163,8240,16981,799914,512926,298646,81.2,18.55425,11.89748,6.92719,512926,298646,11.89748,6.92719,2021-03-30
10388,9020,19046,818960,523314,307666,83.1,18.99603,12.13843,7.13641,523314,307666,12.13843,7.13641,2021-03-31
11206,8516,19368,838328,534520,316182,85.1,19.44527,12.39836,7.33394,534520,316182,12.39836,7.33394,2021-04-01
11708,8877,20155,858483,546228,325059,83.7,19.91278,12.66993,7.53984,546228,325059,12.66993,7.53984,2021-04-02
10996,8950,19598,878081,557224,334009,78.6,20.36736,12.92498,7.74744,557224,334009,12.92498,7.74744,2021-04-03
6569,2905,9288,887369,563793,336914,79.5,20.5828,13.07735,7.81482,563793,336914,13.07735,7.81482,2021-04-04
12228,2844,14803,902172,576021,339758,80.8,20.92616,13.36098,7.88079,576021,339758,13.36098,7.88079,2021-04-05
15688,5738,20921,923093,591709,345496,74.3,21.41143,13.72487,8.01389,591709,345496,13.72487,8.01389,2021-04-06
18223,5997,23640,946733,609932,351493,76.2,21.95976,14.14756,8.15299,609932,351493,14.14756,8.15299,2021-04-07
20566,5320,25299,972032,630498,356813,78.2,22.54658,14.62459,8.27639,630498,356813,14.62459,8.27639,2021-04-08
21390,5115,25900,997932,651888,361928,80.3,23.14734,15.12074,8.39503,651888,361928,15.12074,8.39503,2021-04-09
25877,4995,30164,1028096,677765,366923,82.7,23.847,15.72097,8.51089,677765,366923,15.72097,8.51089,2021-04-10
18603,2641,20761,1048857,696368,369564,84.4,24.32856,16.15247,8.57215,696368,369564,16.15247,8.57215,2021-04-11
19975,3562,22965,1071822,716343,373126,86.2,24.86124,16.6158,8.65477,716343,373126,16.6158,8.65477,2021-04-12
23345,4197,26792,1098614,739688,377323,88.4,25.48269,17.15729,8.75212,739688,377323,17.15729,8.75212,2021-04-13
23848,5333,28406,1127020,763536,382656,83.3,26.14157,17.71045,8.87582,763536,382656,17.71045,8.87582,2021-04-14
24136,6260,29660,1156680,787672,388916,84.8,26.82955,18.27029,9.02103,787672,388916,18.27029,9.02103,2021-04-15
23502,5823,28514,1185194,811174,394739,86.9,27.49094,18.81543,9.15609,811174,394739,18.81543,9.15609,2021-04-16
26937,4090,30273,1215467,838111,398829,89.1,28.19313,19.44024,9.25096,838111,398829,19.44024,9.25096,2021-04-17
19967,3375,22733,1238200,858078,402204,90.8,28.72043,19.90338,9.32925,858078,402204,19.90338,9.32925,2021-04-18
18255,4953,22619,1260819,876333,407157,90.5,29.24508,20.32681,9.44413,876333,407157,20.32681,9.44413,2021-04-19
19169,7018,25535,1286354,895502,414175,92.3,29.83738,20.77144,9.60692,895502,414175,20.77144,9.60692,2021-04-20
20497,6017,25808,1312162,915999,420192,85.6,30.436,21.24688,9.74648,915999,420192,21.24688,9.74648,2021-04-21
21039,7467,27670,1339832,937038,427659,86.7,31.07781,21.73488,9.91968,937038,427659,21.73488,9.91968,2021-04-22
20770,7453,27478,1367310,957808,435112,88.5,31.71517,22.21665,10.09256,957808,435112,22.21665,10.09256,2021-04-23
21682,6516,27366,1394676,979490,441628,90.2,32.34994,22.71957,10.2437,979490,441628,22.71957,10.2437,2021-04-24
17523,3175,20040,1414716,997013,444803,91.5,32.81477,23.12602,10.31734,997013,444803,23.12602,10.31734,2021-04-25
15412,5066,19822,1434538,1012425,449869,91.3,33.27455,23.48351,10.43485,1012425,449869,23.48351,10.43485,2021-04-26
17444,5830,22609,1457147,1029869,455699,92.7,33.79897,23.88813,10.57008,1029869,455699,23.88813,10.57008,2021-04-27
16037,10691,26068,1483215,1045906,466390,85.4,34.40363,24.26011,10.81806,1045906,466390,24.26011,10.81806,2021-04-28
35798,14542,48433,1531648,1081704,480932,88.2,35.52704,25.09046,11.15537,1081704,480932,25.09046,11.15537,2021-04-29
18686,14520,31997,1563645,1100390,495452,90.0,36.26923,25.52388,11.49216,1100390,495452,25.52388,11.49216,2021-04-30
16846,12764,28579,1592224,1117236,508216,83.9,36.93212,25.91463,11.78823,1117236,508216,25.91463,11.78823,2021-05-01
14434,11449,25075,1617299,1131670,519665,85.2,37.51375,26.24943,12.05379,1131670,519665,26.24943,12.05379,2021-05-02
12490,14991,26700,1643999,1144160,534656,86.6,38.13306,26.53914,12.40151,1144160,534656,26.53914,12.40151,2021-05-03
17915,15234,31764,1675763,1162075,549890,88.2,38.86984,26.95469,12.75487,1162075,549890,26.95469,12.75487,2021-05-04
21012,15491,34704,1710467,1183087,565381,83.4,39.67481,27.44207,13.11419,1183087,565381,27.44207,13.11419,2021-05-05
19951,15060,33511,1743978,1203038,580441,85.1,40.4521,27.90484,13.46351,1203038,580441,27.90484,13.46351,2021-05-06
19011,15836,33183,1777161,1222049,596277,85.6,41.22179,28.3458,13.83083,1222049,596277,28.3458,13.83083,2021-05-07
18749,17472,34147,1811308,1240798,613749,87.3,42.01384,28.78069,14.2361,1240798,613749,28.78069,14.2361,2021-05-08
13577,13995,26933,1838241,1254375,627744,88.6,42.63856,29.09561,14.56071,1254375,627744,29.09561,14.56071,2021-05-09
15903,14278,29072,1867313,1270278,642022,90.0,43.3129,29.46449,14.8919,1270278,642022,29.46449,14.8919,2021-05-10
19038,14925,32325,1899638,1289316,656947,91.5,44.06269,29.90608,15.23809,1289316,656947,29.90608,15.23809,2021-05-11
19046,14714,32030,1931668,1308362,671661,86.7,44.80563,30.34786,15.57938,1308362,671661,30.34786,15.57938,2021-05-12
20637,17209,35818,1967486,1328999,688870,88.3,45.63644,30.82654,15.97855,1328999,688870,30.82654,15.97855,2021-05-13
18019,17479,33523,2001009,1347018,706349,88.6,46.41402,31.2445,16.38398,1347018,706349,31.2445,16.38398,2021-05-14
20152,15517,33660,2034669,1367170,721866,90.1,47.19477,31.71193,16.7439,1367170,721866,31.71193,16.7439,2021-05-15
15181,13973,28029,2062698,1382351,735839,91.3,47.84491,32.06406,17.06801,1382351,735839,32.06406,17.06801,2021-05-16
17840,14070,31012,2093710,1400191,749909,92.7,48.56425,32.47786,17.39437,1400191,749909,32.47786,17.39437,2021-05-17
19618,14029,32247,2125957,1419809,763938,94.1,49.31222,32.93291,17.71978,1419809,763938,32.93291,17.71978,2021-05-18
22090,12627,33224,2159181,1441899,776565,89.7,50.08287,33.44529,18.01266,1441899,776565,33.44529,18.01266,2021-05-19
13767,26450,38556,2197737,1455666,803015,91.3,50.97718,33.76462,18.62618,1455666,803015,33.76462,18.62618,2021-05-20
20580,17498,36290,2234027,1476246,820513,91.2,51.81894,34.24198,19.03205,1476246,820513,34.24198,19.03205,2021-05-21
17160,17882,33433,2267460,1493406,838395,92.6,52.59443,34.64001,19.44683,1493406,838395,34.64001,19.44683,2021-05-22
15597,14411,28641,2296101,1509003,852806,93.8,53.25877,35.00179,19.7811,1509003,852806,35.00179,19.7811,2021-05-23
17018,13397,29000,2325101,1526021,866203,93.2,53.93143,35.39652,20.09184,1526021,866203,35.39652,20.09184,2021-05-24
16022,18205,31925,2357026,1542043,884408,94.5,54.67194,35.76816,20.51411,1542043,884408,35.76816,20.51411,2021-05-25
15749,20967,34232,2391258,1557792,905375,90.5,55.46596,36.13346,21.00045,1557792,905375,36.13346,21.00045,2021-05-26
19368,20475,37553,2428811,1577160,925850,92.0,56.33702,36.58271,21.47537,1577160,925850,36.58271,21.47537,2021-05-27
19120,17701,35115,2463926,1596280,943551,93.3,57.15152,37.0262,21.88595,1596280,943551,37.0262,21.88595,2021-05-28
20460,14132,32675,2496601,1616740,957683,94.5,57.90943,37.50078,22.21375,1616740,957683,37.50078,22.21375,2021-05-29
18178,10349,27589,2524190,1634918,968032,93.5,58.54936,37.92242,22.4538,1634918,968032,37.92242,22.4538,2021-05-30
20616,11099,29127,2553317,1655534,979131,94.6,59.22497,38.40062,22.71124,1655534,979131,38.40062,22.71124,2021-05-31
24911,6865,29612,2582929,1680445,985996,88.1,59.91183,38.97844,22.87048,1680445,985996,38.97844,22.87048,2021-06-01
22211,5658,26862,2609791,1702656,991654,89.0,60.5349,39.49363,23.00172,1702656,991654,39.49363,23.00172,2021-06-02
30313,6152,34848,2644639,1732969,997806,90.2,61.34321,40.19675,23.14442,1732969,997806,40.19675,23.14442,2021-06-03
34752,7018,37734,2682373,1767721,1004824,88.0,62.21846,41.00283,23.3072,1767721,1004824,41.00283,23.3072,2021-06-04
32278,9418,36757,2719130,1799999,1014242,89.2,63.07105,41.75153,23.52565,1799999,1014242,41.75153,23.52565,2021-06-05
32417,6805,34915,2754045,1832416,1021047,89.6,63.88092,42.50345,23.6835,1832416,1021047,42.50345,23.6835,2021-06-06
30194,6645,35017,2789062,1862610,1027692,90.7,64.69315,43.20381,23.83763,1862610,1027692,43.20381,23.83763,2021-06-07
34895,5767,37756,2826818,1897505,1033459,92.0,65.56891,44.01321,23.9714,1897505,1033459,44.01321,23.9714,2021-06-08
36003,5897,38760,2865578,1933508,1039356,87.6,66.46796,44.84831,24.10818,1933508,1039356,44.84831,24.10818,2021-06-09
37973,5714,40573,2906151,1971481,1045070,88.8,67.40906,45.72911,24.24072,1971481,1045070,45.72911,24.24072,2021-06-10
40814,5314,43660,2949811,2012295,1050384,89.8,68.42177,46.6758,24.36398,2012295,1050384,46.6758,24.36398,2021-06-11
39909,4315,42542,2992353,2052204,1054699,91.1,69.40855,47.6015,24.46407,2052204,1054699,47.6015,24.46407,2021-06-12
33998,5043,38144,3030497,2086202,1059742,92.3,70.29331,48.39009,24.58104,2086202,1059742,48.39009,24.58104,2021-06-13
30978,8159,38082,3068579,2117180,1067901,92.7,71.17663,49.10864,24.77029,2117180,1067901,49.10864,24.77029,2021-06-14
27280,12827,39035,3107614,2144460,1080728,93.9,72.08206,49.74141,25.06782,2144460,1080728,49.74141,25.06782,2021-06-15
24217,17435,40497,3148111,2168677,1098163,88.7,73.0214,50.30313,25.47223,2168677,1098163,50.30313,25.47223,2021-06-16
24913,17268,41261,3189372,2193590,1115431,89.9,73.97846,50.88099,25.87276,2193590,1115431,50.88099,25.87276,2021-06-17
26554,15211,40754,3230126,2220144,1130642,91.0,74.92376,51.49692,26.22559,2220144,1130642,51.49692,26.22559,2021-06-18
23419,17447,40138,3270264,2243563,1148089,91.9,75.85478,52.04013,26.63028,2243563,1148089,52.04013,26.63028,2021-06-19
19415,15439,34228,3304492,2262978,1163528,91.8,76.6487,52.49047,26.98839,2262978,1163528,52.49047,26.98839,2021-06-20
17768,21539,38555,3343047,2280746,1185067,92.8,77.543,52.9026,27.48799,2280746,1185067,52.9026,27.48799,2021-06-21
18373,23125,40731,3383778,2299119,1208192,93.9,78.48777,53.32877,28.02438,2299119,1208192,53.32877,28.02438,2021-06-22
16930,23654,39820,3423598,2316049,1231846,87.8,79.41141,53.72147,28.57305,2316049,1231846,53.72147,28.57305,2021-06-23
19056,21140,39454,3463052,2335105,1252986,88.8,80.32655,54.16348,29.06339,2335105,1252986,54.16348,29.06339,2021-06-24
21006,25716,45605,3508657,2356111,1278702,90.0,81.38437,54.65072,29.65988,2356111,1278702,54.65072,29.65988,2021-06-25
22773,19433,41399,3550056,2378884,1298135,90.1,82.34464,55.17894,30.11064,2378884,1298135,55.17894,30.11064,2021-06-26
15880,22579,37688,3587744,2394764,1320714,91.1,83.21882,55.54729,30.63437,2394764,1320714,55.54729,30.63437,2021-06-27
15785,23501,38499,3626243,2410549,1344215,92.1,84.11182,55.91342,31.17948,2410549,1344215,55.91342,31.17948,2021-06-28
20008,21591,40713,3666956,2430557,1365806,93.1,85.05617,56.37751,31.68029,2430557,1365806,56.37751,31.68029,2021-06-29
19421,23047,41378,3708334,2449978,1388853,88.4,86.01594,56.82799,32.21487,2449978,1388853,56.82799,32.21487,2021-06-30
20966,22529,42174,3750508,2470944,1411382,89.4,86.99418,57.3143,32.73744,2470944,1411382,57.3143,32.73744,2021-07-01
18339,26678,43988,3794496,2489283,1438060,89.6,88.0145,57.73968,33.35624,2489283,1438060,57.73968,33.35624,2021-07-02
16162,24982,40255,3834751,2505445,1463042,90.5,88.94823,58.11456,33.93571,2505445,1463042,58.11456,33.93571,2021-07-03
11925,22724,33944,3868695,2517370,1485766,89.6,89.73557,58.39117,34.4628,2517370,1485766,58.39117,34.4628,2021-07-04
12444,24086,35723,3904418,2529814,1509852,90.5,90.56417,58.67981,35.02148,2529814,1509852,58.67981,35.02148,2021-07-05
9245,29817,38406,3942824,2539059,1539669,91.4,91.45501,58.89425,35.71309,2539059,1539669,58.89425,35.71309,2021-07-06
10353,28550,38164,3980988,2549412,1568219,89.4,92.34024,59.13439,36.37532,2549412,1568219,59.13439,36.37532,2021-07-07
8075,33751,41140,4022128,2557487,1601970,90.3,93.29449,59.3217,37.15819,2557487,1601970,59.3217,37.15819,2021-07-08
6337,34906,40588,4062716,2563824,1636876,91.2,94.23594,59.46868,37.96784,2563824,1636876,59.46868,37.96784,2021-07-09
7317,34697,41378,4104094,2571141,1671573,91.5,95.19572,59.6384,38.77265,2571141,1671573,59.6384,38.77265,2021-07-10
4869,28749,33272,4137366,2576010,1700322,92.2,95.96747,59.75134,39.43949,2576010,1700322,59.75134,39.43949,2021-07-11
5074,34847,39366,4176732,2581084,1735169,93.1,96.88058,59.86903,40.24778,2581084,1735169,59.86903,40.24778,2021-07-12
4037,35317,38972,4215704,2585121,1770486,94.0,97.78455,59.96267,41.06697,2585121,1770486,59.96267,41.06697,2021-07-13
4049,35629,39154,4254858,2589170,1806115,92.0,98.69274,60.05659,41.89339,2589170,1806115,60.05659,41.89339,2021-07-14
4603,38692,42723,4297581,2593773,1844807,92.9,99.68371,60.16336,42.79086,2593773,1844807,60.16336,42.79086,2021-07-15
4056,38631,42190,4339771,2597829,1883438,93.8,100.66232,60.25744,43.68692,2597829,1883438,60.25744,43.68692,2021-07-16
5466,37099,42006,4381777,2603295,1920537,94.7,101.63666,60.38423,44.54744,2603295,1920537,60.38423,44.54744,2021-07-17
3606,29789,33011,4414788,2606901,1950326,94.7,102.40236,60.46787,45.23841,2606901,1950326,60.46787,45.23841,2021-07-18
4966,35294,39779,4454567,2611867,1985620,95.1,103.32505,60.58306,46.05706,2611867,1985620,60.58306,46.05706,2021-07-19
6364,33496,39194,4493761,2618231,2019116,96.0,104.23416,60.73067,46.83401,2618231,2019116,60.73067,46.83401,2021-07-20
7132,31699,38182,4531943,2625363,2050815,94.0,105.11981,60.8961,47.56928,2625363,2050815,60.8961,47.56928,2021-07-21
7680,34837,41798,4573741,2633043,2085652,94.9,106.08932,61.07424,48.37734,2633043,2085652,61.07424,48.37734,2021-07-22
8744,30318,38282,4612023,2641787,2115970,95.7,106.97729,61.27706,49.08057,2641787,2115970,61.27706,49.08057,2021-07-23
8573,27025,34923,4646946,2650360,2142995,95.5,107.78734,61.47591,49.70743,2650360,2142995,61.47591,49.70743,2021-07-24
7147,22283,28871,4675817,2657507,2165278,96.1,108.45701,61.64169,50.22429,2657507,2165278,61.64169,50.22429,2021-07-25
8988,24681,32927,4708744,2666495,2189959,96.8,109.22076,61.85017,50.79677,2666495,2189959,61.85017,50.79677,2021-07-26
8895,25878,33938,4742682,2675390,2215837,96.7,110.00796,62.05649,51.39702,2675390,2215837,62.05649,51.39702,2021-07-27
9852,25825,34961,4777643,2685242,2241662,94.7,110.81889,62.28501,51.99604,2685242,2241662,62.28501,51.99604,2021-07-28
10273,27744,37028,4814671,2695515,2269406,95.5,111.67777,62.5233,52.63957,2695515,2269406,62.5233,52.63957,2021-07-29
10258,26620,36088,4850759,2705773,2296026,96.2,112.51484,62.76123,53.25703,2705773,2296026,62.76123,53.25703,2021-07-30
11317,25336,36007,4886766,2717090,2321362,96.9,113.35004,63.02374,53.8447,2717090,2321362,63.02374,53.8447,2021-07-31
9174,19135,27499,4914265,2726264,2340497,98.2,113.98788,63.23653,54.28855,2726264,2340497,63.23653,54.28855,2021-08-01
10097,20887,30215,4944480,2736361,2361384,98.8,114.68873,63.47073,54.77303,2736361,2361384,63.47073,54.77303,2021-08-02
9978,21202,30411,4974891,2746339,2382586,98.3,115.39412,63.70218,55.26481,2746339,2382586,63.70218,55.26481,2021-08-03
9648,20739,29541,5004432,2755987,2403325,96.1,116.07933,63.92596,55.74586,2755987,2403325,63.92596,55.74586,2021-08-04
11948,19498,30547,5034979,2767935,2422823,96.7,116.78788,64.2031,56.19812,2767935,2422823,64.2031,56.19812,2021-08-05
14191,17622,30727,5065706,2782126,2440445,97.3,117.5006,64.53227,56.60687,2782126,2440445,64.53227,56.60687,2021-08-06
13322,17456,29985,5095691,2795448,2457901,97.9,118.19611,64.84127,57.01177,2795448,2457901,64.84127,57.01177,2021-08-07
9497,11484,20473,5116164,2804945,2469385,97.5,118.67099,65.06156,57.27814,2804945,2469385,65.06156,57.27814,2021-08-08
12949,13028,24969,5141133,2817894,2482413,97.9,119.25016,65.36192,57.58033,2817894,2482413,65.36192,57.58033,2021-08-09
13367,9860,22284,5163417,2831261,2492273,98.3,119.76704,65.67197,57.80904,2831261,2492273,65.67197,57.80904,2021-08-10
14354,10595,23743,5187160,2845615,2502868,96.1,120.31777,66.00491,58.05479,2845615,2502868,66.00491,58.05479,2021-08-11
14438,9057,22282,5209442,2860053,2511925,96.6,120.8346,66.33981,58.26487,2860053,2511925,66.33981,58.26487,2021-08-12
12988,8218,20257,5229699,2873041,2520143,96.2,121.30447,66.64107,58.45549,2873041,2520143,66.64107,58.45549,2021-08-13
10519,5472,15294,5244993,2883560,2525615,96.5,121.65922,66.88506,58.58241,2883560,2525615,66.88506,58.58241,2021-08-14
5362,1595,6633,5251626,2888922,2527210,96.6,121.81308,67.00943,58.61941,2888922,2527210,67.00943,58.61941,2021-08-15
12636,7880,19473,5271099,2901558,2535090,96.9,122.26476,67.30253,58.80219,2901558,2535090,67.30253,58.80219,2021-08-16
12637,6571,18262,5289361,2914195,2541661,96.4,122.68835,67.59565,58.95461,2914195,2541661,67.59565,58.95461,2021-08-17
12550,6936,18332,5307693,2926745,2548597,92.8,123.11357,67.88675,59.11549,2926745,2548597,67.88675,59.11549,2021-08-18
11504,5579,16121,5323814,2938249,2554176,93.1,123.4875,68.15359,59.2449,2938249,2554176,68.15359,59.2449,2021-08-19
11344,6573,16926,5340740,2949593,2560749,93.4,123.8801,68.41671,59.39736,2949593,2560749,68.41671,59.39736,2021-08-20
8426,5779,13537,5354277,2958019,2566528,93.6,124.1941,68.61216,59.5314,2958019,2566528,68.61216,59.5314,2021-08-21
5714,4543,9820,5364097,2963733,2571071,93.8,124.42187,68.7447,59.63678,2963733,2571071,68.7447,59.63678,2021-08-22
9630,9712,18612,5382709,2973363,2580783,94.1,124.85359,68.96807,59.86205,2973363,2580783,68.96807,59.86205,2021-08-23
8717,7484,15470,5398179,2982080,2588267,92.6,125.21242,69.17026,60.03565,2982080,2588267,69.17026,60.03565,2021-08-24
9136,8397,16614,5414793,2991216,2596664,92.8,125.59778,69.38217,60.23042,2991216,2596664,69.38217,60.23042,2021-08-25
9172,9047,17244,5432037,3000388,2605711,89.3,125.99776,69.59492,60.44027,3000388,2605711,69.59492,60.44027,2021-08-26
8343,10115,17685,5449722,3008731,2615826,89.6,126.40797,69.78844,60.67489,3008731,2615826,69.78844,60.67489,2021-08-27
8130,10323,17731,5467453,3016861,2626149,89.9,126.81925,69.97702,60.91433,3016861,2626149,69.97702,60.91433,2021-08-28
5670,10174,15374,5482827,3022531,2636323,90.2,127.17585,70.10853,61.15032,3022531,2636323,70.10853,61.15032,2021-08-29
8033,13863,21145,5503972,3030564,2650186,90.5,127.66632,70.29486,61.47188,3030564,2650186,70.29486,61.47188,2021-08-30
7533,12355,19248,5523220,3038097,2662541,90.8,128.11278,70.46959,61.75845,3038097,2662541,70.46959,61.75845,2021-08-31
7572,12123,18886,5542106,3045669,2674664,90.8,128.55085,70.64523,62.03965,3045669,2674664,70.64523,62.03965,2021-09-01
6986,10887,17141,5559247,3052655,2685551,89.3,128.94844,70.80727,62.29218,3052655,2685551,70.80727,62.29218,2021-09-02
7289,12161,18656,5577903,3059944,2697712,89.6,129.38117,70.97634,62.57426,3059944,2697712,70.97634,62.57426,2021-09-03
7965,12432,19552,5597455,3067909,2710144,89.9,129.83468,71.16109,62.86262,3067909,2710144,71.16109,62.86262,2021-09-04
5157,8634,13293,5610748,3073066,2718778,90.1,130.14302,71.28071,63.06289,3073066,2718778,71.28071,63.06289,2021-09-05
6930,12258,18401,5629149,3079996,2731036,90.4,130.56984,71.44145,63.34722,3079996,2731036,71.44145,63.34722,2021-09-06
6969,12466,18675,5647824,3086965,2743502,89.0,131.00301,71.6031,63.63637,3086965,2743502,71.6031,63.63637,2021-09-07
7025,9781,15826,5663650,3093990,2753283,87.4,131.3701,71.76605,63.86324,3093990,2753283,71.76605,63.86324,2021-09-08
7058,10026,16232,5679882,3101048,2763309,87.5,131.7466,71.92976,64.0958,3101048,2763309,71.92976,64.0958,2021-09-09
5957,12276,17462,5697344,3107005,2775585,87.8,132.15164,72.06793,64.38054,3107005,2775585,72.06793,64.38054,2021-09-10
6744,12238,18126,5715470,3113749,2787823,88.1,132.57208,72.22436,64.66441,3113749,2787823,72.22436,64.66441,2021-09-11
4117,7018,10622,5726092,3117866,2794841,88.3,132.81846,72.31986,64.82719,3117866,2794841,72.31986,64.82719,2021-09-12
6356,11247,16745,5742837,3124222,2806088,88.5,133.20686,72.46729,65.08807,3124222,2806088,72.46729,65.08807,2021-09-13
6003,10841,16012,5758849,3130225,2816929,88.8,133.57827,72.60653,65.33953,3130225,2816929,72.60653,65.33953,2021-09-14
6497,10307,15968,5774817,3136722,2827236,88.4,133.94865,72.75723,65.57861,3136722,2827236,72.75723,65.57861,2021-09-15
4378,10520,14341,5789158,3141100,2837756,87.3,134.28129,72.85878,65.82262,3141100,2837756,72.85878,65.82262,2021-09-16
5976,10148,15486,5804644,3147076,2847904,88.0,134.6405,72.99739,66.05801,3147076,2847904,72.99739,66.05801,2021-09-17
7897,11835,19007,5823651,3154973,2859739,88.3,135.08137,73.18057,66.33252,3154973,2859739,73.18057,66.33252,2021-09-18
5407,6718,11689,5835340,3160380,2866457,88.5,135.3525,73.30598,66.48835,3160380,2866457,73.30598,66.48835,2021-09-19
6197,11956,17587,5852927,3166577,2878413,88.8,135.76044,73.44972,66.76567,3166577,2878413,73.44972,66.76567,2021-09-20
6459,10741,16661,5869588,3173036,2889154,89.0,136.14689,73.59954,67.01481,3173036,2889154,73.59954,67.01481,2021-09-21
6967,11567,17978,5887566,3180003,2900721,87.6,136.5639,73.76114,67.28311,3180003,2900721,73.76114,67.28311,2021-09-22
7350,11258,18006,5905572,3187353,2911979,87.9,136.98155,73.93163,67.54425,3187353,2911979,73.93163,67.54425,2021-09-23
7733,11001,18125,5923697,3195086,2922980,88.2,137.40197,74.111,67.79942,3195086,2922980,74.111,67.79942,2021-09-24
8437,10909,18654,5942351,3203523,2933889,88.4,137.83465,74.3067,68.05245,3203523,2933889,74.3067,68.05245,2021-09-25
5588,8035,13199,5955550,3209111,2941924,88.6,138.14081,74.43631,68.23883,3209111,2941924,74.43631,68.23883,2021-09-26
7151,10889,17479,5973029,3216262,2952813,88.9,138.54624,74.60218,68.4914,3216262,2952813,74.60218,68.4914,2021-09-27
7084,9842,16304,5989333,3223346,2962655,89.1,138.92442,74.7665,68.71969,3223346,2962655,74.7665,68.71969,2021-09-28
7587,10112,17054,6006387,3230933,2972767,85.2,139.31999,74.94248,68.95424,3230933,2972767,74.94248,68.95424,2021-09-29
7976,9806,17101,6023488,3238909,2982573,85.4,139.71665,75.12749,69.1817,3238909,2982573,75.12749,69.1817,2021-09-30
5741,7297,12614,6036102,3244650,2989870,85.6,140.00924,75.26065,69.35095,3244650,2989870,75.26065,69.35095,2021-10-01
5571,8811,13971,6050073,3250221,2998681,85.8,140.3333,75.38987,69.55533,3250221,2998681,75.38987,69.55533,2021-10-02
3369,5605,8732,6058805,3253590,3004286,85.9,140.53584,75.46802,69.68533,3253590,3004286,75.46802,69.68533,2021-10-03
5216,7656,12517,6071322,3258806,3011942,86.1,140.82618,75.589,69.86292,3258806,3011942,75.589,69.86292,2021-10-04
5220,7458,12307,6083629,3264026,3019400,86.3,141.11164,75.71008,70.03591,3264026,3019400,75.71008,70.03591,2021-10-05
4863,6421,10937,6094566,3268889,3025821,85.4,141.36533,75.82288,70.18485,3268889,3025821,75.82288,70.18485,2021-10-06
4187,5705,9589,6104155,3273076,3031526,85.6,141.58775,75.92,70.31717,3273076,3031526,75.92,70.31717,2021-10-07
4806,6845,11274,6115429,3277882,3038371,85.7,141.84925,76.03148,70.47595,3277882,3038371,76.03148,70.47595,2021-10-08
5383,7763,12774,6128203,3283265,3046134,85.9,142.14555,76.15634,70.65601,3283265,3046134,76.15634,70.65601,2021-10-09
3177,5008,7905,6136108,3286442,3051142,86.0,142.32891,76.23003,70.77217,3286442,3051142,76.23003,70.77217,2021-10-10
4965,6929,11583,6147691,3291407,3058071,86.2,142.59758,76.34519,70.93289,3291407,3058071,76.34519,70.93289,2021-10-11
4830,6297,10825,6158516,3296237,3064368,86.4,142.84867,76.45723,71.07896,3296237,3064368,76.45723,71.07896,2021-10-12
5492,6940,12099,6170615,3301729,3071308,86.5,143.12931,76.58462,71.23993,3301729,3071308,76.58462,71.23993,2021-10-13
5490,7106,12276,6182891,3307219,3078414,86.7,143.41405,76.71196,71.40476,3307219,3078414,76.71196,71.40476,2021-10-14
5956,7363,12916,6195807,3313175,3085777,86.9,143.71364,76.85011,71.57554,3313175,3085777,76.85011,71.57554,2021-10-15
5388,8095,13094,6208901,3318563,3093872,87.1,144.01736,76.97509,71.76331,3318563,3093872,76.97509,71.76331,2021-10-16
2822,5068,7692,6216593,3321385,3098940,87.2,144.19578,77.04054,71.88086,3321385,3098940,77.04054,71.88086,2021-10-17
4391,7959,11969,6228562,3325776,3106899,87.3,144.47341,77.14239,72.06547,3325776,3106899,77.14239,72.06547,2021-10-18
3393,6301,9423,6237985,3329169,3113200,87.5,144.69197,77.2211,72.21163,3329169,3113200,77.2211,72.21163,2021-10-19
3117,5709,8506,6246491,3332286,3118909,87.6,144.88927,77.2934,72.34405,3332286,3118909,77.2934,72.34405,2021-10-20
2988,6716,9410,6255901,3335274,3125625,87.7,145.10754,77.3627,72.49983,3335274,3125625,77.3627,72.49983,2021-10-21
2420,6326,8418,6264319,3337694,3131951,87.8,145.3028,77.41884,72.64656,3337694,3131951,77.41884,72.64656,2021-10-22
2381,5724,7817,6272136,3340075,3137675,87.9,145.48412,77.47406,72.77933,3340075,3137675,77.47406,72.77933,2021-10-23
1211,3416,4485,6276621,3341286,3141091,88.0,145.58815,77.50215,72.85857,3341286,3141091,77.50215,72.85857,2021-10-24
2364,5683,7754,6284375,3343650,3146774,88.1,145.768,77.55699,72.99039,3343650,3146774,77.55699,72.99039,2021-10-25
1823,5481,7107,6291482,3345473,3152255,88.2,145.93285,77.59927,73.11752,3345473,3152255,77.59927,73.11752,2021-10-26
1750,5093,6659,6298141,3347223,3157348,88.3,146.08731,77.63986,73.23565,3347223,3157348,77.63986,73.23565,2021-10-27
1684,5052,6541,6304682,3348907,3162400,88.4,146.23903,77.67892,73.35284,3348907,3162400,77.67892,73.35284,2021-10-28
1713,5536,7048,6311730,3350620,3167936,88.5,146.40251,77.71866,73.48125,3350620,3167936,77.71866,73.48125,2021-10-29
1788,5452,7049,6318779,3352408,3173388,88.6,146.56602,77.76013,73.60771,3352408,3173388,77.76013,73.60771,2021-10-30
888,2584,3381,6322160,3353296,3175972,88.6,146.64444,77.78073,73.66764,3353296,3175972,77.78073,73.66764,2021-10-31
620,1420,1983,6324143,3353916,3177392,88.7,146.69044,77.79511,73.70058,3353916,3177392,77.79511,73.70058,2021-11-01
1518,4720,6099,6330242,3355434,3182112,88.8,146.8319,77.83032,73.81006,3355434,3182112,77.83032,73.81006,2021-11-02
1579,4997,6438,6336680,3357013,3187109,88.9,146.98124,77.86695,73.92597,3357013,3187109,77.86695,73.92597,2021-11-03
1467,3636,4953,6341633,3358480,3190745,88.9,147.09612,77.90097,74.01031,3358480,3190745,77.90097,74.01031,2021-11-04
1540,4751,6147,6347780,3360020,3195496,89.0,147.2387,77.93669,74.12051,3360020,3195496,77.93669,74.12051,2021-11-05
1564,4107,5492,6353272,3361584,3199603,89.1,147.36609,77.97297,74.21577,3361584,3199603,77.97297,74.21577,2021-11-06
919,1890,2757,6356029,3362503,3201493,89.1,147.43004,77.99429,74.25961,3362503,3201493,77.99429,74.25961,2021-11-07
1638,4521,6017,6362046,3364141,3206014,89.2,147.56961,78.03228,74.36448,3364141,3206014,78.03228,74.36448,2021-11-08
1564,3697,5166,6367212,3365705,3209711,89.3,147.68943,78.06856,74.45023,3365705,3209711,78.06856,74.45023,2021-11-09
1499,3446,4858,6372070,3367204,3213157,89.3,147.80212,78.10333,74.53016,3367204,3213157,78.10333,74.53016,2021-11-10
1460,3347,4717,6376787,3368664,3216504,89.4,147.91153,78.13719,74.6078,3368664,3216504,78.13719,74.6078,2021-11-11
1523,3754,5152,6381939,3370187,3220258,89.5,148.03103,78.17252,74.69487,3370187,3220258,78.17252,74.69487,2021-11-12
1546,3075,4518,6386457,3371733,3223333,89.6,148.13583,78.20838,74.7662,3371733,3223333,78.20838,74.7662,2021-11-13
786,1503,2244,6388701,3372519,3224836,89.6,148.18788,78.22661,74.80106,3372519,3224836,78.22661,74.80106,2021-11-14
1430,3359,4684,6393385,3373949,3228195,89.6,148.29653,78.25978,74.87897,3373949,3228195,78.25978,74.87897,2021-11-15
1384,2527,3832,6397217,3375333,3230722,89.7,148.38541,78.29188,74.93759,3375333,3230722,78.29188,74.93759,2021-11-16
1283,2333,3564,6400781,3376616,3233055,89.8,148.46808,78.32164,74.9917,3376616,3233055,78.32164,74.9917,2021-11-17
1490,2244,3686,6404467,3378106,3235299,89.8,148.55358,78.3562,75.04375,3378106,3235299,78.3562,75.04375,2021-11-18
1495,2037,3469,6407936,3379601,3237336,89.9,148.63404,78.39088,75.091,3379601,3237336,78.39088,75.091,2021-11-19
1664,2332,3919,6411855,3381265,3239668,89.9,148.72494,78.42948,75.14509,3381265,3239668,78.42948,75.14509,2021-11-20
950,868,1792,6413647,3382215,3240536,89.9,148.76651,78.45151,75.16523,3382215,3240536,78.45151,75.16523,2021-11-21
1663,2290,3891,6417538,3383878,3242826,88.2,148.85676,78.49009,75.21834,3383878,3242826,78.49009,75.21834,2021-11-22
1467,1664,3079,6420617,3385345,3244490,88.3,148.92818,78.52412,75.25694,3385345,3244490,78.52412,75.25694,2021-11-23
1511,1655,3114,6423731,3386856,3246145,88.3,149.00041,78.55916,75.29533,3386856,3246145,78.55916,75.29533,2021-11-24
1985,1581,3523,6427254,3388841,3247726,88.4,149.08213,78.60521,75.332,3388841,3247726,78.60521,75.332,2021-11-25
2385,2046,4373,6431627,3391226,3249772,88.4,149.18356,78.66053,75.37946,3391226,3249772,78.66053,75.37946,2021-11-26
2868,2228,5028,6436655,3394094,3252000,88.5,149.30019,78.72705,75.43114,3394094,3252000,78.72705,75.43114,2021-11-27
2266,781,3013,6439668,3396360,3252781,88.5,149.37007,78.77961,75.44925,3396360,3252781,78.77961,75.44925,2021-11-28
3093,1308,4354,6444022,3399453,3254089,88.6,149.47107,78.85135,75.47959,3399453,3254089,78.85135,75.47959,2021-11-29
2939,1402,4284,6448306,3402392,3255491,88.7,149.57043,78.91953,75.51211,3402392,3255491,78.91953,75.51211,2021-11-30
2630,1286,3865,6452171,3405022,3256777,86.3,149.66008,78.98053,75.54194,3405022,3256777,78.98053,75.54194,2021-12-01
2518,1483,3962,6456133,3407540,3258260,85.7,149.75198,79.03893,75.57634,3407540,3258260,79.03893,75.57634,2021-12-02
2868,1772,4597,6460730,3410408,3260032,85.8,149.85861,79.10546,75.61744,3410408,3260032,79.10546,75.61744,2021-12-03
3189,1769,4920,6465650,3413597,3261801,85.9,149.97273,79.17943,75.65847,3413597,3261801,79.17943,75.65847,2021-12-04
2492,1203,3671,6469321,3416089,3263004,85.9,150.05788,79.23723,75.68638,3416089,3263004,79.23723,75.68638,2021-12-05
3351,1782,5092,6474413,3419440,3264786,86.0,150.17599,79.31496,75.72771,3419440,3264786,79.31496,75.72771,2021-12-06
3038,1320,4320,6478733,3422478,3266106,86.0,150.2762,79.38543,75.75833,3422478,3266106,79.38543,75.75833,2021-12-07
2139,636,2750,6481483,3424617,3266742,86.1,150.33999,79.43504,75.77308,3424617,3266742,79.43504,75.77308,2021-12-08
2347,1759,4079,6485562,3426964,3268501,86.1,150.4346,79.48948,75.81388,3426964,3268501,79.48948,75.81388,2021-12-09
2468,1499,3911,6489473,3429432,3270000,85.6,150.52532,79.54673,75.84865,3429432,3270000,79.54673,75.84865,2021-12-10
2234,1666,3878,6493351,3431666,3271666,85.6,150.61527,79.59854,75.8873,3431666,3271666,79.59854,75.8873,2021-12-11
1461,697,2145,6495496,3433127,3272363,85.6,150.66502,79.63243,75.90346,3433127,3272363,79.63243,75.90346,2021-12-12
2129,1681,3768,6499264,3435256,3274044,85.7,150.75242,79.68182,75.94245,3435256,3274044,79.68182,75.94245,2021-12-13
2045,1432,3451,6502715,3437301,3275476,85.7,150.83247,79.72925,75.97567,3437301,3275476,79.72925,75.97567,2021-12-14
2107,1524,3608,6506323,3439408,3277000,83.4,150.91616,79.77812,76.01102,3439408,3277000,79.77812,76.01102,2021-12-15
2449,1712,4116,6510439,3441857,3278712,82.3,151.01163,79.83493,76.05073,3441857,3278712,79.83493,76.05073,2021-12-16
2783,1956,4710,6515149,3444640,3280668,82.4,151.12088,79.89948,76.0961,3444640,3280668,79.89948,76.0961,2021-12-17
0,0,0,6515149,3444640,3280668,82.4,151.12088,79.89948,76.0961,3444640,3280668,79.89948,76.0961,2021-12-18
2387,1663,305657,6820806,3447027,3282331,97.8,158.21069,79.95485,76.13467,3447027,3282331,79.95485,76.13467,2021-12-19
2387,1663,305658,7126464,3449414,3283994,97.8,165.30052,80.01022,76.17325,3449414,3283994,80.01022,76.17325,2021-12-20
2387,1663,305658,7432122,3451801,3285657,97.8,172.39035,80.06558,76.21182,3451801,3285657,80.06558,76.21182,2021-12-21
2388,1663,305658,7737780,3454189,3287320,97.8,179.48018,80.12097,76.2504,3454189,3287320,80.12097,76.2504,2021-12-22
2722,2986,53569,7791349,3456911,3290306,96.6,180.72273,80.18411,76.31966,3456911,3290306,80.18411,76.31966,2021-12-23
2565,1908,27445,7818794,3459476,3292214,96.9,181.35932,80.24361,76.36391,3459476,3292214,80.24361,76.36391,2021-12-24
700,291,8058,7826852,3460176,3292505,97.0,181.54623,80.25984,76.37066,3460176,3292505,80.25984,76.37066,2021-12-25
786,883,9706,7836558,3460962,3293388,97.1,181.77137,80.27807,76.39114,3460962,3293388,80.27807,76.39114,2021-12-26
1551,2820,25376,7861934,3462513,3296208,96.4,182.35997,80.31405,76.45656,3462513,3296208,80.31405,76.45656,2021-12-27
2620,2786,34984,7896918,3465133,3298994,96.9,183.17143,80.37482,76.52118,3465133,3298994,80.37482,76.52118,2021-12-28
3000,2703,37258,7934176,3468133,3301697,97.3,184.03564,80.44441,76.58387,3468133,3301697,80.44441,76.58387,2021-12-29
2970,3471,35795,7969971,3471103,3305168,97.7,184.86592,80.5133,76.66439,3471103,3305168,80.5133,76.66439,2021-12-30
3162,1643,27738,7997709,3474265,3306811,98.1,185.50931,80.58664,76.70249,3474265,3306811,80.58664,76.70249,2021-12-31
628,406,7696,8005405,3474893,3307217,98.2,185.68782,80.60121,76.71191,3474893,3307217,80.60121,76.71191,2022-01-01
1564,2573,17793,8023198,3476457,3309790,98.4,186.10054,80.63749,76.77159,3476457,3309790,80.63749,76.77159,2022-01-02
1965,3407,32364,8055562,3478422,3313197,98.8,186.85123,80.68306,76.85062,3478422,3313197,80.68306,76.85062,2022-01-03
2902,3476,42943,8098505,3481324,3316673,99.3,187.84731,80.75038,76.93125,3481324,3316673,80.75038,76.93125,2022-01-04
3033,3039,44832,8143337,3484357,3319712,97.5,188.8872,80.82073,77.00174,3484357,3319712,80.82073,77.00174,2022-01-05
4061,2002,38085,8181422,3488418,3321714,97.9,189.77059,80.91492,77.04817,3488418,3321714,80.91492,77.04817,2022-01-06
3342,2551,37148,8218570,3491760,3324265,98.4,190.63225,80.99244,77.10735,3491760,3324265,80.99244,77.10735,2022-01-07
2072,1179,18032,8236602,3493832,3325444,98.6,191.05051,81.0405,77.13469,3493832,3325444,81.0405,77.13469,2022-01-08
3955,5278,43820,8280422,3497787,3330722,99.1,192.06693,81.13224,77.25712,3497787,3330722,81.13224,77.25712,2022-01-09
2953,3169,17070,8297492,3500740,3333891,99.3,192.46287,81.20074,77.33062,3500740,3333891,81.20074,77.33062,2022-01-10
2597,2752,31626,8329118,3503337,3336643,99.7,193.19645,81.26098,77.39446,3503337,3336643,81.26098,77.39446,2022-01-11
10517,9048,119129,8448247,3513854,3345691,98.6,195.95968,81.50492,77.60433,3513854,3345691,81.50492,77.60433,2022-01-12
3604,3026,49298,8497545,3517458,3348717,98.4,197.10316,81.58852,77.67452,3517458,3348717,81.58852,77.67452,2022-01-13
4143,3636,51967,8549512,3521601,3352353,99.0,198.30855,81.68461,77.75886,3521601,3352353,81.68461,77.75886,2022-01-14
5891,3112,56486,8605998,3527492,3355465,99.7,199.61876,81.82126,77.83104,3527492,3355465,81.82126,77.83104,2022-01-15
5128,2055,44875,8650873,3532620,3357520,100.2,200.65965,81.9402,77.87871,3532620,3357520,81.9402,77.87871,2022-01-16
3382,2056,40830,8691703,3536002,3359576,100.7,201.60672,82.01865,77.9264,3536002,3359576,82.01865,77.9264,2022-01-17
3080,2827,48121,8739824,3539082,3362403,101.2,202.7229,82.09009,77.99197,3539082,3362403,82.09009,77.99197,2022-01-18
3209,2639,47451,8787275,3542291,3365042,99.9,203.82354,82.16453,78.05318,3542291,3365042,82.16453,78.05318,2022-01-19
3194,2733,46882,8834157,3545485,3367775,99.8,204.91098,82.23861,78.11657,3545485,3367775,82.23861,78.11657,2022-01-20
3304,9444,47945,8882102,3548789,3377219,100.3,206.02308,82.31525,78.33563,3548789,3377219,82.31525,78.33563,2022-01-21
2121,1250,50490,8932592,3550910,3378469,100.9,207.19421,82.36445,78.36462,3550910,3378469,82.36445,78.36462,2022-01-22
7655,2450,40255,8972847,3558565,3380919,101.4,208.12794,82.54201,78.42145,3558565,3380919,82.54201,78.42145,2022-01-23
3110,1671,38231,9011078,3561675,3382590,101.8,209.01472,82.61414,78.46021,3561675,3382590,82.61414,78.46021,2022-01-24
2991,2559,42971,9054049,3564666,3385149,101.4,210.01144,82.68352,78.51957,3564666,3385149,82.68352,78.51957,2022-01-25
1831,1481,19253,9073302,3566497,3386630,101.0,210.45802,82.72599,78.55392,3566497,3386630,82.72599,78.55392,2022-01-26
4577,5963,64480,9137782,3571074,3392593,100.9,211.95365,82.83216,78.69223,3571074,3392593,82.83216,78.69223,2022-01-27
3165,3713,42510,9180292,3574239,3396306,101.4,212.93969,82.90557,78.77836,3574239,3396306,82.90557,78.77836,2022-01-28
4004,4546,45565,9225857,3578243,3400852,101.9,213.99658,82.99844,78.8838,3578243,3400852,82.99844,78.8838,2022-01-29
4226,3246,35376,9261233,3582469,3404098,102.3,214.81714,83.09647,78.9591,3582469,3404098,83.09647,78.9591,2022-01-30
3347,2587,30923,9292156,3585816,3406685,102.6,215.53441,83.1741,79.0191,3585816,3406685,83.1741,79.0191,2022-01-31
3018,4265,30573,9322729,3588834,3410950,102.9,216.24356,83.2441,79.11803,3588834,3410950,83.2441,79.11803,2022-02-01
3250,4000,26963,9349692,3592084,3414950,101.4,216.86897,83.31949,79.21081,3592084,3414950,83.31949,79.21081,2022-02-02
3117,3838,24363,9374055,3595201,3418788,100.9,217.43408,83.39179,79.29984,3595201,3418788,83.39179,79.29984,2022-02-03
1588,1931,10554,9384609,3596789,3420719,101.0,217.67888,83.42862,79.34463,3596789,3420719,83.42862,79.34463,2022-02-04
5685,8857,40525,9425134,3602474,3429576,101.4,218.61887,83.56049,79.55007,3602474,3429576,83.56049,79.55007,2022-02-05
2864,4777,18980,9444114,3605338,3434353,101.6,219.05912,83.62692,79.66087,3605338,3434353,83.62692,79.66087,2022-02-06
1770,3494,15462,9459576,3607108,3437847,101.8,219.41777,83.66798,79.74192,3607108,3437847,83.66798,79.74192,2022-02-07
1777,4210,17708,9477284,3608885,3442057,102.0,219.82851,83.70919,79.83957,3608885,3442057,83.70919,79.83957,2022-02-08
1796,3642,16772,9494056,3610681,3445699,100.0,220.21754,83.75085,79.92404,3610681,3445699,83.75085,79.92404,2022-02-09
1750,3408,16148,9510204,3612431,3449107,100.2,220.5921,83.79144,80.00309,3612431,3449107,83.79144,80.00309,2022-02-10
1859,3373,16817,9527021,3614290,3452480,100.4,220.98217,83.83456,80.08133,3614290,3452480,83.83456,80.08133,2022-02-11
1963,5175,18034,9545055,3616253,3457655,100.6,221.40048,83.8801,80.20137,3616253,3457655,83.8801,80.20137,2022-02-12
1525,4505,13281,9558336,3617778,3462160,100.7,221.70853,83.91547,80.30586,3617778,3462160,83.91547,80.30586,2022-02-13
985,2809,10265,9568601,3618763,3464969,100.8,221.94663,83.93832,80.37102,3618763,3464969,83.93832,80.37102,2022-02-14
1084,3093,12633,9581234,3619847,3468062,100.9,222.23966,83.96346,80.44276,3619847,3468062,83.96346,80.44276,2022-02-15
1282,3414,13239,9594473,3621129,3471476,86.5,222.54674,83.9932,80.52195,3621129,3471476,83.9932,80.52195,2022-02-16
1088,3005,11870,9606343,3622217,3474481,100.0,222.82207,84.01843,80.59165,3622217,3474481,84.01843,80.59165,2022-02-17
1081,3156,11814,9618157,3623298,3477637,100.2,223.0961,84.04351,80.66486,3623298,3477637,84.04351,80.66486,2022-02-18
1408,4263,13195,9631352,3624706,3481900,100.3,223.40216,84.07617,80.76374,3624706,3481900,84.07617,80.76374,2022-02-19
815,3414,8326,9639678,3625521,3485314,100.4,223.59529,84.09507,80.84293,3625521,3485314,84.09507,80.84293,2022-02-20
535,2387,7438,9647116,3626056,3487701,100.5,223.76781,84.10748,80.89829,3626056,3487701,84.10748,80.89829,2022-02-21
649,2462,9407,9656523,3626705,3490163,100.6,223.98601,84.12253,80.9554,3626705,3490163,84.12253,80.9554,2022-02-22
320,1575,4589,9661112,3627025,3491738,99.3,224.09245,84.12996,80.99193,3627025,3491738,84.12996,80.99193,2022-02-23
954,4852,15315,9676427,3627979,3496590,99.4,224.44769,84.15209,81.10448,3627979,3496590,84.15209,81.10448,2022-02-24
588,3161,9909,9686336,3628567,3499751,99.5,224.67753,84.16572,81.1778,3628567,3499751,84.16572,81.1778,2022-02-25
613,4357,10611,9696947,3629180,3504108,99.7,224.92366,84.17994,81.27886,3629180,3504108,84.17994,81.27886,2022-02-26
161,2391,4003,9700950,3629341,3506499,99.7,225.01651,84.18368,81.33432,3629341,3506499,84.18368,81.33432,2022-02-27
365,2252,8424,9709374,3629706,3508751,99.8,225.21191,84.19214,81.38656,3629706,3508751,84.19214,81.38656,2022-02-28
899,2158,7874,9717248,3630605,3510909,99.1,225.39455,84.213,81.43661,3630605,3510909,84.213,81.43661,2022-03-01
593,1919,6599,9723847,3631198,3512828,97.7,225.54761,84.22675,81.48112,3631198,3512828,84.22675,81.48112,2022-03-02
517,2656,6732,9730579,3631715,3515484,97.7,225.70376,84.23874,81.54273,3631715,3515484,84.23874,81.54273,2022-03-03
534,2361,7683,9738262,3632249,3517845,97.8,225.88197,84.25113,81.59749,3632249,3517845,84.25113,81.59749,2022-03-04
565,2598,8111,9746373,3632814,3520443,97.9,226.07011,84.26423,81.65775,3632814,3520443,84.26423,81.65775,2022-03-05
346,1291,4377,9750750,3633160,3521734,97.9,226.17164,84.27226,81.6877,3633160,3521734,84.27226,81.6877,2022-03-06
443,996,5414,9756164,3633603,3522730,98.0,226.29721,84.28254,81.7108,3633603,3522730,84.28254,81.7108,2022-03-07
376,1252,6493,9762657,3633979,3523982,98.1,226.44782,84.29126,81.73984,3633979,3523982,84.29126,81.73984,2022-03-08
454,1158,6235,9768892,3634433,3525140,96.5,226.59244,84.30179,81.7667,3634433,3525140,84.30179,81.7667,2022-03-09
471,1407,6499,9775391,3634904,3526547,96.5,226.74319,84.31271,81.79934,3634904,3526547,84.31271,81.79934,2022-03-10
412,1248,5966,9781357,3635316,3527795,96.6,226.88157,84.32227,81.82829,3635316,3527795,84.32227,81.82829,2022-03-11
