delta_1d,delta_2d,delta_all,sum_doses,sum_1d,sum_2d,perc_doses,perc_inh_tot,perc_inh_1d,perc_inh_2d,sum_monotone_1d,sum_monotone_2d,perc_inh_monotone_1d,perc_inh_monotone_2d,date
0,0,0,0,0,0,0,0,0,0,0,0,0,0,2020-12-26
913,0,913,913,913,0,100.3,0.02118,0.02118,0.0,913,0,0.02118,0.0,2020-12-27
1,0,1,914,914,0,100.4,0.0212,0.0212,0.0,914,0,0.0212,0.0,2020-12-28
0,0,0,914,914,0,100.4,0.0212,0.0212,0.0,914,0,0.0212,0.0,2020-12-29
733,0,733,1647,1647,0,4.1,0.0382,0.0382,0.0,1647,0,0.0382,0.0,2020-12-30
3883,0,3883,5530,5530,0,13.5,0.12827,0.12827,0.0,5530,0,0.12827,0.0,2020-12-31
1040,1,1040,6570,6570,1,16.1,0.15239,0.15239,2e-05,6570,1,0.15239,2e-05,2021-01-01
3541,1,3541,10111,10111,2,24.7,0.23453,0.23453,5e-05,10111,2,0.23453,5e-05,2021-01-02
3062,2,3062,13173,13173,4,32.2,0.30555,0.30555,9e-05,13173,4,0.30555,9e-05,2021-01-03
5564,1,5564,18737,18737,5,45.8,0.43461,0.43461,0.00012,18737,5,0.43461,0.00012,2021-01-04
5379,5,5379,24116,24116,10,39.3,0.55938,0.55938,0.00023,24116,10,0.55938,0.00023,2021-01-05
3107,1,3107,27223,27223,11,44.4,0.63145,0.63145,0.00026,27223,11,0.63145,0.00026,2021-01-06
5378,2,5378,32601,32601,13,39.4,0.75619,0.75619,0.0003,32601,13,0.75619,0.0003,2021-01-07
5530,2,5530,38131,38131,15,46.0,0.88446,0.88446,0.00035,38131,15,0.88446,0.00035,2021-01-08
6185,2,6185,44316,44316,17,53.5,1.02792,1.02792,0.00039,44316,17,1.02792,0.00039,2021-01-09
5209,2,5209,49525,49525,19,59.8,1.14875,1.14875,0.00044,49525,19,1.14875,0.00044,2021-01-10
8743,6,8743,58268,58268,25,70.4,1.35154,1.35154,0.00058,58268,25,1.35154,0.00058,2021-01-11
10079,6,10079,68347,68347,31,56.1,1.58533,1.58533,0.00072,68347,31,1.58533,0.00072,2021-01-12
10079,9,10079,78426,78426,40,63.4,1.81912,1.81912,0.00093,78426,40,1.81912,0.00093,2021-01-13
9766,6,9766,88192,88192,46,71.3,2.04564,2.04564,0.00107,88192,46,2.04564,0.00107,2021-01-14
9107,6,9107,97299,97299,52,78.6,2.25688,2.25688,0.00121,97299,52,2.25688,0.00121,2021-01-15
7762,7,7762,105061,105061,59,84.9,2.43692,2.43692,0.00137,105061,59,2.43692,0.00137,2021-01-16
2867,651,3516,108577,107928,710,87.7,2.51848,2.50342,0.01647,107928,710,2.50342,0.01647,2021-01-17
5918,254,6168,114745,113846,964,85.4,2.66155,2.64069,0.02236,113846,964,2.64069,0.02236,2021-01-18
6452,18,6461,121206,120298,982,89.5,2.81141,2.79035,0.02278,120298,982,2.79035,0.02278,2021-01-19
5890,721,6604,127810,126188,1703,84.8,2.96459,2.92697,0.0395,126188,1703,2.92697,0.0395,2021-01-20
3374,3505,6873,134683,129562,5208,80.1,3.12401,3.00523,0.1208,129562,5208,3.00523,0.1208,2021-01-21
2525,1344,3868,138551,132087,6552,82.4,3.21373,3.0638,0.15198,132087,6552,3.0638,0.15198,2021-01-22
880,3380,4258,142809,132967,9932,84.9,3.3125,3.08421,0.23038,132967,9932,3.08421,0.23038,2021-01-23
436,2723,3157,145966,133403,12655,86.8,3.38573,3.09432,0.29354,133403,12655,3.09432,0.29354,2021-01-24
975,5241,6214,152180,134378,17896,90.5,3.52986,3.11694,0.4151,134378,17896,3.11694,0.4151,2021-01-25
732,5608,6339,158519,135110,23504,84.8,3.6769,3.13392,0.54518,135110,23504,3.13392,0.54518,2021-01-26
996,3200,4194,162713,136106,26704,81.0,3.77418,3.15702,0.61941,136106,26704,3.15702,0.61941,2021-01-27
380,5217,5597,168310,136486,31921,83.7,3.904,3.16583,0.74042,136486,31921,3.16583,0.74042,2021-01-28
452,5491,5943,174253,136938,37412,86.7,4.04185,3.17632,0.86778,136938,37412,3.17632,0.86778,2021-01-29
217,5773,5989,180242,137155,43185,89.7,4.18077,3.18135,1.00169,137155,43185,3.18135,1.00169,2021-01-30
112,4010,4122,184364,137267,47195,91.7,4.27638,3.18395,1.0947,137267,47195,3.18395,1.0947,2021-01-31
576,8083,8658,193022,137843,55278,93.8,4.4772,3.19731,1.28219,137843,55278,3.19731,1.28219,2021-02-01
809,9452,10260,203282,138652,64730,82.0,4.71519,3.21608,1.50143,138652,64730,3.21608,1.50143,2021-02-02
609,9600,10207,213489,139261,74330,84.5,4.95194,3.2302,1.72411,139261,74330,3.2302,1.72411,2021-02-03
583,9631,10212,223701,139844,83961,88.6,5.18881,3.24372,1.9475,139844,83961,3.24372,1.9475,2021-02-04
654,8956,9608,233309,140498,92917,92.4,5.41167,3.25889,2.15524,140498,92917,3.25889,2.15524,2021-02-05
398,7600,7996,241305,140896,100517,95.5,5.59714,3.26813,2.33152,140896,100517,3.26813,2.33152,2021-02-06
442,2646,3087,244392,141338,103163,96.8,5.66875,3.27838,2.3929,141338,103163,3.27838,2.3929,2021-02-07
665,6258,6919,251311,142003,109421,99.5,5.82924,3.2938,2.53805,142003,109421,3.2938,2.53805,2021-02-08
716,6682,7396,258707,142719,116103,89.9,6.00079,3.31041,2.69304,142719,116103,3.31041,2.69304,2021-02-09
1314,6238,7537,266244,144033,122341,87.2,6.17561,3.34089,2.83774,144033,122341,3.34089,2.83774,2021-02-10
3004,3779,6764,273008,147037,126120,89.0,6.3325,3.41057,2.92539,147037,126120,3.41057,2.92539,2021-02-11
3934,2982,6892,279900,150971,129102,91.3,6.49237,3.50182,2.99456,150971,129102,3.50182,2.99456,2021-02-12
2935,1239,4159,284059,153906,130341,83.9,6.58884,3.5699,3.0233,153906,130341,3.5699,3.0233,2021-02-13
877,610,1480,285539,154783,130951,84.3,6.62316,3.59024,3.03745,154783,130951,3.59024,3.03745,2021-02-14
3222,1228,4427,289966,158005,132179,85.6,6.72585,3.66497,3.06593,158005,132179,3.66497,3.06593,2021-02-15
3213,808,3972,293938,161218,132987,86.8,6.81798,3.7395,3.08467,161218,132987,3.7395,3.08467,2021-02-16
3808,1049,4798,298736,165026,134036,88.2,6.92927,3.82783,3.10901,165026,134036,3.82783,3.10901,2021-02-17
4367,515,4796,303532,169393,134551,77.3,7.04052,3.92912,3.12095,169393,134551,3.92912,3.12095,2021-02-18
5036,622,5537,309069,174429,135173,78.7,7.16895,4.04593,3.13538,174429,135173,4.04593,3.13538,2021-02-19
3662,274,3835,312904,178091,135447,73.0,7.2579,4.13088,3.14173,178091,135447,4.13088,3.14173,2021-02-20
4989,153,5092,317996,183080,135600,74.2,7.37601,4.2466,3.14528,183080,135600,4.2466,3.14528,2021-02-21
7892,692,8481,326477,190972,136292,76.2,7.57273,4.42965,3.16133,190972,136292,4.42965,3.16133,2021-02-22
8658,758,9242,335719,199630,137050,69.9,7.78711,4.63048,3.17892,199630,137050,4.63048,3.17892,2021-02-23
10881,651,11384,347103,210511,137701,72.3,8.05116,4.88287,3.19402,210511,137701,4.88287,3.19402,2021-02-24
11707,728,12252,359355,222218,138429,74.8,8.33535,5.15441,3.2109,222218,138429,5.15441,3.2109,2021-02-25
11551,943,12288,371643,233769,139372,77.4,8.62037,5.42234,3.23278,233769,139372,5.42234,3.23278,2021-02-26
12343,567,12679,384322,246112,139939,74.9,8.91447,5.70864,3.24593,246112,139939,5.70864,3.24593,2021-02-27
10571,416,10811,395133,256683,140355,77.1,9.16523,5.95384,3.25558,256683,140355,5.95384,3.25558,2021-02-28
11347,983,12157,407290,268030,141338,76.4,9.44722,6.21704,3.27838,268030,141338,6.21704,3.27838,2021-03-01
10506,1002,11319,418609,278536,142340,71.4,9.70976,6.46073,3.30162,278536,142340,6.46073,3.30162,2021-03-02
11539,1010,12358,430967,290075,143350,73.4,9.99641,6.72838,3.32505,290075,143350,6.72838,3.32505,2021-03-03
11766,3164,14710,445677,301841,146514,75.9,10.33761,7.00129,3.39844,301841,146514,7.00129,3.39844,2021-03-04
11806,4102,15632,461309,313647,150616,78.5,10.7002,7.27514,3.49358,313647,150616,7.27514,3.49358,2021-03-05
11216,2969,14008,475317,324863,153585,80.9,11.02512,7.5353,3.56245,324863,153585,7.5353,3.56245,2021-03-06
11104,1125,11981,487298,335967,154710,82.9,11.30303,7.79286,3.58855,335967,154710,7.79286,3.58855,2021-03-07
11572,2943,14280,501578,347539,157653,85.3,11.63426,8.06127,3.65681,347539,157653,8.06127,3.65681,2021-03-08
11964,2574,14308,515886,359503,160227,79.9,11.96613,8.33878,3.71651,359503,160227,8.33878,3.71651,2021-03-09
11640,2550,13931,529817,371143,162777,76.5,12.28927,8.60878,3.77566,371143,162777,8.60878,3.77566,2021-03-10
10919,3347,14016,543833,382062,166124,78.5,12.61437,8.86205,3.8533,382062,166124,8.86205,3.8533,2021-03-11
11262,3218,14198,558031,393324,169342,80.5,12.9437,9.12327,3.92794,393324,169342,9.12327,3.92794,2021-03-12
11596,1699,13026,571057,404920,171041,80.3,13.24584,9.39224,3.96735,404920,171041,9.39224,3.96735,2021-03-13
5308,3034,8205,579262,410228,174075,81.5,13.43616,9.51536,4.03772,410228,174075,9.51536,4.03772,2021-03-14
5084,5756,10685,589947,415312,179831,76.8,13.684,9.63329,4.17124,415312,179831,9.63329,4.17124,2021-03-15
4460,6153,10520,600467,419772,185984,78.1,13.92802,9.73674,4.31396,419772,185984,9.73674,4.31396,2021-03-16
5222,7487,12522,612989,424994,193471,79.8,14.21847,9.85787,4.48762,424994,193471,9.85787,4.48762,2021-03-17
4028,7930,11766,624755,429022,201401,81.3,14.49138,9.9513,4.67156,429022,201401,9.9513,4.67156,2021-03-18
4424,6815,11030,635785,433446,208216,82.7,14.74723,10.05391,4.82963,433446,208216,10.05391,4.82963,2021-03-19
6021,6146,11920,647705,439467,214362,84.3,15.02372,10.19357,4.97219,439467,214362,10.19357,4.97219,2021-03-20
4192,6704,10726,658431,443659,221066,85.7,15.27251,10.29081,5.12769,443659,221066,10.29081,5.12769,2021-03-21
3929,7816,11531,669962,447588,228882,76.1,15.53997,10.38194,5.30899,447588,228882,10.38194,5.30899,2021-03-22
6953,6560,13197,683159,454541,235442,77.6,15.84608,10.54322,5.46115,454541,235442,10.54322,5.46115,2021-03-23
6437,9477,15567,698726,460978,244919,79.4,16.20716,10.69253,5.68097,460978,244919,10.69253,5.68097,2021-03-24
8496,9074,17130,715856,469474,253993,79.6,16.6045,10.88959,5.89145,469474,253993,10.88959,5.89145,2021-03-25
9028,9411,17912,733768,478502,263404,81.6,17.01997,11.099,6.10974,478502,263404,11.099,6.10974,2021-03-26
9565,9265,18393,752161,488067,272669,83.6,17.4466,11.32086,6.32464,488067,272669,11.32086,6.32464,2021-03-27
8443,7946,16062,768223,496510,280615,85.4,17.81917,11.5167,6.50895,496510,280615,11.5167,6.50895,2021-03-28
8638,6870,15249,783472,505148,287485,79.5,18.17287,11.71706,6.6683,505148,287485,11.71706,6.6683,2021-03-29
9116,8262,16988,800460,514264,295747,81.3,18.56692,11.92851,6.85994,514264,295747,11.92851,6.85994,2021-03-30
10438,9032,19130,819590,524702,304779,83.2,19.01064,12.17062,7.06944,524702,304779,12.17062,7.06944,2021-03-31
11283,8446,19409,838999,535985,313225,85.2,19.46084,12.43234,7.26535,535985,313225,12.43234,7.26535,2021-04-01
11724,8825,20153,859152,547709,322050,83.7,19.92829,12.70428,7.47005,547709,322050,12.70428,7.47005,2021-04-02
10902,8874,19463,878615,558611,330924,78.7,20.37974,12.95715,7.67588,558611,330924,12.95715,7.67588,2021-04-03
6543,2861,9253,887868,565154,333785,79.5,20.59437,13.10892,7.74225,565154,333785,13.10892,7.74225,2021-04-04
12191,2809,14749,902617,577345,336594,80.8,20.93648,13.39169,7.8074,577345,336594,13.39169,7.8074,2021-04-05
15500,5652,20701,923318,592845,342246,74.3,21.41664,13.75122,7.9385,592845,342246,13.75122,7.9385,2021-04-06
18156,5990,23616,946934,611001,348236,76.2,21.96442,14.17236,8.07744,611001,348236,14.17236,8.07744,2021-04-07
20587,5280,25309,972243,631588,353516,78.2,22.55147,14.64988,8.19991,631588,353516,14.64988,8.19991,2021-04-08
21373,5075,25876,998119,652961,358591,80.3,23.15168,15.14563,8.31763,652961,358591,15.14563,8.31763,2021-04-09
25890,4913,30155,1028274,678851,363504,82.7,23.85113,15.74616,8.43159,678851,363504,15.74616,8.43159,2021-04-10
18681,2611,20831,1049105,697532,366115,84.4,24.33431,16.17947,8.49215,697532,366115,16.17947,8.49215,2021-04-11
19953,3512,22946,1072051,717485,369627,86.3,24.86655,16.64228,8.57361,717485,369627,16.64228,8.57361,2021-04-12
23219,4119,26680,1098731,740704,373746,88.4,25.4854,17.18086,8.66915,740704,373746,17.18086,8.66915,2021-04-13
23724,5252,28272,1127003,764428,378998,83.3,26.14118,17.73114,8.79097,764428,378998,17.73114,8.79097,2021-04-14
24057,6178,29562,1156565,788485,385176,84.8,26.82688,18.28915,8.93428,788485,385176,18.28915,8.93428,2021-04-15
23417,5754,28414,1184979,811902,390930,86.9,27.48595,18.83232,9.06774,811902,390930,18.83232,9.06774,2021-04-16
27147,4009,30456,1215435,839049,394939,89.1,28.19239,19.462,9.16073,839049,394939,19.462,9.16073,2021-04-17
20183,3318,22936,1238371,859232,398257,90.8,28.72439,19.93015,9.23769,859232,398257,19.93015,9.23769,2021-04-18
18202,4907,22553,1260924,877434,403164,90.5,29.24752,20.35235,9.35151,877434,403164,20.35235,9.35151,2021-04-19
19143,6968,25491,1286415,896577,410132,92.3,29.83879,20.79638,9.51314,896577,410132,20.79638,9.51314,2021-04-20
20398,6016,25752,1312167,916975,416148,85.6,30.43612,21.26952,9.65268,916975,416148,21.26952,9.65268,2021-04-21
20978,7477,27669,1339836,937953,423625,86.7,31.07791,21.75611,9.82611,937953,423625,21.75611,9.82611,2021-04-22
20668,7459,27433,1367269,958621,431084,88.5,31.71422,22.23551,9.99913,958621,431084,22.23551,9.99913,2021-04-23
21845,6443,27504,1394773,980466,437527,90.2,32.35219,22.74221,10.14857,980466,437527,22.74221,10.14857,2021-04-24
17731,3130,20232,1415005,998197,440657,91.5,32.82147,23.15349,10.22117,998197,440657,23.15349,10.22117,2021-04-25
15414,5028,19813,1434818,1013611,445685,91.3,33.28104,23.51102,10.3378,1013611,445685,23.51102,10.3378,2021-04-26
17467,5802,22624,1457442,1031078,451487,92.7,33.80581,23.91617,10.47238,1031078,451487,23.91617,10.47238,2021-04-27
16007,10676,26057,1483499,1047085,462163,85.4,34.41021,24.28746,10.72001,1047085,462163,24.28746,10.72001,2021-04-28
35859,14484,48499,1531998,1082944,476647,88.2,35.53516,25.11922,11.05597,1082944,476647,25.11922,11.05597,2021-04-29
18607,14511,31941,1563939,1101551,491158,90.0,36.27604,25.55081,11.39256,1101551,491158,25.55081,11.39256,2021-04-30
16758,12800,28555,1592494,1118309,503958,83.9,36.93839,25.93952,11.68946,1118309,503958,25.93952,11.68946,2021-05-01
14395,11542,25140,1617634,1132704,515500,85.2,37.52152,26.27342,11.95718,1132704,515500,26.27342,11.95718,2021-05-02
12479,14976,26694,1644328,1145183,530476,86.6,38.14069,26.56287,12.30455,1145183,530476,26.56287,12.30455,2021-05-03
17872,14969,31490,1675818,1163055,545445,88.2,38.87111,26.97742,12.65176,1163055,545445,26.97742,12.65176,2021-05-04
20992,15430,34651,1710469,1184047,560875,83.4,39.67485,27.46433,13.00967,1184047,560875,27.46433,13.00967,2021-05-05
19880,15004,33420,1743889,1203927,575879,85.1,40.45004,27.92546,13.35769,1203927,575879,27.92546,13.35769,2021-05-06
18967,15767,33106,1776995,1222894,591646,85.6,41.21794,28.3654,13.72341,1222894,591646,28.3654,13.72341,2021-05-07
18638,17669,34283,1811278,1241532,609315,87.3,42.01315,28.79772,14.13325,1241532,609315,28.79772,14.13325,2021-05-08
13532,14242,27152,1838430,1255064,623557,88.6,42.64295,29.11159,14.4636,1255064,623557,29.11159,14.4636,2021-05-09
15896,14200,29026,1867456,1270960,637757,90.0,43.31621,29.48031,14.79297,1270960,637757,29.48031,14.79297,2021-05-10
18940,14750,32178,1899634,1289900,652507,91.5,44.06259,29.91963,15.1351,1289900,652507,29.91963,15.1351,2021-05-11
18982,14632,31908,1931542,1308882,667139,86.7,44.80271,30.35992,15.47449,1308882,667139,30.35992,15.47449,2021-05-12
20570,17105,35703,1967245,1329452,684244,88.3,45.63085,30.83705,15.87125,1329452,684244,30.83705,15.87125,2021-05-13
18001,17372,33435,2000680,1347453,701616,88.6,46.40639,31.25459,16.2742,1347453,701616,31.25459,16.2742,2021-05-14
20052,15708,33783,2034463,1367505,717324,90.1,47.18999,31.7197,16.63855,1367505,717324,31.7197,16.63855,2021-05-15
15112,14187,28195,2062658,1382617,731511,91.3,47.84398,32.07023,16.96762,1382617,731511,32.07023,16.96762,2021-05-16
17771,14053,30959,2093617,1400388,745564,92.7,48.56209,32.48243,17.29359,1400388,745564,32.48243,17.29359,2021-05-17
19487,14038,32162,2125779,1419875,759602,94.1,49.3081,32.93444,17.6192,1419875,759602,32.93444,17.6192,2021-05-18
21981,12595,33113,2158892,1441856,772197,89.7,50.07616,33.44429,17.91135,1441856,772197,33.44429,17.91135,2021-05-19
13691,26603,38652,2197544,1455547,798800,91.3,50.97271,33.76186,18.52841,1455547,798800,33.76186,18.52841,2021-05-20
20542,17423,36186,2233730,1476089,816223,91.2,51.81205,34.23834,18.93254,1476089,816223,34.23834,18.93254,2021-05-21
17300,17819,33528,2267258,1493389,834042,92.6,52.58974,34.63962,19.34586,1493389,834042,34.63962,19.34586,2021-05-22
15780,14346,28772,2296030,1509169,848388,93.8,53.25712,35.00564,19.67862,1509169,848388,35.00564,19.67862,2021-05-23
17016,13388,28992,2325022,1526185,861776,93.2,53.9296,35.40033,19.98916,1526185,861776,35.40033,19.98916,2021-05-24
16000,18167,31891,2356913,1542185,879943,94.5,54.66932,35.77145,20.41055,1542185,879943,35.77145,20.41055,2021-05-25
15673,20951,34170,2391083,1557858,900894,90.5,55.4619,36.13499,20.89651,1557858,900894,36.13499,20.89651,2021-05-26
19251,20432,37425,2428508,1577109,921326,91.9,56.32999,36.58153,21.37044,1577109,921326,36.58153,21.37044,2021-05-27
19073,17691,35080,2463588,1596182,939017,93.3,57.14368,37.02393,21.78079,1596182,939017,37.02393,21.78079,2021-05-28
20634,14076,32809,2496397,1616816,953093,94.5,57.90469,37.50254,22.10728,1616816,953093,37.50254,22.10728,2021-05-29
18393,10307,27776,2524173,1635209,963400,93.5,58.54897,37.92917,22.34636,1635209,963400,37.92917,22.34636,2021-05-30
20540,11155,29121,2553294,1655749,974555,94.6,59.22444,38.40561,22.6051,1655749,974555,38.40561,22.6051,2021-05-31
24877,6796,29551,2582845,1680626,981351,88.1,59.90988,38.98264,22.76274,1680626,981351,38.98264,22.76274,2021-06-01
22070,5620,26715,2609560,1702696,986971,89.0,60.52954,39.49456,22.89309,1702696,986971,39.49456,22.89309,2021-06-02
30233,6068,34715,2644275,1732929,993039,90.2,61.33477,40.19582,23.03384,1732929,993039,40.19582,23.03384,2021-06-03
34607,6935,37562,2681837,1767536,999974,88.0,62.20603,40.99854,23.1947,1767536,999974,40.99854,23.1947,2021-06-04
32494,9344,36950,2718787,1800030,1009318,89.2,63.0631,41.75225,23.41144,1800030,1009318,41.75225,23.41144,2021-06-05
32604,6761,35092,2753879,1832634,1016079,89.6,63.87707,42.50851,23.56826,1832634,1016079,42.50851,23.56826,2021-06-06
30107,6558,34908,2788787,1862741,1022637,90.7,64.68677,43.20685,23.72038,1862741,1022637,43.20685,23.72038,2021-06-07
34812,5697,37664,2826451,1897553,1028334,92.0,65.5604,44.01432,23.85252,1897553,1028334,44.01432,23.85252,2021-06-08
35888,5783,38607,2865058,1933441,1034117,87.5,66.4559,44.84676,23.98666,1933441,1034117,44.84676,23.98666,2021-06-09
37877,5622,40459,2905517,1971318,1039739,88.8,67.39436,45.72533,24.11706,1971318,1039739,45.72533,24.11706,2021-06-10
40728,5215,43559,2949076,2012046,1044954,89.8,68.40472,46.67002,24.23803,2012046,1044954,46.67002,24.23803,2021-06-11
39977,4249,42604,2991680,2052023,1049203,91.1,69.39293,47.5973,24.33659,2052023,1049203,47.5973,24.33659,2021-06-12
33862,4963,37992,3029672,2085885,1054166,92.2,70.27417,48.38274,24.4517,2085885,1054166,48.38274,24.4517,2021-06-13
30887,8077,37980,3067652,2116772,1062243,92.7,71.15513,49.09918,24.63905,2116772,1062243,49.09918,24.63905,2021-06-14
27157,12789,38934,3106586,2143929,1075032,93.9,72.05821,49.72909,24.9357,2143929,1075032,49.72909,24.9357,2021-06-15
24130,17348,40389,3146975,2168059,1092380,88.7,72.99505,50.28879,25.33809,2168059,1092380,50.28879,25.33809,2021-06-16
24778,17214,41123,3188098,2192837,1109594,89.8,73.94891,50.86353,25.73737,2192837,1109594,50.86353,25.73737,2021-06-17
26408,15156,40625,3228723,2219245,1124750,91.0,74.89122,51.47607,26.08892,2219245,1124750,51.47607,26.08892,2021-06-18
23403,17354,40067,3268790,2242648,1142104,91.8,75.82059,52.01891,26.49145,2242648,1142104,52.01891,26.49145,2021-06-19
19302,15359,34074,3302864,2261950,1157463,91.7,76.61094,52.46662,26.84771,2261950,1157463,52.46662,26.84771,2021-06-20
17677,21482,38443,3341307,2279627,1178945,92.8,77.50264,52.87665,27.34599,2279627,1178945,52.87665,27.34599,2021-06-21
18315,23024,40627,3381934,2297942,1201969,93.9,78.445,53.30147,27.88004,2297942,1201969,53.30147,27.88004,2021-06-22
16884,23563,39739,3421673,2314826,1225532,87.7,79.36675,53.6931,28.42659,2314826,1225532,53.6931,28.42659,2021-06-23
18885,21018,39207,3460880,2333711,1246550,88.7,80.27617,54.13114,28.91411,2333711,1246550,54.13114,28.91411,2021-06-24
20964,25577,45517,3506397,2354675,1272127,89.9,81.33195,54.61741,29.50738,2354675,1272127,54.61741,29.50738,2021-06-25
22622,19292,41179,3547576,2377297,1291419,90.1,82.28711,55.14213,29.95486,2377297,1291419,55.14213,29.95486,2021-06-26
15771,22453,37517,3585093,2393068,1313872,91.0,83.15733,55.50795,30.47566,2393068,1313872,55.50795,30.47566,2021-06-27
15685,23435,38413,3623506,2408753,1337307,92.0,84.04833,55.87176,31.01925,2408753,1337307,55.87176,31.01925,2021-06-28
19856,21474,40530,3664036,2428609,1358781,93.0,84.98844,56.33233,31.51734,2428609,1358781,56.33233,31.51734,2021-06-29
19302,22978,41255,3705291,2447911,1381759,88.3,85.94536,56.78005,32.05032,2447911,1381759,56.78005,32.05032,2021-06-30
20770,22330,41897,3747188,2468681,1404089,89.3,86.91717,57.26181,32.56827,2468681,1404089,57.26181,32.56827,2021-07-01
18181,26505,43744,3790932,2486862,1430594,89.5,87.93183,57.68353,33.18307,2486862,1430594,57.68353,33.18307,2021-07-02
16024,24841,40057,3830989,2502886,1455435,90.4,88.86096,58.05521,33.75926,2502886,1455435,58.05521,33.75926,2021-07-03
11829,22564,33747,3864736,2514715,1477999,89.5,89.64374,58.32959,34.28264,2514715,1477999,58.32959,34.28264,2021-07-04
12359,23969,35577,3900313,2527074,1501968,90.4,90.46896,58.61626,34.83861,2527074,1501968,58.61626,34.83861,2021-07-05
9179,29708,38280,3938593,2536253,1531676,91.3,91.35687,58.82917,35.52769,2536253,1531676,58.82917,35.52769,2021-07-06
10239,28395,37959,3976552,2546492,1560071,89.3,92.23734,59.06666,36.18633,2546492,1560071,59.06666,36.18633,2021-07-07
7999,33591,40963,4017515,2554491,1593662,90.2,93.18749,59.2522,36.96548,2554491,1593662,59.2522,36.96548,2021-07-08
6267,34750,40405,4057920,2560758,1628412,91.1,94.1247,59.39757,37.77152,2560758,1628412,59.39757,37.77152,2021-07-09
7239,34510,41157,4099077,2567997,1662922,91.4,95.07935,59.56548,38.57199,2567997,1662922,59.56548,38.57199,2021-07-10
4830,28664,33168,4132245,2572827,1691586,92.1,95.84869,59.67751,39.23686,2572827,1691586,59.67751,39.23686,2021-07-11
5014,34670,39173,4171418,2577841,1726256,93.0,96.75732,59.79381,40.04104,2577841,1726256,59.79381,40.04104,2021-07-12
3986,35218,38848,4210266,2581827,1761474,93.8,97.65841,59.88627,40.85793,2581827,1761474,59.88627,40.85793,2021-07-13
3998,35485,38980,4249246,2585825,1796959,91.9,98.56256,59.979,41.68101,2585825,1796959,59.979,41.68101,2021-07-14
4532,38537,42527,4291773,2590357,1835496,92.8,99.54899,60.08412,42.57489,2590357,1835496,60.08412,42.57489,2021-07-15
3997,38517,42048,4333821,2594354,1874013,93.7,100.52431,60.17684,43.46831,2594354,1874013,60.17684,43.46831,2021-07-16
5421,37072,41957,4375778,2599775,1911085,94.6,101.49751,60.30258,44.3282,2599775,1911085,60.30258,44.3282,2021-07-17
3560,29683,32873,4408651,2603335,1940768,94.6,102.26001,60.38515,45.01671,2603335,1940768,60.38515,45.01671,2021-07-18
4873,35132,39544,4448195,2608208,1975900,95.0,103.17725,60.49818,45.83161,2608208,1975900,60.49818,45.83161,2021-07-19
6300,33374,39033,4487228,2614508,2009274,95.8,104.08263,60.64431,46.60573,2614508,2009274,60.64431,46.60573,2021-07-20
7037,31515,37949,4525177,2621545,2040789,93.9,104.96287,60.80754,47.33673,2621545,2040789,60.80754,47.33673,2021-07-21
7569,34587,41475,4566652,2629114,2075376,94.7,105.92489,60.98311,48.13898,2629114,2075376,60.98311,48.13898,2021-07-22
8604,30201,38060,4604712,2637718,2105577,95.5,106.80771,61.18268,48.8395,2637718,2105577,61.18268,48.8395,2021-07-23
8464,26973,34797,4639509,2646182,2132550,95.3,107.61483,61.379,49.46515,2646182,2132550,61.379,49.46515,2021-07-24
7064,22096,28631,4668140,2653246,2154646,95.9,108.27894,61.54285,49.97767,2653246,2154646,61.54285,49.97767,2021-07-25
8865,24556,32712,4700852,2662111,2179202,96.6,109.0377,61.74848,50.54726,2662111,2179202,61.74848,50.54726,2021-07-26
8771,25737,33724,4734576,2670882,2204939,96.6,109.81994,61.95193,51.14424,2670882,2204939,61.95193,51.14424,2021-07-27
9716,25683,34736,4769312,2680598,2230622,94.6,110.62565,62.17729,51.73996,2680598,2230622,62.17729,51.73996,2021-07-28
9957,27382,36575,4805887,2690555,2258004,95.3,111.47402,62.40825,52.3751,2690555,2258004,62.40825,52.3751,2021-07-29
9923,26277,35649,4841536,2700478,2284281,96.0,112.30091,62.63842,52.9846,2700478,2284281,62.63842,52.9846,2021-07-30
11023,24978,35615,4877151,2711501,2309259,96.7,113.12701,62.8941,53.56397,2711501,2309259,62.8941,53.56397,2021-07-31
8825,18804,27089,4904240,2720326,2328063,98.0,113.75535,63.0988,54.00013,2720326,2328063,63.0988,54.00013,2021-08-01
9801,20560,29826,4934066,2730127,2348623,98.6,114.44717,63.32613,54.47703,2730127,2348623,63.32613,54.47703,2021-08-02
9720,20910,30080,4964146,2739847,2369533,98.1,115.14489,63.55159,54.96204,2739847,2369533,63.55159,54.96204,2021-08-03
9348,20448,29163,4993309,2749195,2389981,95.9,115.82133,63.76842,55.43634,2749195,2389981,63.76842,55.43634,2021-08-04
11712,19233,30229,5023538,2760907,2409214,96.5,116.5225,64.04008,55.88246,2760907,2409214,64.04008,55.88246,2021-08-05
13849,17235,30323,5053861,2774756,2426449,97.1,117.22586,64.36132,56.28223,2774756,2426449,64.36132,56.28223,2021-08-06
13015,17113,29633,5083494,2787771,2443562,97.6,117.9132,64.6632,56.67917,2787771,2443562,64.6632,56.67917,2021-08-07
9298,11255,20203,5103697,2797069,2454817,97.3,118.38182,64.87887,56.94023,2797069,2454817,64.87887,56.94023,2021-08-08
12642,12755,24609,5128306,2809711,2467572,97.6,118.95263,65.17211,57.23609,2809711,2467572,65.17211,57.23609,2021-08-09
12965,9494,21768,5150074,2822676,2477066,98.0,119.45755,65.47284,57.45631,2822676,2477066,65.47284,57.45631,2021-08-10
13913,10207,23247,5173321,2836589,2487273,95.9,119.99677,65.79555,57.69306,2836589,2487273,65.79555,57.69306,2021-08-11
14095,8746,21878,5195199,2850684,2496019,96.3,120.50423,66.12249,57.89593,2850684,2496019,66.12249,57.89593,2021-08-12
12640,7968,19827,5215026,2863324,2503987,95.9,120.96413,66.41568,58.08075,2863324,2503987,66.41568,58.08075,2021-08-13
9782,5330,14532,5229558,2873106,2509317,96.2,121.3012,66.64257,58.20438,2873106,2509317,66.64257,58.20438,2021-08-14
5272,1563,6540,5236098,2878378,2510880,96.3,121.4529,66.76486,58.24063,2878378,2510880,66.76486,58.24063,2021-08-15
12324,7671,19115,5255213,2890702,2518551,96.6,121.89628,67.05072,58.41856,2890702,2518551,67.05072,58.41856,2021-08-16
12274,6385,17837,5273050,2902976,2524936,96.1,122.31001,67.33542,58.56666,2902976,2524936,67.33542,58.56666,2021-08-17
10470,6137,15734,5288784,2913446,2531073,92.5,122.67497,67.57827,58.70901,2913446,2531073,67.57827,58.70901,2021-08-18
0,0,0,5288784,2913446,2531073,92.5,122.67497,67.57827,58.70901,2913446,2531073,67.57827,58.70901,2021-08-19
