delta_1d,delta_2d,delta_all,sum_doses,sum_1d,sum_2d,perc_doses,perc_inh_tot,perc_inh_1d,perc_inh_2d,sum_monotone_1d,sum_monotone_2d,perc_inh_monotone_1d,perc_inh_monotone_2d,date
0,0,0,0,0,0,0,0,0,0,0,0,0,0,2020-12-26
510,0,510,510,510,0,101.0,0.0129,0.0129,0.0,510,0,0.0129,0.0,2020-12-27
0,0,0,510,510,0,101.0,0.0129,0.0129,0.0,510,0,0.0129,0.0,2020-12-28
0,0,0,510,510,0,101.0,0.0129,0.0129,0.0,510,0,0.0129,0.0,2020-12-29
1,0,1,511,511,0,2.4,0.01293,0.01293,0.0,511,0,0.01293,0.0,2020-12-30
1637,0,1637,2148,2148,0,8.3,0.05433,0.05433,0.0,2148,0,0.05433,0.0,2020-12-31
150,0,150,2298,2298,0,8.9,0.05813,0.05813,0.0,2298,0,0.05813,0.0,2021-01-01
2956,0,2956,5254,5254,0,20.3,0.1329,0.1329,0.0,5254,0,0.1329,0.0,2021-01-02
2009,1,2009,7263,7263,1,28.1,0.18372,0.18372,3e-05,7263,1,0.18372,3e-05,2021-01-03
4511,2,4511,11774,11774,3,45.5,0.29783,0.29783,8e-05,11774,3,0.29783,8e-05,2021-01-04
5113,3,5113,16887,16887,6,53.3,0.42716,0.42716,0.00015,16887,6,0.42716,0.00015,2021-01-05
3957,1,3957,20844,20844,7,65.7,0.52726,0.52726,0.00018,20844,7,0.52726,0.00018,2021-01-06
5732,0,5732,26576,26576,7,55.0,0.67225,0.67225,0.00018,26576,7,0.67225,0.00018,2021-01-07
5685,2,5685,32261,32261,9,66.8,0.81605,0.81605,0.00023,32261,9,0.81605,0.00023,2021-01-08
4896,4,4896,37157,37157,13,77.0,0.9399,0.9399,0.00033,37157,13,0.9399,0.00033,2021-01-09
2350,0,2350,39507,39507,13,81.8,0.99934,0.99934,0.00033,39507,13,0.99934,0.00033,2021-01-10
3758,1,3758,43265,43265,14,60.4,1.0944,1.0944,0.00035,43265,14,1.0944,0.00035,2021-01-11
4221,1,4221,47486,47486,15,63.6,1.20117,1.20117,0.00038,47486,15,1.20117,0.00038,2021-01-12
4551,1,4551,52037,52037,16,69.8,1.31629,1.31629,0.0004,52037,16,1.31629,0.0004,2021-01-13
4079,1,4079,56116,56116,17,75.2,1.41947,1.41947,0.00043,56116,17,1.41947,0.00043,2021-01-14
4556,5,4556,60672,60672,22,81.3,1.53472,1.53472,0.00056,60672,22,1.53472,0.00056,2021-01-15
2508,1,2508,63180,63180,23,84.7,1.59816,1.59816,0.00058,63180,23,1.59816,0.00058,2021-01-16
1241,70,1311,64491,64421,93,86.4,1.63132,1.62955,0.00235,64421,93,1.62955,0.00235,2021-01-17
1496,352,1847,66338,65917,445,72.9,1.67804,1.66739,0.01126,65917,445,1.66739,0.01126,2021-01-18
1212,11,1222,67560,67129,456,72.4,1.70895,1.69805,0.01153,67129,456,1.69805,0.01153,2021-01-19
1539,10,1547,69107,68668,466,74.0,1.74808,1.73698,0.01179,68668,466,1.73698,0.01179,2021-01-20
1270,864,2132,71239,69938,1330,76.3,1.80201,1.7691,0.03364,69938,1330,1.7691,0.03364,2021-01-21
993,422,1414,72653,70931,1752,77.8,1.83778,1.79422,0.04432,70931,1752,1.79422,0.04432,2021-01-22
883,2160,3042,75695,71814,3912,81.1,1.91473,1.81656,0.09896,71814,3912,1.81656,0.09896,2021-01-23
151,1522,1673,77368,71965,5434,82.9,1.95705,1.82038,0.13745,71965,5434,1.82038,0.13745,2021-01-24
424,3412,3835,81203,72389,8846,77.3,2.05405,1.8311,0.22376,72389,8846,1.8311,0.22376,2021-01-25
564,4814,5377,86580,72953,13660,77.3,2.19007,1.84537,0.34553,72953,13660,1.84537,0.34553,2021-01-26
618,3986,4604,91184,73571,17646,75.8,2.30653,1.861,0.44636,73571,17646,1.861,0.44636,2021-01-27
444,5042,5486,96670,74015,22688,80.4,2.4453,1.87223,0.5739,74015,22688,1.87223,0.5739,2021-01-28
226,5987,6213,102883,74241,28675,85.6,2.60246,1.87795,0.72534,74241,28675,1.87795,0.72534,2021-01-29
382,5158,5539,108422,74623,33833,90.2,2.74257,1.88761,0.85582,74623,33833,1.88761,0.85582,2021-01-30
73,1747,1820,110242,74696,35580,91.7,2.7886,1.88946,0.90001,74696,35580,1.88946,0.90001,2021-01-31
355,3625,3979,114221,75051,39205,82.4,2.88925,1.89844,0.9917,75051,39205,1.89844,0.9917,2021-02-01
575,3785,4359,118580,75626,42990,78.9,2.99952,1.91298,1.08744,75626,42990,1.91298,1.08744,2021-02-02
706,4347,5052,123632,76332,47337,82.3,3.12731,1.93084,1.1974,76332,47337,1.93084,1.1974,2021-02-03
1137,4801,5935,129567,77469,52138,86.2,3.27743,1.9596,1.31885,77469,52138,1.9596,1.31885,2021-02-04
1316,4335,5646,135213,78785,56473,90.0,3.42025,1.99289,1.4285,78785,56473,1.99289,1.4285,2021-02-05
1593,2978,4556,139769,80378,59451,93.0,3.5355,2.03318,1.50383,80378,59451,2.03318,1.50383,2021-02-06
253,1329,1582,141351,80631,60780,94.1,3.57551,2.03958,1.53745,80631,60780,2.03958,1.53745,2021-02-07
1597,2426,4008,145359,82228,63206,96.7,3.6769,2.07998,1.59881,82228,63206,2.07998,1.59881,2021-02-08
2171,1695,3847,149206,84399,64901,74.2,3.77421,2.1349,1.64169,84399,64901,2.1349,1.64169,2021-02-09
2144,1533,3657,152863,86543,66434,76.0,3.86671,2.18913,1.68047,86543,66434,2.18913,1.68047,2021-02-10
2418,1306,3697,156560,88961,67740,77.9,3.96023,2.25029,1.7135,88961,67740,2.25029,1.7135,2021-02-11
3122,1118,4216,160776,92083,68858,80.0,4.06688,2.32927,1.74178,92083,68858,2.32927,1.74178,2021-02-12
3037,712,3733,164509,95120,69570,71.9,4.1613,2.40609,1.75979,95120,69570,2.40609,1.75979,2021-02-13
663,132,790,165299,95783,69702,72.2,4.18129,2.42286,1.76313,95783,69702,2.42286,1.76313,2021-02-14
2641,666,3263,168562,98424,70368,65.0,4.26382,2.48966,1.77998,98424,70368,2.48966,1.77998,2021-02-15
2741,679,3390,171952,101165,71047,64.3,4.34958,2.559,1.79715,101165,71047,2.559,1.79715,2021-02-16
3656,679,4296,176248,104821,71726,65.9,4.45824,2.65148,1.81433,104821,71726,2.65148,1.81433,2021-02-17
3774,670,4384,180632,108595,72396,67.5,4.56914,2.74694,1.83128,108595,72396,2.74694,1.83128,2021-02-18
4357,447,4749,185381,112952,72843,68.0,4.68927,2.85715,1.84258,112952,72843,2.85715,1.84258,2021-02-19
2718,288,2975,188356,115670,73131,62.5,4.76452,2.92591,1.84987,115670,73131,2.92591,1.84987,2021-02-20
2115,113,2178,190534,117785,73244,63.2,4.81961,2.97941,1.85273,117785,73244,2.97941,1.85273,2021-02-21
9316,425,9652,200186,127101,73669,59.7,5.06376,3.21506,1.86348,127101,73669,3.21506,1.86348,2021-02-22
8895,588,9391,209577,135996,74257,62.5,5.30131,3.44006,1.87835,135996,74257,3.44006,1.87835,2021-02-23
9465,693,10062,219639,145461,74950,65.5,5.55583,3.67948,1.89588,145461,74950,3.67948,1.89588,2021-02-24
10807,1319,11989,231628,156268,76269,68.1,5.8591,3.95284,1.92925,156268,76269,3.95284,1.92925,2021-02-25
12717,1273,13795,245423,168985,77542,72.2,6.20805,4.27452,1.96145,168985,77542,4.27452,1.96145,2021-02-26
13011,1416,14245,259668,181996,78958,70.4,6.56838,4.60364,1.99727,181996,78958,4.60364,1.99727,2021-02-27
5882,267,6073,265741,187878,79225,72.0,6.722,4.75243,2.00402,187878,79225,4.75243,2.00402,2021-02-28
13741,1537,15126,280867,201619,80762,66.3,7.10461,5.10001,2.0429,201619,80762,5.10001,2.0429,2021-03-01
15104,1548,16410,297277,216723,82310,70.2,7.51971,5.48207,2.08206,216723,82310,5.48207,2.08206,2021-03-02
14877,2088,16815,314092,231600,84398,74.1,7.94505,5.85839,2.13487,231600,84398,5.85839,2.13487,2021-03-03
13944,1663,15380,329472,245544,86061,77.7,8.33409,6.21111,2.17694,245544,86061,6.21111,2.17694,2021-03-04
15409,2536,17725,347197,260953,88597,81.8,8.78245,6.60088,2.24109,260953,88597,6.60088,2.24109,2021-03-05
14055,2292,16178,363375,275008,90889,85.6,9.19168,6.95641,2.29906,275008,90889,6.95641,2.29906,2021-03-06
4416,622,4993,368368,279424,91511,86.8,9.31798,7.06811,2.3148,279424,91511,7.06811,2.3148,2021-03-07
12598,2569,15010,383378,292022,94080,82.1,9.69766,7.38678,2.37978,292022,94080,7.38678,2.37978,2021-03-08
11673,2198,13690,397068,303695,96278,85.0,10.04395,7.68205,2.43538,303695,96278,7.68205,2.43538,2021-03-09
11708,3292,14843,411911,315403,99570,80.5,10.41941,7.97821,2.51865,315403,99570,7.97821,2.51865,2021-03-10
11659,3395,14849,426760,327062,102965,83.4,10.79502,8.27313,2.60453,327062,102965,8.27313,2.60453,2021-03-11
10369,4084,14313,441073,337431,107049,86.1,11.15707,8.53542,2.70784,337431,107049,8.53542,2.70784,2021-03-12
8663,1913,10479,451552,346094,108962,85.3,11.42214,8.75455,2.75623,346094,108962,8.75455,2.75623,2021-03-13
2512,903,3378,454930,348606,109865,86.0,11.50759,8.81809,2.77907,348606,109865,8.81809,2.77907,2021-03-14
5839,6619,12354,467284,354445,116484,81.7,11.82008,8.96579,2.9465,354445,116484,8.96579,2.9465,2021-03-15
3508,6434,9885,477169,357953,122918,83.5,12.07013,9.05453,3.10925,357953,122918,9.05453,3.10925,2021-03-16
4167,6250,10355,487524,362120,129168,85.3,12.33206,9.15993,3.26734,362120,129168,9.15993,3.26734,2021-03-17
3404,6273,9611,497135,365524,135441,86.9,12.57517,9.24604,3.42602,365524,135441,9.24604,3.42602,2021-03-18
3403,4618,7985,505120,368927,140059,88.3,12.77716,9.33212,3.54283,368927,140059,9.33212,3.54283,2021-03-19
3815,4668,8438,513558,372742,144727,89.8,12.9906,9.42862,3.66091,372742,144727,9.42862,3.66091,2021-03-20
590,2118,2696,516254,373332,146845,87.2,13.0588,9.44354,3.71449,373332,146845,9.44354,3.71449,2021-03-21
4315,5736,9981,526235,377647,152581,78.3,13.31127,9.55269,3.85958,377647,152581,9.55269,3.85958,2021-03-22
4628,6614,11148,537383,382275,159195,79.9,13.59326,9.66976,4.02688,382275,159195,9.66976,4.02688,2021-03-23
6162,7567,13611,550994,388437,166762,81.8,13.93755,9.82563,4.21829,388437,166762,9.82563,4.21829,2021-03-24
5354,6506,11761,562755,393791,173268,81.3,14.23505,9.96106,4.38286,393791,173268,9.96106,4.38286,2021-03-25
7352,4812,12029,574784,401143,178080,83.0,14.53933,10.14703,4.50459,401143,178080,10.14703,4.50459,2021-03-26
6992,5295,12175,586959,408135,183375,84.7,14.8473,10.32389,4.63852,408135,183375,10.32389,4.63852,2021-03-27
1213,2370,3548,590507,409348,185745,85.2,14.93705,10.35458,4.69847,409348,185745,10.35458,4.69847,2021-03-28
6806,6960,13568,604075,416154,192705,80.0,15.28025,10.52674,4.87453,416154,192705,10.52674,4.87453,2021-03-29
6346,6248,12441,616516,422500,198953,81.6,15.59495,10.68726,5.03257,422500,198953,10.68726,5.03257,2021-03-30
8989,5740,14579,631095,431489,204693,83.5,15.96373,10.91464,5.17777,431489,204693,10.91464,5.17777,2021-03-31
7598,6594,13976,645071,439087,211287,85.3,16.31726,11.10683,5.34457,439087,211287,11.10683,5.34457,2021-04-01
8331,4677,12857,657928,447418,215964,83.6,16.64248,11.31757,5.46287,447418,215964,11.31757,5.46287,2021-04-02
7012,3762,10582,668510,454430,219726,76.7,16.91015,11.49494,5.55803,454430,219726,11.49494,5.55803,2021-04-03
5985,88,5991,674501,460415,219814,77.3,17.0617,11.64633,5.56026,460415,219814,11.64633,5.56026,2021-04-04
12237,674,12770,687271,472652,220488,78.8,17.38472,11.95587,5.57731,472652,220488,11.95587,5.57731,2021-04-05
7095,6941,13866,701137,479747,227429,72.7,17.73546,12.13534,5.75288,479747,227429,12.13534,5.75288,2021-04-06
9038,6897,15736,716873,488785,234326,74.3,18.13351,12.36396,5.92734,488785,234326,12.36396,5.92734,2021-04-07
11322,6410,17518,734391,500107,240736,76.1,18.57663,12.65035,6.08949,500107,240736,12.65035,6.08949,2021-04-08
17460,5026,22101,756492,517567,245762,78.4,19.13569,13.09201,6.21662,517567,245762,13.09201,6.21662,2021-04-09
26488,4842,30949,787441,544055,250604,81.6,19.91855,13.76203,6.3391,544055,250604,13.76203,6.3391,2021-04-10
14835,1829,16483,803924,558890,252433,83.3,20.33549,14.13729,6.38537,558890,252433,14.13729,6.38537,2021-04-11
26456,3337,29477,833401,585346,255770,86.3,21.08112,14.8065,6.46978,585346,255770,14.8065,6.46978,2021-04-12
25236,3849,28772,862173,610582,259619,89.3,21.80892,15.44485,6.56714,610582,259619,15.44485,6.56714,2021-04-13
28738,3607,32039,894212,639320,263226,83.6,22.61935,16.17179,6.65838,639320,263226,16.17179,6.65838,2021-04-14
28989,4175,32762,926974,668309,267401,85.8,23.44808,16.90507,6.76399,668309,267401,16.90507,6.76399,2021-04-15
32839,3715,36124,963098,701148,271116,89.2,24.36184,17.73574,6.85796,701148,271116,17.73574,6.85796,2021-04-16
36495,4008,40080,1003178,737643,275124,92.4,25.37568,18.65889,6.95934,737643,275124,18.65889,6.95934,2021-04-17
21620,1253,22676,1025854,759263,276377,94.5,25.94928,19.20578,6.99104,759263,276377,19.20578,6.99104,2021-04-18
24706,3385,27752,1053606,783969,279762,94.6,26.65127,19.83072,7.07666,783969,279762,19.83072,7.07666,2021-04-19
17736,3750,21221,1074827,801705,283512,95.5,27.18806,20.27936,7.17152,801705,283512,20.27936,7.17152,2021-04-20
19414,4047,23159,1097986,821119,287559,87.7,27.77388,20.77044,7.27389,821119,287559,20.77044,7.27389,2021-04-21
18125,5612,23063,1121049,839244,293171,88.7,28.35726,21.22892,7.41585,839244,293171,21.22892,7.41585,2021-04-22
24325,6237,29609,1150658,863569,299408,91.1,29.10623,21.84423,7.57361,863569,299408,21.84423,7.57361,2021-04-23
25504,5924,29457,1180115,889073,305332,93.4,29.85135,22.48936,7.72346,889073,305332,22.48936,7.72346,2021-04-24
10183,1281,11326,1191441,899256,306613,94.3,30.13785,22.74694,7.75587,899256,306613,22.74694,7.75587,2021-04-25
23104,3844,26342,1217783,922360,310457,94.5,30.80418,23.33136,7.8531,922360,310457,23.33136,7.8531,2021-04-26
21101,7649,26721,1244504,943461,318106,96.6,31.48009,23.86512,8.04658,943461,318106,23.86512,8.04658,2021-04-27
15076,6248,19864,1264368,958537,324354,87.8,31.98256,24.24647,8.20463,958537,324354,24.24647,8.20463,2021-04-28
19601,7581,26302,1290670,978138,331935,89.6,32.64787,24.74229,8.39639,978138,331935,24.74229,8.39639,2021-04-29
23033,13211,35033,1325703,1001171,345146,92.0,33.53404,25.32491,8.73057,1001171,345146,25.32491,8.73057,2021-04-30
16994,12597,27692,1353395,1018165,357743,85.0,34.23452,25.75478,9.04921,1018165,357743,25.75478,9.04921,2021-05-01
14075,9303,21352,1374747,1032240,367046,86.4,34.77463,26.11081,9.28454,1032240,367046,26.11081,9.28454,2021-05-02
22720,14252,33403,1408150,1054960,381298,88.4,35.61956,26.68552,9.64504,1054960,381298,26.68552,9.64504,2021-05-03
18652,19820,35204,1443354,1073612,401118,90.7,36.51006,27.15733,10.1464,1073612,401118,27.15733,10.1464,2021-05-04
25081,16226,39331,1482685,1098693,417344,85.5,37.50495,27.79176,10.55684,1098693,417344,27.79176,10.55684,2021-05-05
19867,21008,39747,1522432,1118560,438352,87.8,38.51036,28.2943,11.08824,1118560,438352,28.2943,11.08824,2021-05-06
26564,24692,50223,1572655,1145124,463044,88.7,39.78077,28.96624,11.71283,1145124,463044,28.96624,11.71283,2021-05-07
24522,32156,54432,1627087,1169646,495200,91.8,41.15764,29.58654,12.52623,1169646,495200,29.58654,12.52623,2021-05-08
15163,16326,30831,1657918,1184809,511526,93.5,41.93752,29.97009,12.9392,1184809,511526,29.97009,12.9392,2021-05-09
19819,18972,37901,1695819,1204628,530498,95.6,42.89623,30.47142,13.4191,1204628,530498,30.47142,13.4191,2021-05-10
14174,19329,32703,1728522,1218802,549827,97.5,43.72347,30.82995,13.90803,1218802,549827,30.82995,13.90803,2021-05-11
24108,13791,36645,1765167,1242910,563618,92.2,44.65041,31.43977,14.25688,1242910,563618,31.43977,14.25688,2021-05-12
21561,17943,38854,1804021,1264471,581561,91.8,45.63324,31.98516,14.71075,1264471,581561,31.98516,14.71075,2021-05-13
28859,17461,45074,1849095,1293330,599022,92.7,46.7734,32.71516,15.15244,1293330,599022,32.71516,15.15244,2021-05-14
23535,21907,43687,1892782,1316865,620929,94.9,47.87847,33.31048,15.70658,1316865,620929,33.31048,15.70658,2021-05-15
12692,14225,24639,1917421,1329557,635154,96.1,48.50172,33.63153,16.06641,1329557,635154,33.63153,16.06641,2021-05-16
20951,14595,32937,1950358,1350508,649749,97.7,49.33487,34.16149,16.43559,1350508,649749,34.16149,16.43559,2021-05-17
16074,14968,28965,1979323,1366582,664717,99.2,50.06755,34.56809,16.81421,1366582,664717,34.56809,16.81421,2021-05-18
19987,8750,26470,2005793,1386569,673467,93.9,50.73712,35.07367,17.03554,1386569,673467,35.07367,17.03554,2021-05-19
21278,13358,33700,2039493,1407847,686825,94.7,51.58957,35.6119,17.37344,1407847,686825,35.6119,17.37344,2021-05-20
29061,11534,39227,2078720,1436908,698359,94.8,52.58183,36.34701,17.66519,1436908,698359,36.34701,17.66519,2021-05-21
24193,12231,34759,2113479,1461101,710590,96.4,53.46107,36.95897,17.97458,1461101,710590,36.95897,17.97458,2021-05-22
14124,5915,17954,2131433,1475225,716505,97.2,53.91522,37.31625,18.1242,1475225,716505,37.31625,18.1242,2021-05-23
25113,13752,36193,2167626,1500338,730257,96.8,54.83073,37.95149,18.47206,1500338,730257,37.95149,18.47206,2021-05-24
21160,15590,34804,2202430,1521498,745847,98.3,55.71111,38.48673,18.86642,1521498,745847,38.48673,18.86642,2021-05-25
26880,15517,38688,2241118,1548378,761364,94.2,56.68973,39.16667,19.25892,1548378,761364,39.16667,19.25892,2021-05-26
23569,19067,40977,2282095,1571947,780431,95.9,57.72626,39.76286,19.74123,1571947,780431,39.76286,19.74123,2021-05-27
28234,17737,44107,2326202,1600181,798168,97.7,58.84196,40.47704,20.18989,1600181,798168,40.47704,20.18989,2021-05-28
21139,10702,30673,2356875,1621320,808870,99.0,59.61784,41.01176,20.4606,1621320,808870,41.01176,20.4606,2021-05-29
15973,6657,21043,2377918,1637293,815527,97.3,60.15013,41.4158,20.62899,1637293,815527,41.4158,20.62899,2021-05-30
23704,19740,37949,2415867,1660997,835267,98.8,61.11006,42.0154,21.12832,1660997,835267,42.0154,21.12832,2021-05-31
22028,22267,35021,2450888,1683025,857534,92.0,61.99592,42.57261,21.69157,1683025,857534,42.57261,21.69157,2021-06-01
22239,9455,27078,2477966,1705264,866989,93.0,62.68087,43.13515,21.93074,1705264,866989,43.13515,21.93074,2021-06-02
31249,25251,50659,2528625,1736513,892240,94.5,63.9623,43.9256,22.56947,1736513,892240,43.9256,22.56947,2021-06-03
35006,23116,52832,2581457,1771519,915356,91.4,65.29871,44.81109,23.1542,1771519,915356,44.81109,23.1542,2021-06-04
29905,17587,42642,2624099,1801424,932943,92.9,66.37735,45.56754,23.59906,1801424,932943,45.56754,23.59906,2021-06-05
25675,13961,30738,2654837,1827099,946904,92.9,67.15487,46.217,23.95221,1827099,946904,46.217,23.95221,2021-06-06
31140,17452,44437,2699274,1858239,964356,94.4,68.27892,47.0047,24.39367,1858239,964356,47.0047,24.39367,2021-06-07
21513,21134,39365,2738639,1879752,985490,95.8,69.27467,47.54887,24.92826,1879752,985490,47.54887,24.92826,2021-06-08
30652,16273,41957,2780596,1910404,1001763,90.6,70.33598,48.32422,25.33989,1910404,1001763,48.32422,25.33989,2021-06-09
30115,20247,47223,2827819,1940519,1022010,92.1,71.5305,49.08599,25.85204,1940519,1022010,49.08599,25.85204,2021-06-10
33907,17208,47993,2875812,1974426,1039218,92.8,72.7445,49.94368,26.28732,1974426,1039218,49.94368,26.28732,2021-06-11
25660,10134,34632,2910444,2000086,1049352,94.0,73.62053,50.59276,26.54366,2000086,1049352,50.59276,26.54366,2021-06-12
16642,5666,21859,2932303,2016728,1055018,94.7,74.17346,51.01372,26.68699,2016728,1055018,51.01372,26.68699,2021-06-13
29639,13407,42085,2974388,2046367,1068425,95.0,75.23801,51.76345,27.02612,2046367,1068425,51.76345,27.02612,2021-06-14
22986,20383,42708,3017096,2069353,1088808,96.4,76.31832,52.34489,27.54172,2069353,1088808,52.34489,27.54172,2021-06-15
27624,15288,42120,3059216,2096977,1104096,91.0,77.38376,53.04364,27.92843,2096977,1104096,53.04364,27.92843,2021-06-16
21972,21543,42915,3102131,2118949,1125639,92.2,78.46931,53.59943,28.47337,2118949,1125639,53.59943,28.47337,2021-06-17
29804,19032,47850,3149981,2148753,1144671,93.6,79.67969,54.35333,28.95479,2148753,1144671,54.35333,28.95479,2021-06-18
22875,12637,34803,3184784,2171628,1157308,94.7,80.56004,54.93196,29.27444,2171628,1157308,54.93196,29.27444,2021-06-19
14385,7582,21600,3206384,2186013,1164890,94.3,81.10642,55.29583,29.46623,2186013,1164890,55.29583,29.46623,2021-06-20
22088,20494,41902,3248286,2208101,1185384,95.5,82.16634,55.85456,29.98463,2208101,1185384,55.85456,29.98463,2021-06-21
19638,23487,42514,3290800,2227739,1208871,96.7,83.24174,56.35131,30.57874,2227739,1208871,56.35131,30.57874,2021-06-22
17560,12541,29429,3320229,2245299,1221412,90.0,83.98616,56.79549,30.89597,2245299,1221412,56.79549,30.89597,2021-06-23
24373,29393,52939,3373168,2269672,1250805,91.1,85.32527,57.41201,31.63948,2269672,1250805,57.41201,31.63948,2021-06-24
24749,27039,50877,3424045,2294421,1277844,92.4,86.61221,58.03805,32.32344,2294421,1277844,58.03805,32.32344,2021-06-25
16456,16546,32426,3456471,2310877,1294390,92.4,87.43244,58.45431,32.74197,2310877,1294390,58.45431,32.74197,2021-06-26
10223,8596,18553,3475024,2321100,1302986,92.9,87.90174,58.7129,32.95941,2321100,1302986,58.7129,32.95941,2021-06-27
22482,27036,48688,3523712,2343582,1330022,93.7,89.13332,59.28159,33.64329,2343582,1330022,59.28159,33.64329,2021-06-28
16053,31340,46671,3570383,2359635,1361362,94.9,90.31388,59.68765,34.43605,2359635,1361362,59.68765,34.43605,2021-06-29
19678,29056,47822,3618205,2379313,1390418,90.4,91.52355,60.18541,35.17103,2379313,1390418,60.18541,35.17103,2021-06-30
12097,36987,48425,3666630,2391410,1427405,91.6,92.74847,60.49141,36.10662,2391410,1427405,60.49141,36.10662,2021-07-01
18262,30035,47340,3713970,2409672,1457440,91.7,93.94595,60.95335,36.86637,2409672,1457440,60.95335,36.86637,2021-07-02
13975,19777,33248,3747218,2423647,1477217,92.5,94.78697,61.30686,37.36663,2423647,1477217,61.30686,37.36663,2021-07-03
8220,11981,19910,3767128,2431867,1489198,91.6,95.2906,61.51478,37.6697,2431867,1489198,61.51478,37.6697,2021-07-04
7815,31648,38898,3806026,2439682,1520846,92.5,96.27453,61.71247,38.47024,2439682,1520846,61.71247,38.47024,2021-07-05
6558,36281,42404,3848430,2446240,1557127,93.5,97.34716,61.87835,39.38798,2446240,1557127,61.87835,39.38798,2021-07-06
6627,32602,38710,3887140,2452867,1589729,91.4,98.32634,62.04598,40.21266,2452867,1589729,62.04598,40.21266,2021-07-07
5924,36091,41528,3928668,2458791,1625820,92.4,99.3768,62.19583,41.12559,2458791,1625820,62.19583,41.12559,2021-07-08
7120,30679,37108,3965776,2465911,1656499,93.3,100.31546,62.37594,41.90162,2465911,1656499,62.37594,41.90162,2021-07-09
4771,17917,22391,3988167,2470682,1674416,92.9,100.88184,62.49662,42.35484,2470682,1674416,62.49662,42.35484,2021-07-10
2688,9588,12176,4000343,2473370,1684004,93.2,101.18984,62.56461,42.59737,2473370,1684004,62.56461,42.59737,2021-07-11
13539,32986,45740,4046083,2486909,1716990,94.3,102.34685,62.90709,43.43176,2486909,1716990,62.90709,43.43176,2021-07-12
8425,40964,48789,4094872,2495334,1757954,95.4,103.58098,63.1202,44.46796,2495334,1757954,63.1202,44.46796,2021-07-13
14232,32795,46160,4141032,2509566,1790749,92.8,104.74861,63.4802,45.29752,2509566,1790749,63.4802,45.29752,2021-07-14
9542,35916,44764,4185796,2519108,1826665,93.8,105.88093,63.72157,46.20602,2519108,1826665,63.72157,46.20602,2021-07-15
13765,33537,46460,4232256,2532873,1860202,94.8,107.05615,64.06976,47.05435,2532873,1860202,64.06976,47.05435,2021-07-16
10148,21239,30750,4263006,2543021,1881441,95.5,107.83398,64.32646,47.5916,2543021,1881441,64.32646,47.5916,2021-07-17
6561,12597,18815,4281821,2549582,1894038,95.2,108.30991,64.49242,47.91024,2549582,1894038,64.49242,47.91024,2021-07-18
11734,38534,49456,4331277,2561316,1932572,95.4,109.56091,64.78923,48.88497,2561316,1932572,64.78923,48.88497,2021-07-19
8759,38722,46945,4378222,2570075,1971294,96.4,110.7484,65.01079,49.86446,2570075,1971294,65.01079,49.86446,2021-07-20
12763,32939,44802,4423024,2582838,2004233,94.2,111.88168,65.33364,50.69766,2582838,2004233,65.33364,50.69766,2021-07-21
9188,39077,47541,4470565,2592026,2043310,95.2,113.08424,65.56605,51.68612,2592026,2043310,65.56605,51.68612,2021-07-22
14649,29579,43205,4513770,2606675,2072889,96.1,114.17713,65.9366,52.43433,2606675,2072889,65.9366,52.43433,2021-07-23
8475,18687,26677,4540447,2615150,2091576,96.7,114.85193,66.15098,52.90702,2615150,2091576,66.15098,52.90702,2021-07-24
4484,10014,14291,4554738,2619634,2101590,97.0,115.21342,66.2644,53.16033,2619634,2101590,66.2644,53.16033,2021-07-25
17863,30640,47538,4602276,2637497,2132230,98.0,116.41591,66.71625,53.93538,2637497,2132230,66.71625,53.93538,2021-07-26
14069,35168,48408,4650684,2651566,2167398,98.3,117.6404,67.07213,54.82496,2651566,2167398,67.07213,54.82496,2021-07-27
15433,30437,44908,4695592,2666999,2197835,96.4,118.77637,67.46252,55.59488,2666999,2197835,67.46252,55.59488,2021-07-28
13081,30626,42891,4738483,2680080,2228461,97.2,119.86131,67.7934,56.36957,2680080,2228461,67.7934,56.36957,2021-07-29
13963,23131,36185,4774668,2694043,2251592,98.0,120.77662,68.1466,56.95467,2694043,2251592,68.1466,56.95467,2021-07-30
8344,12081,19921,4794589,2702387,2263673,98.4,121.28052,68.35767,57.26027,2702387,2263673,68.35767,57.26027,2021-07-31
4443,8078,12399,4806988,2706830,2271751,98.6,121.59416,68.47005,57.4646,2706830,2271751,68.47005,57.4646,2021-08-01
15302,25270,39331,4846319,2722132,2297021,99.4,122.58905,68.85712,58.10381,2722132,2297021,68.85712,58.10381,2021-08-02
9977,27111,36285,4882604,2732109,2324132,99.1,123.50689,69.10949,58.7896,2732109,2324132,69.10949,58.7896,2021-08-03
13336,22589,34838,4917442,2745445,2346721,97.0,124.38813,69.44683,59.36099,2745445,2346721,69.44683,59.36099,2021-08-04
10327,24613,34011,4951453,2755772,2371334,97.7,125.24844,69.70805,59.98358,2755772,2371334,69.70805,59.98358,2021-08-05
9686,20920,29806,4981259,2765458,2392254,98.3,126.0024,69.95306,60.51276,2765458,2392254,69.95306,60.51276,2021-08-06
3844,6512,10056,4991315,2769302,2398766,98.5,126.25676,70.0503,60.67748,2769302,2398766,70.0503,60.67748,2021-08-07
1732,3441,5118,4996433,2771034,2402207,97.9,126.38623,70.09411,60.76452,2771034,2402207,70.09411,60.76452,2021-08-08
12091,16579,27679,5024112,2783125,2418786,98.4,127.08637,70.39996,61.1839,2783125,2418786,70.39996,61.1839,2021-08-09
15112,13339,26990,5051102,2798237,2432125,98.9,127.76909,70.78222,61.52131,2798237,2432125,70.78222,61.52131,2021-08-10
12988,11747,23453,5074555,2811225,2443872,96.9,128.36234,71.11075,61.81845,2811225,2443872,71.11075,61.81845,2021-08-11
11856,8647,19328,5093883,2823081,2452519,97.2,128.85125,71.41066,62.03718,2823081,2452519,71.41066,62.03718,2021-08-12
7845,6654,13645,5107528,2830926,2459173,96.8,129.19641,71.6091,62.2055,2830926,2459173,71.6091,62.2055,2021-08-13
512,589,1081,5108609,2831438,2459762,96.8,129.22375,71.62205,62.2204,2831438,2459762,71.62205,62.2204,2021-08-14
54,54,54,5108663,2831492,2459816,96.8,129.22512,71.62341,62.22176,2831492,2459816,71.62341,62.22176,2021-08-15
7643,4967,11955,5120618,2839135,2464783,97.0,129.52752,71.81675,62.3474,2839135,2464783,71.81675,62.3474,2021-08-16
9351,10404,19117,5139735,2848486,2475187,96.6,130.01109,72.05328,62.61058,2848486,2475187,72.05328,62.61058,2021-08-17
7104,6141,12666,5152401,2855590,2481328,93.0,130.33148,72.23298,62.76591,2855590,2481328,72.23298,62.76591,2021-08-18
0,0,0,5152401,2855590,2481328,93.0,130.33148,72.23298,62.76591,2855590,2481328,72.23298,62.76591,2021-08-19
