delta_1d,delta_2d,delta_all,sum_doses,sum_1d,sum_2d,perc_doses,perc_inh_tot,perc_inh_1d,perc_inh_2d,sum_monotone_1d,sum_monotone_2d,perc_inh_monotone_1d,perc_inh_monotone_2d,date
0,0,0,0,0,0,0,0,0,0,0,0,0,0,2020-12-26
510,0,510,510,510,0,101.0,0.0129,0.0129,0.0,510,0,0.0129,0.0,2020-12-27
0,0,0,510,510,0,101.0,0.0129,0.0129,0.0,510,0,0.0129,0.0,2020-12-28
0,0,0,510,510,0,101.0,0.0129,0.0129,0.0,510,0,0.0129,0.0,2020-12-29
1,0,1,511,511,0,2.4,0.01293,0.01293,0.0,511,0,0.01293,0.0,2020-12-30
1640,2,1640,2151,2151,2,8.3,0.05441,0.05441,5e-05,2151,2,0.05441,5e-05,2020-12-31
151,0,151,2302,2302,2,8.9,0.05823,0.05823,5e-05,2302,2,0.05823,5e-05,2021-01-01
2962,2,2962,5264,5264,4,20.4,0.13315,0.13315,0.0001,5264,4,0.13315,0.0001,2021-01-02
2011,2,2011,7275,7275,6,28.1,0.18402,0.18402,0.00015,7275,6,0.18402,0.00015,2021-01-03
4515,11,4515,11790,11790,17,45.6,0.29823,0.29823,0.00043,11790,17,0.29823,0.00043,2021-01-04
5123,5,5123,16913,16913,22,53.3,0.42782,0.42782,0.00056,16913,22,0.42782,0.00056,2021-01-05
3971,5,3971,20884,20884,27,65.9,0.52827,0.52827,0.00068,20884,27,0.52827,0.00068,2021-01-06
5744,6,5744,26628,26628,33,55.2,0.67356,0.67356,0.00083,26628,33,0.67356,0.00083,2021-01-07
5703,9,5703,32331,32331,42,67.0,0.81782,0.81782,0.00106,32331,42,0.81782,0.00106,2021-01-08
4907,9,4907,37238,37238,51,77.1,0.94195,0.94195,0.00129,37238,51,0.94195,0.00129,2021-01-09
2353,5,2353,39591,39591,56,82.0,1.00147,1.00147,0.00142,39591,56,1.00147,0.00142,2021-01-10
3766,2,3766,43357,43357,58,60.5,1.09673,1.09673,0.00147,43357,58,1.09673,0.00147,2021-01-11
4229,3,4229,47586,47586,61,63.8,1.2037,1.2037,0.00154,47586,61,1.2037,0.00154,2021-01-12
4562,5,4562,52148,52148,66,69.9,1.3191,1.3191,0.00167,52148,66,1.3191,0.00167,2021-01-13
4092,6,4092,56240,56240,72,75.4,1.42261,1.42261,0.00182,56240,72,1.42261,0.00182,2021-01-14
4562,7,4562,60802,60802,79,81.5,1.538,1.538,0.002,60802,79,1.538,0.002,2021-01-15
2514,6,2514,63316,63316,85,84.9,1.6016,1.6016,0.00215,63316,85,1.6016,0.00215,2021-01-16
1243,70,1313,64629,64559,155,86.6,1.63481,1.63304,0.00392,64559,155,1.63304,0.00392,2021-01-17
1499,353,1850,66479,66058,508,73.1,1.68161,1.67096,0.01285,66058,508,1.67096,0.01285,2021-01-18
1213,12,1223,67702,67271,520,72.5,1.71254,1.70164,0.01315,67271,520,1.70164,0.01315,2021-01-19
1539,11,1547,69249,68810,531,74.2,1.75167,1.74057,0.01343,68810,531,1.74057,0.01343,2021-01-20
1270,867,2134,71383,70080,1398,76.5,1.80565,1.77269,0.03536,70080,1398,1.77269,0.03536,2021-01-21
994,425,1415,72798,71074,1823,78.0,1.84145,1.79784,0.04611,71074,1823,1.79784,0.04611,2021-01-22
881,2167,3045,75843,71955,3990,81.3,1.91847,1.82012,0.10093,71955,3990,1.82012,0.10093,2021-01-23
151,1524,1675,77518,72106,5514,83.1,1.96084,1.82394,0.13948,72106,5514,1.82394,0.13948,2021-01-24
427,3414,3840,81358,72533,8928,77.5,2.05797,1.83474,0.22584,72533,8928,1.83474,0.22584,2021-01-25
563,4821,5383,86741,73096,13749,77.4,2.19414,1.84898,0.34778,73096,13749,1.84898,0.34778,2021-01-26
617,3994,4611,91352,73713,17743,76.0,2.31078,1.86459,0.44881,73713,17743,1.86459,0.44881,2021-01-27
440,5057,5497,96849,74153,22800,80.5,2.44982,1.87572,0.57673,74153,22800,1.87572,0.57673,2021-01-28
217,6003,6220,103069,74370,28803,85.7,2.60716,1.88121,0.72858,74370,28803,1.88121,0.72858,2021-01-29
383,5175,5556,108625,74753,33978,90.3,2.7477,1.8909,0.85948,74753,33978,1.8909,0.85948,2021-01-30
75,1757,1832,110457,74828,35735,91.9,2.79404,1.8928,0.90393,74828,35735,1.8928,0.90393,2021-01-31
353,3632,3984,114441,75181,39367,82.6,2.89482,1.90173,0.9958,75181,39367,1.90173,0.9958,2021-02-01
576,3794,4369,118810,75757,43161,79.1,3.00533,1.9163,1.09177,75757,43161,1.9163,1.09177,2021-02-02
707,4361,5065,123875,76464,47522,82.4,3.13345,1.93418,1.20208,76464,47522,1.93418,1.20208,2021-02-03
1138,4816,5950,129825,77602,52338,86.4,3.28396,1.96297,1.3239,77602,52338,1.96297,1.3239,2021-02-04
1319,4354,5665,135490,78921,56692,90.2,3.42726,1.99633,1.43404,78921,56692,1.99633,1.43404,2021-02-05
1595,2986,4563,140053,80516,59678,93.2,3.54268,2.03668,1.50957,80516,59678,2.03668,1.50957,2021-02-06
253,1337,1589,141642,80769,61015,94.3,3.58288,2.04308,1.54339,80769,61015,2.04308,1.54339,2021-02-07
1601,2439,4019,145661,82370,63454,96.9,3.68454,2.08357,1.60509,82370,63454,2.08357,1.60509,2021-02-08
2183,1705,3864,149525,84553,65159,74.4,3.78228,2.13879,1.64822,84553,65159,2.13879,1.64822,2021-02-09
2147,1538,3663,153188,86700,66697,76.2,3.87494,2.1931,1.68712,86700,66697,2.1931,1.68712,2021-02-10
2423,1314,3704,156892,89123,68011,78.1,3.96863,2.25439,1.72036,89123,68011,2.25439,1.72036,2021-02-11
3137,1128,4234,161126,92260,69139,80.2,4.07573,2.33374,1.74889,92260,69139,2.33374,1.74889,2021-02-12
3041,713,3737,164863,95301,69852,72.1,4.17026,2.41067,1.76693,95301,69852,2.41067,1.76693,2021-02-13
664,133,791,165654,95965,69985,72.4,4.19027,2.42746,1.77029,95965,69985,2.42746,1.77029,2021-02-14
2650,671,3276,168930,98615,70656,65.2,4.27313,2.4945,1.78726,98615,70656,2.4945,1.78726,2021-02-15
2752,688,3402,172332,101367,71344,64.4,4.35919,2.56411,1.80467,101367,71344,2.56411,1.80467,2021-02-16
3662,690,4308,176640,105029,72034,66.1,4.46816,2.65674,1.82212,105029,72034,2.65674,1.82212,2021-02-17
3780,677,4391,181031,108809,72711,67.7,4.57923,2.75236,1.83925,108809,72711,2.75236,1.83925,2021-02-18
4373,461,4767,185798,113182,73172,68.2,4.69981,2.86297,1.85091,113182,73172,2.86297,1.85091,2021-02-19
2723,298,2980,188778,115905,73470,62.6,4.77519,2.93185,1.85845,115905,73470,2.93185,1.85845,2021-02-20
2113,133,2177,190955,118018,73603,63.3,4.83026,2.9853,1.86181,118018,73603,2.9853,1.86181,2021-02-21
9336,466,9674,200629,127354,74069,59.8,5.07497,3.22146,1.8736,127354,74069,3.22146,1.8736,2021-02-22
8919,623,9416,210045,136273,74692,62.6,5.31315,3.44707,1.88936,136273,74692,3.44707,1.88936,2021-02-23
9481,717,10079,220124,145754,75409,65.6,5.5681,3.68689,1.90749,145754,75409,3.68689,1.90749,2021-02-24
10833,1374,12018,232142,156587,76783,68.2,5.8721,3.96091,1.94225,156587,76783,3.96091,1.94225,2021-02-25
12736,1381,13822,245964,169323,78164,72.3,6.22173,4.28307,1.97718,169323,78164,4.28307,1.97718,2021-02-26
13024,1506,14264,260228,182347,79670,70.5,6.58254,4.61252,2.01528,182347,79670,4.61252,2.01528,2021-02-27
5897,311,6088,266316,188244,79981,72.2,6.73654,4.76169,2.02314,188244,79981,4.76169,2.02314,2021-02-28
13766,1620,15153,281469,202010,81601,66.4,7.11984,5.1099,2.06412,202010,81601,5.1099,2.06412,2021-03-01
15137,1702,16458,297927,217147,83303,70.3,7.53615,5.4928,2.10717,217147,83303,5.4928,2.10717,2021-03-02
14906,2203,16849,314776,232053,85506,74.3,7.96235,5.86985,2.1629,232053,85506,5.86985,2.1629,2021-03-03
13970,1805,15413,330189,246023,87311,77.9,8.35223,6.22322,2.20856,246023,87311,6.22322,2.20856,2021-03-04
15442,2660,17777,347966,261465,89971,82.0,8.8019,6.61383,2.27584,261465,89971,6.61383,2.27584,2021-03-05
14074,2386,16208,364174,275539,92357,85.8,9.21189,6.96984,2.3362,275539,92357,6.96984,2.3362,2021-03-06
4419,646,4997,369171,279958,93003,87.0,9.33829,7.08162,2.35254,279958,93003,7.08162,2.35254,2021-03-07
12620,2638,15044,384215,292578,95641,82.3,9.71883,7.40085,2.41927,292578,95641,7.40085,2.41927,2021-03-08
11693,2268,13716,397931,304271,97909,85.2,10.06578,7.69662,2.47664,304271,97909,7.69662,2.47664,2021-03-09
11745,3377,14892,412823,316016,101286,80.7,10.44248,7.99372,2.56206,316016,101286,7.99372,2.56206,2021-03-10
11690,3483,14891,427714,327706,104769,83.5,10.81915,8.28942,2.65016,327706,104769,8.28942,2.65016,2021-03-11
10388,4149,14347,442061,338094,108918,86.3,11.18206,8.55219,2.75511,338094,108918,8.55219,2.75511,2021-03-12
8677,1963,10496,452557,346771,110881,85.5,11.44756,8.77167,2.80477,346771,110881,8.77167,2.80477,2021-03-13
2519,924,3389,455946,349290,111805,86.2,11.53329,8.83539,2.82814,349290,111805,8.83539,2.82814,2021-03-14
5857,6671,12384,468330,355147,118476,81.9,11.84654,8.98355,2.99688,355147,118476,8.98355,2.99688,2021-03-15
3516,6465,9907,478237,358663,124941,83.6,12.09714,9.07248,3.16042,358663,124941,9.07248,3.16042,2021-03-16
4176,6285,10384,488621,362839,131226,85.5,12.35981,9.17812,3.3194,362839,131226,9.17812,3.3194,2021-03-17
3414,6320,9654,498275,366253,137546,87.1,12.60401,9.26448,3.47927,366253,137546,9.26448,3.47927,2021-03-18
3410,4653,8017,506292,369663,142199,88.5,12.8068,9.35073,3.59697,369663,142199,9.35073,3.59697,2021-03-19
3810,4712,8450,514742,373473,146911,90.0,13.02055,9.44711,3.71616,373473,146911,9.44711,3.71616,2021-03-20
591,2126,2701,517443,374064,149037,87.4,13.08887,9.46206,3.76993,374064,149037,9.46206,3.76993,2021-03-21
4328,5771,10005,527448,378392,154808,78.5,13.34195,9.57154,3.91591,378392,154808,9.57154,3.91591,2021-03-22
4626,6679,11177,538625,383018,161487,80.0,13.62468,9.68855,4.08486,383018,161487,9.68855,4.08486,2021-03-23
6174,7627,13652,552277,389192,169114,82.0,13.97001,9.84472,4.27779,389192,169114,9.84472,4.27779,2021-03-24
5378,6570,11819,564096,394570,175684,81.5,14.26897,9.98076,4.44398,394570,175684,9.98076,4.44398,2021-03-25
7373,4858,12063,576159,401943,180542,83.2,14.57411,10.16727,4.56686,401943,180542,10.16727,4.56686,2021-03-26
6992,5327,12190,588349,408935,185869,84.9,14.88246,10.34413,4.70161,408935,185869,10.34413,4.70161,2021-03-27
1217,2375,3554,591903,410152,188244,85.4,14.97236,10.37491,4.76169,410152,188244,10.37491,4.76169,2021-03-28
6830,7018,13614,605517,416982,195262,80.2,15.31673,10.54768,4.93921,416982,195262,10.54768,4.93921,2021-03-29
6366,6286,12475,617992,423348,201548,81.8,15.63229,10.70871,5.09822,423348,201548,10.70871,5.09822,2021-03-30
9008,5785,14608,632600,432356,207333,83.6,16.0018,10.93657,5.24455,432356,207333,10.93657,5.24455,2021-03-31
7606,6658,14005,646605,439962,213991,85.5,16.35606,11.12897,5.41296,439962,213991,11.12897,5.41296,2021-04-01
8352,4721,12890,659495,448314,218712,83.8,16.68212,11.34023,5.53238,448314,218712,11.34023,5.53238,2021-04-02
7017,3801,10603,670098,455331,222513,76.8,16.95032,11.51773,5.62853,455331,222513,11.51773,5.62853,2021-04-03
6003,111,6010,676108,461334,222624,77.5,17.10235,11.66958,5.63134,461334,222624,11.66958,5.63134,2021-04-04
12271,723,12810,688918,473605,223347,79.0,17.42638,11.97998,5.64963,473605,223347,11.97998,5.64963,2021-04-05
7097,6972,13882,702800,480702,230319,72.8,17.77753,12.1595,5.82599,480702,230319,12.1595,5.82599,2021-04-06
9083,6948,15814,718614,489785,237267,74.5,18.17755,12.38925,6.00174,489785,237267,12.38925,6.00174,2021-04-07
11350,6445,17562,736176,501135,243712,76.3,18.62179,12.67636,6.16477,501135,243712,12.67636,6.16477,2021-04-08
17505,5143,22227,758403,518640,248855,78.6,19.18402,13.11915,6.29486,518640,248855,13.11915,6.29486,2021-04-09
26536,4913,31008,789411,545176,253768,81.8,19.96838,13.79039,6.41914,545176,253768,13.79039,6.41914,2021-04-10
14857,1874,16511,805922,560033,255642,83.5,20.38603,14.1662,6.46654,560033,255642,14.1662,6.46654,2021-04-11
26510,3399,29546,835468,586543,259041,86.6,21.13341,14.83678,6.55252,586543,259041,14.83678,6.55252,2021-04-12
25291,3922,28845,864313,611834,262963,89.5,21.86305,15.47652,6.65173,611834,262963,15.47652,6.65173,2021-04-13
28843,3682,32169,896482,640677,266645,83.8,22.67677,16.20611,6.74486,640677,266645,16.20611,6.74486,2021-04-14
29059,4239,32854,929336,669736,270884,86.0,23.50782,16.94117,6.85209,669736,270884,16.94117,6.85209,2021-04-15
32917,3777,36219,965555,702653,274661,89.4,24.42399,17.77381,6.94763,702653,274661,17.77381,6.94763,2021-04-16
36564,4077,40165,1005720,739217,278738,92.6,25.43998,18.69871,7.05076,739217,278738,18.69871,7.05076,2021-04-17
21658,1292,22721,1028441,760875,280030,94.7,26.01471,19.24655,7.08344,760875,280030,19.24655,7.08344,2021-04-18
24738,3443,27796,1056237,785613,283473,94.9,26.71782,19.87231,7.17053,785613,283473,19.87231,7.17053,2021-04-19
17763,3799,21260,1077497,803376,287272,95.7,27.2556,20.32163,7.26663,803376,287272,20.32163,7.26663,2021-04-20
19451,4087,23209,1100706,822827,291359,87.9,27.84268,20.81365,7.37001,822827,291359,20.81365,7.37001,2021-04-21
18141,5656,23100,1123806,840968,297015,88.9,28.427,21.27253,7.51308,840968,297015,21.27253,7.51308,2021-04-22
24388,6313,29703,1153509,865356,303328,91.3,29.17835,21.88943,7.67277,865356,303328,21.88943,7.67277,2021-04-23
25556,5983,29519,1183028,890912,309311,93.6,29.92504,22.53588,7.82411,890912,309311,22.53588,7.82411,2021-04-24
10191,1295,11336,1194364,901103,310606,94.5,30.21178,22.79366,7.85687,901103,310606,22.79366,7.85687,2021-04-25
23151,3896,26404,1220768,924254,314502,94.8,30.87968,23.37927,7.95542,924254,314502,23.37927,7.95542,2021-04-26
21133,7703,26775,1247543,945387,322205,96.8,31.55696,23.91384,8.15027,945387,322205,23.91384,8.15027,2021-04-27
15117,6285,19916,1267459,960504,328490,88.0,32.06074,24.29623,8.30925,960504,328490,24.29623,8.30925,2021-04-28
19661,7646,26401,1293860,980165,336136,89.8,32.72857,24.79356,8.50266,980165,336136,24.79356,8.50266,2021-04-29
23088,13309,35138,1328998,1003253,349445,92.3,33.61739,25.37758,8.83931,1003253,349445,25.37758,8.83931,2021-04-30
17034,12672,27776,1356774,1020287,362117,85.2,34.31999,25.80846,9.15985,1020287,362117,25.80846,9.15985,2021-05-01
14102,9340,21393,1378167,1034389,371457,86.6,34.86114,26.16517,9.39611,1034389,371457,26.16517,9.39611,2021-05-02
22766,14327,33482,1411649,1057155,385784,88.7,35.70807,26.74104,9.75852,1057155,385784,26.74104,9.75852,2021-05-03
18690,19913,35291,1446940,1075845,405697,90.9,36.60077,27.21381,10.26222,1075845,405697,27.21381,10.26222,2021-05-04
25134,16316,39433,1486373,1100979,422013,85.7,37.59824,27.84958,10.67494,1100979,422013,27.84958,10.67494,2021-05-05
19877,21155,39846,1526219,1120856,443168,88.0,38.60615,28.35238,11.21006,1120856,443168,28.35238,11.21006,2021-05-06
26605,24906,50364,1576583,1147461,468074,88.9,39.88013,29.02536,11.84007,1147461,468074,29.02536,11.84007,2021-05-07
24558,32377,54564,1631147,1172019,500451,92.0,41.26034,29.64656,12.65905,1172019,500451,29.64656,12.65905,2021-05-08
15201,16408,30915,1662062,1187220,516859,93.7,42.04234,30.03108,13.0741,1187220,516859,30.03108,13.0741,2021-05-09
19861,19141,38007,1700069,1207081,536000,95.9,43.00374,30.53347,13.55828,1207081,536000,30.53347,13.55828,2021-05-10
14205,19456,32819,1732888,1221286,555456,97.7,43.83391,30.89278,14.05042,1221286,555456,30.89278,14.05042,2021-05-11
24143,13872,36721,1769609,1245429,569328,92.4,44.76277,31.50349,14.40132,1245429,569328,31.50349,14.40132,2021-05-12
21588,18047,38942,1808551,1267017,587375,92.0,45.74782,32.04956,14.85782,1267017,587375,32.04956,14.85782,2021-05-13
28896,17588,45188,1853739,1295913,604963,92.9,46.89087,32.7805,15.30272,1295913,604963,32.7805,15.30272,2021-05-14
23573,21995,43781,1897520,1319486,626958,95.1,47.99832,33.37678,15.85908,1319486,626958,33.37678,15.85908,2021-05-15
12710,14274,24688,1922208,1332196,641232,96.3,48.62281,33.69829,16.22015,1332196,641232,33.69829,16.22015,2021-05-16
20971,14689,33018,1955226,1353167,655921,98.0,49.45801,34.22875,16.59171,1353167,655921,34.22875,16.59171,2021-05-17
16098,15110,29047,1984273,1369265,671031,99.4,50.19276,34.63596,16.97392,1369265,671031,34.63596,16.97392,2021-05-18
20030,8824,26547,2010820,1389295,679855,94.1,50.86428,35.14262,17.19713,1389295,679855,35.14262,17.19713,2021-05-19
21298,13429,33782,2044602,1410593,693284,94.9,51.7188,35.68136,17.53682,1410593,693284,35.68136,17.53682,2021-05-20
29101,11620,39321,2083923,1439694,704904,95.0,52.71344,36.41748,17.83075,1439694,704904,36.41748,17.83075,2021-05-21
24225,12320,34848,2118771,1463919,717224,96.6,53.59493,37.03026,18.14239,1463919,717224,37.03026,18.14239,2021-05-22
14175,5938,18020,2136791,1478094,723162,97.4,54.05075,37.38882,18.29259,1478094,723162,37.38882,18.29259,2021-05-23
25151,13847,36304,2173095,1503245,737009,97.1,54.96907,38.02502,18.64286,1503245,737009,38.02502,18.64286,2021-05-24
21182,15700,34917,2208012,1524427,752709,98.6,55.85231,38.56082,19.03999,1524427,752709,38.56082,19.03999,2021-05-25
26941,15616,38825,2246837,1551368,768325,94.5,56.8344,39.2423,19.435,1551368,768325,39.2423,19.435,2021-05-26
23605,19176,41099,2287936,1574973,787501,96.1,57.87401,39.8394,19.92007,1574973,787501,39.8394,19.92007,2021-05-27
28253,17859,44224,2332160,1603226,805360,98.0,58.99267,40.55407,20.37182,1603226,805360,40.55407,20.37182,2021-05-28
21183,10773,30767,2362927,1624409,816133,99.3,59.77093,41.0899,20.64432,1624409,816133,41.0899,20.64432,2021-05-29
16003,6686,21090,2384017,1640412,822819,97.5,60.3044,41.4947,20.81345,1640412,822819,41.4947,20.81345,2021-05-30
23765,19806,38048,2422065,1664177,842625,99.0,61.26684,42.09584,21.31444,1664177,842625,42.09584,21.31444,2021-05-31
22070,22355,35111,2457176,1686247,864980,92.2,62.15498,42.65411,21.87992,1686247,864980,42.65411,21.87992,2021-06-01
22291,9484,27140,2484316,1708538,874464,93.2,62.8415,43.21797,22.11982,1708538,874464,43.21797,22.11982,2021-06-02
31330,25383,50831,2535147,1739868,899847,94.7,64.12728,44.01047,22.76189,1739868,899847,44.01047,22.76189,2021-06-03
35116,23227,53019,2588166,1774984,923074,91.6,65.46841,44.89874,23.34943,1774984,923074,44.89874,23.34943,2021-06-04
30003,17720,42817,2630983,1804987,940794,93.1,66.55148,45.65767,23.79766,1804987,940794,45.65767,23.79766,2021-06-05
25735,14008,30814,2661797,1830722,954802,93.2,67.33093,46.30865,24.15199,1830722,954802,46.30865,24.15199,2021-06-06
31186,17560,44550,2706347,1861908,972362,94.7,68.45783,47.0975,24.59618,1861908,972362,47.0975,24.59618,2021-06-07
21536,21240,39464,2745811,1883444,993602,96.0,69.45609,47.64226,25.13345,1883444,993602,47.64226,25.13345,2021-06-08
30723,16413,42108,2787919,1914167,1010015,90.8,70.52122,48.41941,25.54862,1914167,1010015,48.41941,25.54862,2021-06-09
30157,20369,47350,2835269,1944324,1030384,92.3,71.71895,49.18224,26.06386,1944324,1030384,49.18224,26.06386,2021-06-10
33989,17324,48158,2883427,1978313,1047708,93.1,72.93712,50.042,26.50208,1978313,1047708,50.042,26.50208,2021-06-11
25724,10204,34734,2918161,2004037,1057912,94.2,73.81573,50.6927,26.76019,2004037,1057912,50.6927,26.76019,2021-06-12
16700,5713,21943,2940104,2020737,1063625,94.9,74.37079,51.11513,26.9047,2020737,1063625,51.11513,26.9047,2021-06-13
29686,13562,42249,2982353,2050423,1077187,95.3,75.43949,51.86605,27.24776,2050423,1077187,51.86605,27.24776,2021-06-14
22980,20530,42823,3025176,2073403,1097717,96.6,76.52271,52.44733,27.76707,2073403,1097717,52.44733,27.76707,2021-06-15
27682,15419,42278,3067454,2101085,1113136,91.2,77.59214,53.14756,28.1571,2101085,1113136,53.14756,28.1571,2021-06-16
21973,21744,43085,3110539,2123058,1134880,92.5,78.68199,53.70337,28.70712,2123058,1134880,53.70337,28.70712,2021-06-17
29813,19185,47987,3158526,2152871,1154065,93.9,79.89583,54.4575,29.19241,2152871,1154065,54.4575,29.19241,2021-06-18
22919,12749,34928,3193454,2175790,1166814,94.9,80.77935,55.03724,29.5149,2175790,1166814,55.03724,29.5149,2021-06-19
14399,7662,21682,3215136,2190189,1174476,94.5,81.3278,55.40147,29.70871,2190189,1174476,55.40147,29.70871,2021-06-20
22147,20657,42095,3257231,2212336,1195133,95.8,82.39261,55.96168,30.23124,2212336,1195133,55.96168,30.23124,2021-06-21
19630,23683,42671,3299902,2231966,1218816,97.0,83.47198,56.45823,30.83031,2231966,1218816,56.45823,30.83031,2021-06-22
17555,12661,29510,3329412,2249521,1231477,90.2,84.21845,56.90229,31.15057,2249521,1231477,56.90229,31.15057,2021-06-23
24415,29750,53297,3382709,2273936,1261227,91.3,85.56661,57.51987,31.9031,2273936,1261227,57.51987,31.9031,2021-06-24
24752,27317,51101,3433810,2298688,1288544,92.7,86.85922,58.14598,32.5941,2298688,1288544,58.14598,32.5941,2021-06-25
16472,16696,32555,3466365,2315160,1305240,92.7,87.68271,58.56265,33.01643,2315160,1305240,58.56265,33.01643,2021-06-26
10218,8677,18607,3484972,2325378,1313917,93.2,88.15338,58.82111,33.23591,2325378,1313917,58.82111,33.23591,2021-06-27
22479,27271,48873,3533845,2347857,1341188,93.9,89.38964,59.38973,33.92574,2347857,1341188,59.38973,33.92574,2021-06-28
16047,31641,46930,3580775,2363904,1372829,95.2,90.57675,59.79564,34.72611,2363904,1372829,59.79564,34.72611,2021-06-29
19705,29358,48101,3628876,2383609,1402187,90.7,91.79347,60.29408,35.46873,2383609,1402187,60.29408,35.46873,2021-06-30
12064,37337,48689,3677565,2395673,1439524,91.9,93.02508,60.59925,36.41318,2395673,1439524,60.59925,36.41318,2021-07-01
18318,30336,47645,3725210,2413991,1469860,92.0,94.23027,61.0626,37.18054,2413991,1469860,61.0626,37.18054,2021-07-02
13982,19983,33427,3758637,2427973,1489843,92.8,95.07582,61.41628,37.68601,2427973,1489843,61.41628,37.68601,2021-07-03
8213,12088,19998,3778635,2436186,1501931,91.8,95.58167,61.62403,37.99178,2436186,1501931,61.62403,37.99178,2021-07-04
7817,31948,39171,3817806,2444003,1533879,92.8,96.57251,61.82177,38.79992,2444003,1533879,61.82177,38.79992,2021-07-05
6494,36494,42530,3860336,2450497,1570373,93.8,97.64832,61.98603,39.72304,2450497,1570373,61.98603,39.72304,2021-07-06
6563,32892,38913,3899249,2457060,1603265,91.7,98.63264,62.15205,40.55505,2457060,1603265,62.15205,40.55505,2021-07-07
5836,36434,41757,3941006,2462896,1639699,92.7,99.68889,62.29967,41.47666,2462896,1639699,62.29967,41.47666,2021-07-08
7053,30949,37268,3978274,2469949,1670648,93.5,100.6316,62.47808,42.25953,2469949,1670648,62.47808,42.25953,2021-07-09
4727,18056,22468,4000742,2474676,1688704,93.2,101.19993,62.59765,42.71626,2474676,1688704,62.59765,42.71626,2021-07-10
2666,9669,12228,4012970,2477342,1698373,93.5,101.50924,62.66509,42.96084,2477342,1698373,62.66509,42.96084,2021-07-11
13485,33353,45989,4058959,2490827,1731726,94.6,102.67255,63.00619,43.80451,2490827,1731726,63.00619,43.80451,2021-07-12
8304,41256,48930,4107889,2499131,1772982,95.7,103.91025,63.21625,44.8481,2499131,1772982,63.21625,44.8481,2021-07-13
14208,33131,46438,4154327,2513339,1806113,93.1,105.08491,63.57564,45.68615,2513339,1806113,63.57564,45.68615,2021-07-14
9526,36262,45056,4199383,2522865,1842375,94.1,106.22461,63.8166,46.60341,2522865,1842375,63.8166,46.60341,2021-07-15
13739,33873,46726,4246109,2536604,1876248,95.2,107.40656,64.16414,47.46024,2536604,1876248,64.16414,47.46024,2021-07-16
10162,21451,30936,4277045,2546766,1897699,95.8,108.1891,64.42119,48.00285,2546766,1897699,64.42119,48.00285,2021-07-17
6505,12740,18880,4295925,2553271,1910439,95.5,108.66667,64.58573,48.32511,2553271,1910439,64.58573,48.32511,2021-07-18
11656,38890,49670,4345595,2564927,1949329,95.7,109.92309,64.88057,49.30884,2564927,1949329,64.88057,49.30884,2021-07-19
8646,39049,47141,4392736,2573573,1988378,96.8,111.11553,65.09928,50.2966,2573573,1988378,65.09928,50.2966,2021-07-20
12662,33488,45205,4437941,2586235,2021866,94.5,112.25901,65.41957,51.14369,2586235,2021866,65.41957,51.14369,2021-07-21
9110,39447,47795,4485736,2595345,2061313,95.5,113.468,65.65001,52.14151,2595345,2061313,65.65001,52.14151,2021-07-22
14639,29976,43543,4529279,2609984,2091289,96.5,114.56943,66.0203,52.89976,2609984,2091289,66.0203,52.89976,2021-07-23
8446,18907,26831,4556110,2618430,2110196,97.0,115.24813,66.23395,53.37802,2618430,2110196,66.23395,53.37802,2021-07-24
4489,10086,14355,4570465,2622919,2120282,97.3,115.61124,66.3475,53.63315,2622919,2120282,66.3475,53.63315,2021-07-25
18003,31228,48202,4618667,2640922,2151510,98.4,116.83053,66.80289,54.42307,2640922,2151510,66.80289,54.42307,2021-07-26
14066,35602,48784,4667451,2654988,2187112,98.7,118.06453,67.15869,55.32363,2654988,2187112,67.15869,55.32363,2021-07-27
15551,30923,45482,4712933,2670539,2218035,96.7,119.21501,67.55206,56.10584,2670539,2218035,67.55206,56.10584,2021-07-28
13054,31007,43198,4756131,2683593,2249042,97.6,120.30772,67.88227,56.89017,2683593,2249042,67.88227,56.89017,2021-07-29
14029,23519,36560,4792691,2697622,2272561,98.3,121.23251,68.23713,57.48509,2697622,2272561,68.23713,57.48509,2021-07-30
8367,12258,20083,4812774,2705989,2284819,98.8,121.74052,68.44878,57.79516,2705989,2284819,68.44878,57.79516,2021-07-31
4441,8147,12452,4825226,2710430,2292966,99.0,122.0555,68.56112,58.00124,2710430,2292966,68.56112,58.00124,2021-08-01
15425,25820,39951,4865177,2725855,2318786,99.8,123.06607,68.9513,58.65437,2725855,2318786,68.9513,58.65437,2021-08-02
9958,27516,36620,4901797,2735813,2346302,99.4,123.99238,69.20319,59.35039,2735813,2346302,69.20319,59.35039,2021-08-03
13478,23115,35460,4937257,2749291,2369417,97.4,124.88935,69.54412,59.93509,2749291,2369417,69.54412,59.93509,2021-08-04
10362,25272,34659,4971916,2759653,2394689,98.1,125.76606,69.80623,60.57435,2759653,2394689,69.80623,60.57435,2021-08-05
9915,21495,30560,5002476,2769568,2416184,98.7,126.53909,70.05703,61.11808,2769568,2416184,70.05703,61.11808,2021-08-06
3858,6618,10156,5012632,2773426,2422802,98.9,126.79598,70.15462,61.28548,2773426,2422802,70.15462,61.28548,2021-08-07
1700,3488,5127,5017759,2775126,2426290,98.3,126.92567,70.19762,61.37371,2775126,2426290,70.19762,61.37371,2021-08-08
12203,17121,28157,5045916,2787329,2443411,98.8,127.63791,70.5063,61.80679,2787329,2443411,70.5063,61.80679,2021-08-09
15449,13778,27695,5073611,2802778,2457189,99.4,128.33847,70.89708,62.15531,2802778,2457189,70.89708,62.15531,2021-08-10
13325,12308,24256,5097867,2816103,2469497,97.3,128.95203,71.23414,62.46664,2816103,2469497,71.23414,62.46664,2021-08-11
12157,8871,19791,5117658,2828260,2478368,97.7,129.45265,71.54166,62.69104,2828260,2478368,71.54166,62.69104,2021-08-12
7901,6844,13853,5131511,2836161,2485212,97.2,129.80306,71.74152,62.86416,2836161,2485212,71.74152,62.86416,2021-08-13
528,597,1103,5132614,2836689,2485809,97.2,129.83096,71.75487,62.87926,2836689,2485809,71.75487,62.87926,2021-08-14
59,56,60,5132674,2836748,2485865,97.2,129.83248,71.75637,62.88068,2836748,2485865,71.75637,62.88068,2021-08-15
7722,5100,12128,5144802,2844470,2490965,97.5,130.13926,71.9517,63.00968,2844470,2490965,71.9517,63.00968,2021-08-16
10035,10812,20077,5164879,2854505,2501777,97.1,130.64712,72.20553,63.28318,2854505,2501777,72.20553,63.28318,2021-08-17
11754,9647,20376,5185255,2866259,2511424,93.6,131.16253,72.50286,63.5272,2866259,2511424,72.50286,63.5272,2021-08-18
9654,9216,18084,5203339,2875913,2520640,93.9,131.61997,72.74706,63.76032,2875913,2520640,72.74706,63.76032,2021-08-19
9197,9839,18230,5221569,2885110,2530479,94.3,132.08111,72.9797,64.0092,2885110,2530479,72.9797,64.0092,2021-08-20
2233,2353,4338,5225907,2887343,2532832,94.3,132.19084,73.03618,64.06872,2887343,2532832,73.03618,64.06872,2021-08-21
556,953,1482,5227389,2887899,2533785,94.4,132.22833,73.05025,64.09283,2887899,2533785,73.05025,64.09283,2021-08-22
11673,19949,30601,5257990,2899572,2553734,94.9,133.00239,73.34552,64.59744,2899572,2553734,73.34552,64.59744,2021-08-23
10262,16009,25367,5283357,2909834,2569743,93.6,133.64405,73.6051,65.0024,2909834,2569743,73.6051,65.0024,2021-08-24
11409,15909,25971,5309328,2921243,2585652,94.1,134.301,73.89369,65.40482,2921243,2585652,73.89369,65.40482,2021-08-25
9649,11800,20457,5329785,2930892,2597452,90.6,134.81846,74.13777,65.7033,2930892,2597452,74.13777,65.7033,2021-08-26
11066,14288,24100,5353885,2941958,2611740,91.1,135.42808,74.41768,66.06472,2941958,2611740,74.41768,66.06472,2021-08-27
2218,3753,5771,5359656,2944176,2615493,91.2,135.57406,74.47379,66.15966,2944176,2615493,74.47379,66.15966,2021-08-28
452,870,1294,5360950,2944628,2616363,91.2,135.60679,74.48522,66.18166,2944628,2616363,74.48522,66.18166,2021-08-29
12700,17390,28800,5389750,2957328,2633753,91.7,136.33529,74.80647,66.62155,2957328,2633753,74.80647,66.62155,2021-08-30
9244,16810,25076,5414826,2966572,2650563,92.1,136.9696,75.0403,67.04676,2966572,2650563,75.0403,67.04676,2021-08-31
11082,15211,25052,5439878,2977654,2665774,92.5,137.6033,75.32062,67.43153,2977654,2665774,75.32062,67.43153,2021-09-01
8414,16081,23410,5463288,2986068,2681855,90.8,138.19546,75.53346,67.8383,2986068,2681855,75.53346,67.8383,2021-09-02
9774,13197,21630,5484918,2995842,2695052,91.2,138.7426,75.78069,68.17212,2995842,2695052,75.78069,68.17212,2021-09-03
1839,3926,5562,5490480,2997681,2698978,91.3,138.88329,75.82721,68.27143,2997681,2698978,75.82721,68.27143,2021-09-04
1085,2254,3209,5493689,2998766,2701232,91.3,138.96446,75.85466,68.32845,2998766,2701232,75.85466,68.32845,2021-09-05
8181,14769,21939,5515628,3006947,2716001,91.7,139.51941,76.0616,68.70204,3006947,2716001,76.0616,68.70204,2021-09-06
7899,16025,22892,5538520,3014846,2732026,90.4,140.09847,76.26141,69.10739,3014846,2732026,76.26141,69.10739,2021-09-07
6740,12918,18843,5557363,3021586,2744944,88.7,140.57511,76.4319,69.43416,3021586,2744944,76.4319,69.43416,2021-09-08
5990,13572,18686,5576049,3027576,2758516,89.0,141.04778,76.58342,69.77746,3027576,2758516,76.58342,69.77746,2021-09-09
7388,13482,19721,5595770,3034964,2771998,89.3,141.54663,76.7703,70.1185,3034964,2771998,76.7703,70.1185,2021-09-10
1367,3476,4631,5600401,3036331,2775474,89.4,141.66377,76.80488,70.20642,3036331,2775474,76.80488,70.20642,2021-09-11
458,832,1235,5601636,3036789,2776306,89.4,141.69501,76.81646,70.22747,3036789,2776306,76.81646,70.22747,2021-09-12
6221,14474,19911,5621547,3043010,2790780,89.7,142.19867,76.97382,70.59359,3043010,2790780,76.97382,70.59359,2021-09-13
5137,17642,22017,5643564,3048147,2808422,90.1,142.75559,77.10377,71.03985,3048147,2808422,77.10377,71.03985,2021-09-14
4713,11833,15882,5659446,3052860,2820255,89.7,143.15733,77.22298,71.33917,3052860,2820255,77.22298,71.33917,2021-09-15
4675,14098,18095,5677541,3057535,2834353,88.8,143.61505,77.34124,71.69578,3057535,2834353,77.34124,71.69578,2021-09-16
5000,11072,15403,5692944,3062535,2845425,89.4,144.00467,77.46771,71.97585,3062535,2845425,77.46771,71.97585,2021-09-17
1044,2327,3247,5696191,3063579,2847752,89.4,144.08681,77.49412,72.03472,3063579,2847752,77.49412,72.03472,2021-09-18
250,418,627,5696818,3063829,2848170,89.4,144.10267,77.50045,72.04529,3063829,2848170,77.50045,72.04529,2021-09-19
6874,10376,16372,5713190,3070703,2858546,89.7,144.5168,77.67433,72.30775,3070703,2858546,77.67433,72.30775,2021-09-20
6252,15787,21325,5734515,3076955,2874333,90.0,145.05623,77.83247,72.70709,3076955,2874333,77.83247,72.70709,2021-09-21
5420,11723,16457,5750972,3082375,2886056,88.6,145.47251,77.96957,73.00363,3082375,2886056,77.96957,73.00363,2021-09-22
6426,12295,17869,5768841,3088801,2898351,88.9,145.92451,78.13212,73.31463,3088801,2898351,78.13212,73.31463,2021-09-23
4895,10770,15031,5783872,3093696,2909121,89.2,146.30472,78.25594,73.58706,3093696,2909121,78.25594,73.58706,2021-09-24
1065,1398,2288,5786160,3094761,2910519,89.2,146.3626,78.28288,73.62242,3094761,2910519,78.28288,73.62242,2021-09-25
370,586,929,5787089,3095131,2911105,89.2,146.3861,78.29224,73.63725,3095131,2911105,78.29224,73.63725,2021-09-26
5503,9191,13999,5801088,3100634,2920296,89.4,146.74021,78.43144,73.86974,3100634,2920296,78.43144,73.86974,2021-09-27
5531,10541,15312,5816400,3106165,2930837,89.7,147.12753,78.57135,74.13637,3106165,2930837,78.57135,74.13637,2021-09-28
4527,7485,11438,5827838,3110692,2938322,85.7,147.41686,78.68586,74.32571,3110692,2938322,78.68586,74.32571,2021-09-29
5162,8958,13365,5841203,3115854,2947280,85.9,147.75493,78.81643,74.5523,3115854,2947280,78.81643,74.5523,2021-09-30
3893,6269,9640,5850843,3119747,2953549,86.0,147.99878,78.91491,74.71088,3119747,2953549,78.91491,74.71088,2021-10-01
410,879,1230,5852073,3120157,2954428,86.0,148.02989,78.92528,74.73312,3120157,2954428,78.92528,74.73312,2021-10-02
203,285,459,5852532,3120360,2954713,86.0,148.0415,78.93041,74.74032,3120360,2954713,78.93041,74.74032,2021-10-03
3527,6839,9908,5862440,3123887,2961552,86.2,148.29213,79.01963,74.91332,3123887,2961552,79.01963,74.91332,2021-10-04
3801,7037,10279,5872719,3127688,2968589,86.3,148.55214,79.11578,75.09132,3127688,2968589,79.11578,75.09132,2021-10-05
3059,4070,6745,5879464,3130747,2972659,85.5,148.72275,79.19316,75.19427,3130747,2972659,79.19316,75.19427,2021-10-06
3991,6123,9484,5888948,3134738,2978782,85.6,148.96265,79.29411,75.34916,3134738,2978782,79.29411,75.34916,2021-10-07
4082,5621,9141,5898089,3138820,2984403,85.8,149.19388,79.39736,75.49134,3138820,2984403,79.39736,75.49134,2021-10-08
936,1109,1904,5899993,3139756,2985512,85.8,149.24204,79.42104,75.51939,3139756,2985512,79.42104,75.51939,2021-10-09
33,83,115,5900108,3139789,2985595,85.8,149.24495,79.42188,75.52149,3139789,2985595,79.42188,75.52149,2021-10-10
3640,5717,8931,5909039,3143429,2991312,85.9,149.47086,79.51395,75.66611,3143429,2991312,79.51395,75.66611,2021-10-11
4396,6258,10122,5919161,3147825,2997570,86.1,149.7269,79.62515,75.82441,3147825,2997570,79.62515,75.82441,2021-10-12
3759,4160,7546,5926707,3151584,3001730,86.2,149.91778,79.72023,75.92963,3151584,3001730,79.72023,75.92963,2021-10-13
6073,7175,12631,5939338,3157657,3008905,86.4,150.23728,79.87385,76.11113,3157657,3008905,79.87385,76.11113,2021-10-14
3969,4421,8049,5947387,3161626,3013326,86.5,150.44088,79.97425,76.22296,3161626,3013326,79.97425,76.22296,2021-10-15
697,696,1311,5948698,3162323,3014022,86.5,150.47405,79.99188,76.24056,3162323,3014022,79.99188,76.24056,2021-10-16
61,26,78,5948776,3162384,3014048,86.5,150.47602,79.99342,76.24122,3162384,3014048,79.99342,76.24122,2021-10-17
4324,6280,10152,5958928,3166708,3020328,86.7,150.73282,80.1028,76.40008,3166708,3020328,80.1028,76.40008,2021-10-18
3845,6849,10252,5969180,3170553,3027177,86.8,150.99214,80.20006,76.57332,3170553,3027177,80.20006,76.57332,2021-10-19
2659,4528,6899,5976079,3173212,3031705,86.9,151.16666,80.26732,76.68786,3173212,3031705,80.26732,76.68786,2021-10-20
3053,6453,9098,5985177,3176265,3038158,87.0,151.39679,80.34455,76.85109,3176265,3038158,80.34455,76.85109,2021-10-21
2642,4215,6446,5991623,3178907,3042373,87.1,151.55985,80.41138,76.95771,3178907,3042373,80.41138,76.95771,2021-10-22
245,457,662,5992285,3179152,3042830,87.1,151.57659,80.41757,76.96927,3179152,3042830,80.41757,76.96927,2021-10-23
107,160,244,5992529,3179259,3042990,87.1,151.58276,80.42028,76.97332,3179259,3042990,80.42028,76.97332,2021-10-24
2272,4755,6739,5999268,3181531,3047745,87.2,151.75323,80.47775,77.0936,3181531,3047745,80.47775,77.0936,2021-10-25
2140,4996,6834,6006102,3183671,3052741,87.3,151.9261,80.53188,77.21997,3183671,3052741,80.53188,77.21997,2021-10-26
1906,3182,4812,6010914,3185577,3055923,87.4,152.04782,80.5801,77.30046,3185577,3055923,80.5801,77.30046,2021-10-27
2069,4904,6693,6017607,3187646,3060827,87.5,152.21712,80.63243,77.42451,3187646,3060827,80.63243,77.42451,2021-10-28
1623,4089,5497,6023104,3189269,3064916,87.6,152.35617,80.67349,77.52794,3189269,3064916,80.67349,77.52794,2021-10-29
206,440,594,6023698,3189475,3065356,87.6,152.37119,80.6787,77.53907,3189475,3065356,80.6787,77.53907,2021-10-30
1,2,3,6023701,3189476,3065358,87.6,152.37127,80.67872,77.53912,3189476,3065358,80.67872,77.53912,2021-10-31
0,0,0,6023701,3189476,3065358,87.6,152.37127,80.67872,77.53912,3189476,3065358,80.67872,77.53912,2021-11-01
1599,4392,5819,6029520,3191075,3069750,87.7,152.51846,80.71917,77.65022,3191075,3069750,80.71917,77.65022,2021-11-02
1251,3538,4609,6034129,3192326,3073288,87.8,152.63505,80.75081,77.73971,3192326,3073288,80.75081,77.73971,2021-11-03
1545,4078,5448,6039577,3193871,3077366,87.8,152.77286,80.7899,77.84287,3193871,3077366,80.7899,77.84287,2021-11-04
1203,3311,4375,6043952,3195074,3080677,87.9,152.88352,80.82033,77.92662,3195074,3080677,80.82033,77.92662,2021-11-05
299,379,643,6044595,3195373,3081056,87.9,152.89979,80.82789,77.93621,3195373,3081056,80.82789,77.93621,2021-11-06
25,18,41,6044636,3195398,3081074,87.9,152.90083,80.82852,77.93666,3195398,3081074,80.82852,77.93666,2021-11-07
1500,3669,5009,6049645,3196898,3084743,88.0,153.02753,80.86646,78.02947,3196898,3084743,80.86646,78.02947,2021-11-08
1835,3746,5408,6055053,3198733,3088489,88.1,153.16433,80.91288,78.12423,3198733,3088489,80.91288,78.12423,2021-11-09
1556,2477,3911,6058964,3200289,3090966,88.1,153.26326,80.95224,78.18688,3200289,3090966,80.95224,78.18688,2021-11-10
1541,3478,4879,6063843,3201830,3094444,88.2,153.38667,80.99122,78.27486,3201830,3094444,80.99122,78.27486,2021-11-11
1221,2333,3459,6067302,3203051,3096777,88.2,153.47417,81.02211,78.33388,3203051,3096777,81.02211,78.33388,2021-11-12
239,343,565,6067867,3203290,3097120,88.2,153.48846,81.02815,78.34255,3203290,3097120,81.02815,78.34255,2021-11-13
0,2,2,6067869,3203290,3097122,88.2,153.48851,81.02815,78.3426,3203290,3097122,81.02815,78.3426,2021-11-14
1436,2564,3891,6071760,3204726,3099686,88.3,153.58694,81.06448,78.40746,3204726,3099686,81.06448,78.40746,2021-11-15
1519,3541,4973,6076733,3206245,3103227,88.4,153.71273,81.1029,78.49703,3206245,3103227,81.1029,78.49703,2021-11-16
1259,1955,3139,6079872,3207504,3105182,88.4,153.79213,81.13475,78.54648,3207504,3105182,81.13475,78.54648,2021-11-17
1590,3410,4935,6084807,3209094,3108592,88.5,153.91696,81.17497,78.63274,3209094,3108592,81.17497,78.63274,2021-11-18
1140,2031,3100,6087907,3210234,3110623,88.5,153.99538,81.2038,78.68411,3210234,3110623,81.2038,78.68411,2021-11-19
308,310,604,6088511,3210542,3110933,88.5,154.01066,81.21159,78.69196,3210542,3110933,81.21159,78.69196,2021-11-20
6,7,12,6088523,3210548,3110940,88.5,154.01096,81.21175,78.69213,3210548,3110940,81.21175,78.69213,2021-11-21
1394,1575,2902,6091425,3211942,3112515,86.9,154.08437,81.24701,78.73197,3211942,3112515,81.24701,78.73197,2021-11-22
1783,2329,4033,6095458,3213725,3114844,87.0,154.18638,81.29211,78.79089,3213725,3114844,81.29211,78.79089,2021-11-23
1317,1737,3025,6098483,3215042,3116581,87.0,154.2629,81.32542,78.83482,3215042,3116581,81.32542,78.83482,2021-11-24
1965,2186,4088,6102571,3217007,3118767,87.1,154.36631,81.37513,78.89012,3217007,3118767,81.37513,78.89012,2021-11-25
1607,1639,3184,6105755,3218614,3120406,87.1,154.44685,81.41578,78.93158,3218614,3120406,81.41578,78.93158,2021-11-26
931,481,1392,6107147,3219545,3120887,87.1,154.48206,81.43933,78.94374,3219545,3120887,81.43933,78.94374,2021-11-27
237,75,309,6107456,3219782,3120962,87.1,154.48988,81.44532,78.94564,3219782,3120962,81.44532,78.94564,2021-11-28
1790,1523,3249,6110705,3221572,3122485,87.2,154.57206,81.4906,78.98417,3221572,3122485,81.4906,78.98417,2021-11-29
2117,2088,4150,6114855,3223689,3124573,87.2,154.67704,81.54415,79.03698,3223689,3124573,81.54415,79.03698,2021-11-30
1901,1468,3336,6118191,3225590,3126041,85.0,154.76142,81.59224,79.07412,3225590,3126041,81.59224,79.07412,2021-12-01
2316,1956,4220,6122411,3227906,3127997,84.4,154.86817,81.65082,79.12359,3227906,3127997,81.65082,79.12359,2021-12-02
1877,1586,3419,6125830,3229783,3129583,84.5,154.95465,81.6983,79.16371,3229783,3129583,81.6983,79.16371,2021-12-03
1325,679,1992,6127822,3231108,3130262,84.5,155.00504,81.73182,79.18089,3231108,3130262,81.73182,79.18089,2021-12-04
577,166,724,6128546,3231685,3130428,84.5,155.02335,81.74641,79.18509,3231685,3130428,81.74641,79.18509,2021-12-05
2727,1639,4324,6132870,3234412,3132067,84.6,155.13273,81.81539,79.22655,3234412,3132067,81.81539,79.22655,2021-12-06
2574,1845,4377,6137247,3236986,3133912,84.6,155.24345,81.8805,79.27322,3236986,3133912,81.8805,79.27322,2021-12-07
472,131,599,6137846,3237458,3134043,84.6,155.2586,81.89244,79.27653,3237458,3134043,81.89244,79.27653,2021-12-08
2600,2631,5193,6143039,3240058,3136674,84.7,155.38996,81.95821,79.34308,3240058,3136674,81.95821,79.34308,2021-12-09
2309,1958,4223,6147262,3242367,3138632,84.2,155.49678,82.01662,79.39261,3242367,3138632,82.01662,79.39261,2021-12-10
1466,745,2200,6149462,3243833,3139377,84.2,155.55243,82.0537,79.41145,3243833,3139377,82.0537,79.41145,2021-12-11
700,296,983,6150445,3244533,3139673,84.2,155.5773,82.07141,79.41894,3244533,3139673,82.07141,79.41894,2021-12-12
2051,1525,3551,6153996,3246584,3141198,84.2,155.66712,82.12329,79.45752,3246584,3141198,82.12329,79.45752,2021-12-13
2283,2092,4350,6158346,3248867,3143290,84.3,155.77715,82.18104,79.51043,3248867,3143290,82.18104,79.51043,2021-12-14
2005,1741,3709,6162055,3250872,3145031,82.0,155.87097,82.23175,79.55447,3250872,3145031,82.23175,79.55447,2021-12-15
3842,1898,5714,6167769,3254714,3146929,81.0,156.01551,82.32894,79.60248,3254714,3146929,82.32894,79.60248,2021-12-16
2439,1467,3884,6171653,3257153,3148396,81.0,156.11376,82.39063,79.63959,3257153,3148396,82.39063,79.63959,2021-12-17
0,0,0,6171653,3257153,3148396,81.0,156.11376,82.39063,79.63959,3257153,3148396,82.39063,79.63959,2021-12-18
3213,1390,298640,6470293,3260366,3149786,96.7,163.66794,82.47191,79.67475,3260366,3149786,82.47191,79.67475,2021-12-19
3213,1391,298641,6768934,3263579,3151177,96.7,171.22215,82.55318,79.70994,3263579,3151177,82.55318,79.70994,2021-12-20
3213,1390,298641,7067575,3266792,3152567,96.7,178.77637,82.63445,79.7451,3266792,3152567,82.63445,79.7451,2021-12-21
3213,1391,298641,7366216,3270005,3153958,96.7,186.33058,82.71573,79.78029,3270005,3153958,82.71573,79.78029,2021-12-22
5886,2935,64168,7430384,3275891,3156893,96.3,187.95372,82.86462,79.85453,3275891,3156893,82.86462,79.85453,2021-12-23
2738,1016,28131,7458515,3278629,3157909,96.6,188.66531,82.93387,79.88023,3278629,3157909,82.93387,79.88023,2021-12-24
86,24,2411,7460926,3278715,3157933,96.7,188.72629,82.93605,79.88083,3278715,3157933,82.93605,79.88083,2021-12-25
107,80,2899,7463825,3278822,3158013,96.7,188.79962,82.93876,79.88286,3278822,3158013,82.93876,79.88286,2021-12-26
1801,1423,23162,7486987,3280623,3159436,97.0,189.38551,82.98431,79.91885,3280623,3159436,82.98431,79.91885,2021-12-27
5180,2957,51081,7538068,3285803,3162393,97.7,190.67762,83.11534,79.99365,3285803,3162393,83.11534,79.99365,2021-12-28
6831,2460,57067,7595135,3292634,3164853,98.4,192.12115,83.28813,80.05588,3292634,3164853,83.28813,80.05588,2021-12-29
4696,917,28351,7623486,3297330,3165770,98.8,192.8383,83.40692,80.07907,3297330,3165770,83.40692,80.07907,2021-12-30
8190,2463,60873,7684359,3305520,3168233,99.5,194.3781,83.61409,80.14138,3305520,3168233,83.61409,80.14138,2021-12-31
207,75,2590,7686949,3305727,3168308,99.6,194.44361,83.61933,80.14327,3305727,3168308,83.61933,80.14327,2022-01-01
799,315,9857,7696806,3306526,3168623,99.7,194.69295,83.63954,80.15124,3306526,3168623,83.63954,80.15124,2022-01-02
2633,1556,23480,7720286,3309159,3170179,99.0,195.28688,83.70614,80.1906,3309159,3170179,83.70614,80.1906,2022-01-03
8697,2602,54481,7774767,3317856,3172781,99.7,196.66499,83.92613,80.25642,3317856,3172781,83.92613,80.25642,2022-01-04
8523,2837,60513,7835280,3326379,3175618,97.8,198.19569,84.14172,80.32818,3326379,3175618,84.14172,80.32818,2022-01-05
7676,1135,33255,7868535,3334055,3176753,98.2,199.03688,84.33589,80.35689,3334055,3176753,84.33589,80.35689,2022-01-06
3772,1529,27909,7896444,3337827,3178282,98.5,199.74285,84.4313,80.39557,3337827,3178282,84.4313,80.39557,2022-01-07
7412,2299,51014,7947458,3345239,3180581,99.2,201.03326,84.61879,80.45372,3345239,3180581,84.61879,80.45372,2022-01-08
3358,602,20208,7967666,3348597,3181183,99.4,201.54443,84.70374,80.46895,3348597,3181183,84.70374,80.46895,2022-01-09
9518,5094,35319,8002985,3358115,3186277,99.8,202.43783,84.9445,80.5978,3358115,3186277,84.9445,80.5978,2022-01-10
6566,4834,53546,8056531,3364681,3191111,100.5,203.7923,85.11058,80.72008,3364681,3191111,85.11058,80.72008,2022-01-11
6442,4988,56884,8113415,3371123,3196099,98.8,205.23119,85.27354,80.84625,3371123,3196099,85.27354,80.84625,2022-01-12
6392,4822,56791,8170206,3377515,3200921,98.4,206.66774,85.43522,80.96823,3377515,3200921,85.43522,80.96823,2022-01-13
6525,4893,55149,8225355,3384040,3205814,99.1,208.06275,85.60028,81.092,3384040,3205814,85.60028,81.092,2022-01-14
9342,4052,64252,8289607,3393382,3209866,99.8,209.68802,85.83658,81.19449,3393382,3209866,85.83658,81.19449,2022-01-15
4667,898,27708,8317315,3398049,3210764,100.2,210.3889,85.95464,81.21721,3398049,3210764,85.95464,81.21721,2022-01-16
3021,1514,26854,8344169,3401070,3212278,100.5,211.06818,86.03106,81.25551,3401070,3212278,86.03106,81.25551,2022-01-17
4911,4883,44167,8388336,3405981,3217161,101.0,212.1854,86.15528,81.37902,3405981,3217161,86.15528,81.37902,2022-01-18
4512,5133,48042,8436378,3410493,3222294,99.8,213.40064,86.26941,81.50886,3410493,3222294,86.26941,81.50886,2022-01-19
4278,6818,45446,8481824,3414771,3229112,99.6,214.55021,86.37763,81.68133,3414771,3229112,86.37763,81.68133,2022-01-20
4575,5353,47387,8529211,3419346,3234465,100.2,215.74887,86.49335,81.81673,3419346,3234465,86.49335,81.81673,2022-01-21
2414,3086,44428,8573639,3421760,3237551,100.7,216.87269,86.55441,81.89479,3421760,3237551,86.55441,81.89479,2022-01-22
3592,3530,16105,8589744,3425352,3241081,100.9,217.28007,86.64528,81.98409,3425352,3241081,86.64528,81.98409,2022-01-23
1076,1725,18934,8608678,3426428,3242806,101.1,217.75901,86.67249,82.02772,3426428,3242806,86.67249,82.02772,2022-01-24
3116,6882,38053,8646731,3429544,3249688,100.8,218.72158,86.75131,82.2018,3429544,3249688,86.75131,82.2018,2022-01-25
3126,6375,42608,8689339,3432670,3256063,100.6,219.79936,86.83039,82.36306,3432670,3256063,86.83039,82.36306,2022-01-26
2649,6176,36852,8726191,3435319,3262239,100.3,220.73154,86.89739,82.51928,3435319,3262239,86.89739,82.51928,2022-01-27
3014,5909,40904,8767095,3438333,3268148,100.8,221.76622,86.97363,82.66875,3438333,3268148,86.97363,82.66875,2022-01-28
2757,7890,40129,8807224,3441090,3276038,101.2,222.78129,87.04337,82.86833,3441090,3276038,87.04337,82.86833,2022-01-29
828,3780,13277,8820501,3441918,3279818,101.4,223.11714,87.06432,82.96395,3441918,3279818,87.06432,82.96395,2022-01-30
993,2912,17118,8837619,3442911,3282730,101.6,223.55014,87.08944,83.03761,3442911,3282730,87.08944,83.03761,2022-01-31
1402,4516,15926,8853545,3444313,3287246,101.8,223.953,87.1249,83.15184,3444313,3287246,87.1249,83.15184,2022-02-01
3009,7713,44871,8898416,3447322,3294959,100.5,225.08802,87.20101,83.34695,3447322,3294959,87.20101,83.34695,2022-02-02
2141,5750,29862,8928278,3449463,3300709,100.1,225.84339,87.25517,83.49239,3449463,3300709,87.25517,83.49239,2022-02-03
1435,4664,15317,8943595,3450898,3305373,100.3,226.23084,87.29147,83.61037,3450898,3305373,87.29147,83.61037,2022-02-04
2861,9723,41986,8985581,3453759,3315096,100.7,227.29289,87.36384,83.85632,3453759,3315096,87.36384,83.85632,2022-02-05
594,3052,7190,8992771,3454353,3318148,100.8,227.47476,87.37886,83.93352,3454353,3318148,87.37886,83.93352,2022-02-06
698,2504,12113,9004884,3455051,3320652,101.0,227.78116,87.39652,83.99686,3455051,3320652,87.39652,83.99686,2022-02-07
1537,6549,21150,9026034,3456588,3327201,101.2,228.31616,87.4354,84.16252,3456588,3327201,87.4354,84.16252,2022-02-08
1505,6341,22445,9048479,3458093,3333542,99.4,228.88391,87.47347,84.32291,3458093,3333542,87.47347,84.32291,2022-02-09
1230,4661,18079,9066558,3459323,3338203,99.6,229.34122,87.50458,84.44082,3459323,3338203,87.50458,84.44082,2022-02-10
1393,5605,19829,9086387,3460716,3343808,99.8,229.8428,87.53982,84.5826,3460716,3343808,87.53982,84.5826,2022-02-11
1315,5763,18558,9104945,3462031,3349571,100.0,230.31223,87.57308,84.72837,3462031,3349571,87.57308,84.72837,2022-02-12
255,1632,3769,9108714,3462286,3351203,100.1,230.40757,87.57953,84.76965,3462286,3351203,87.57953,84.76965,2022-02-13
435,2662,8164,9116878,3462721,3353865,100.1,230.61408,87.59054,84.83699,3462721,3353865,87.59054,84.83699,2022-02-14
463,1987,5579,9122457,3463184,3355852,100.2,230.7552,87.60225,84.88725,3463184,3355852,87.60225,84.88725,2022-02-15
1167,5611,20445,9142902,3464351,3361463,86.3,231.27237,87.63177,85.02918,3464351,3361463,87.63177,85.02918,2022-02-16
679,3547,10991,9153893,3465030,3365010,99.4,231.55039,87.64894,85.11891,3465030,3365010,87.64894,85.11891,2022-02-17
771,4070,12488,9166381,3465801,3369080,99.5,231.86627,87.66844,85.22186,3465801,3369080,87.66844,85.22186,2022-02-18
539,2885,9363,9175744,3466340,3371965,99.6,232.10311,87.68208,85.29484,3466340,3371965,87.68208,85.29484,2022-02-19
110,652,1519,9177263,3466450,3372617,99.7,232.14154,87.68486,85.31133,3466450,3372617,87.68486,85.31133,2022-02-20
276,1541,5386,9182649,3466726,3374158,99.7,232.27778,87.69184,85.35031,3466726,3374158,87.69184,85.35031,2022-02-21
490,2540,8129,9190778,3467216,3376698,99.8,232.4834,87.70424,85.41456,3467216,3376698,87.70424,85.41456,2022-02-22
521,2905,10146,9200924,3467737,3379603,98.7,232.74005,87.71742,85.48804,3467737,3379603,87.71742,85.48804,2022-02-23
435,2229,7513,9208437,3468172,3381832,98.7,232.93009,87.72842,85.54442,3468172,3381832,87.72842,85.54442,2022-02-24
553,3404,9366,9217803,3468725,3385236,98.8,233.16701,87.74241,85.63053,3468725,3385236,87.74241,85.63053,2022-02-25
362,2203,7253,9225056,3469087,3387439,98.9,233.35048,87.75156,85.68625,3469087,3387439,87.75156,85.68625,2022-02-26
139,712,1364,9226420,3469226,3388151,98.9,233.38498,87.75508,85.70427,3469226,3388151,87.75508,85.70427,2022-02-27
185,1416,4935,9231355,3469411,3389567,99.0,233.50981,87.75976,85.74008,3469411,3389567,87.75976,85.74008,2022-02-28
259,1979,6031,9237386,3469670,3391546,98.3,233.66237,87.76631,85.79014,3469670,3391546,87.76631,85.79014,2022-03-01
241,1643,5753,9243139,3469911,3393189,96.9,233.80789,87.77241,85.8317,3469911,3393189,87.77241,85.8317,2022-03-02
360,1674,5101,9248240,3470271,3394863,97.0,233.93692,87.78151,85.87405,3470271,3394863,87.78151,85.87405,2022-03-03
395,2296,6910,9255150,3470666,3397159,97.0,234.11171,87.79151,85.93213,3470666,3397159,87.79151,85.93213,2022-03-04
238,1517,4667,9259817,3470904,3398676,97.1,234.22976,87.79753,85.9705,3470904,3398676,87.79753,85.9705,2022-03-05
26,285,645,9260462,3470930,3398961,97.1,234.24608,87.79818,85.97771,3470930,3398961,87.79818,85.97771,2022-03-06
2,118,22,9260484,3470932,3399079,97.1,234.24664,87.79823,85.98069,3470932,3399079,87.79823,85.98069,2022-03-07
320,1830,6676,9267160,3471252,3400909,97.2,234.41551,87.80633,86.02698,3471252,3400909,87.80633,86.02698,2022-03-08
246,1248,4703,9271863,3471498,3402157,95.8,234.53447,87.81255,86.05855,3471498,3402157,87.81255,86.05855,2022-03-09
196,1018,3952,9275815,3471694,3403175,95.8,234.63444,87.81751,86.0843,3471694,3403175,87.81751,86.0843,2022-03-10
279,1530,5738,9281553,3471973,3404705,95.9,234.77958,87.82457,86.123,3471973,3404705,87.82457,86.123,2022-03-11
65,460,1649,9283202,3472038,3405165,95.9,234.8213,87.82621,86.13464,3472038,3405165,87.82621,86.13464,2022-03-12
80,521,2225,9285427,3472118,3405686,95.9,234.87758,87.82823,86.14782,3472118,3405686,87.82823,86.14782,2022-03-13
100,608,2675,9288102,3472218,3406294,96.0,234.94524,87.83076,86.1632,3472218,3406294,87.83076,86.1632,2022-03-14
147,716,3289,9291391,3472365,3407010,96.0,235.02844,87.83448,86.18131,3472365,3407010,87.83448,86.18131,2022-03-15
214,810,4301,9295692,3472579,3407820,96.0,235.13723,87.8399,86.2018,3472579,3407820,87.8399,86.2018,2022-03-16
177,719,3364,9299056,3472756,3408539,96.1,235.22233,87.84437,86.21999,3472756,3408539,87.84437,86.21999,2022-03-17
248,1039,4877,9303933,3473004,3409578,96.1,235.34569,87.85065,86.24627,3473004,3409578,87.85065,86.24627,2022-03-18
85,492,2605,9306538,3473089,3410070,96.1,235.41159,87.8528,86.25871,3473089,3410070,87.8528,86.25871,2022-03-19
10,124,324,9306862,3473099,3410194,96.2,235.41978,87.85305,86.26185,3473099,3410194,87.85305,86.26185,2022-03-20
75,376,2071,9308933,3473174,3410570,96.2,235.47217,87.85495,86.27136,3473174,3410570,87.85495,86.27136,2022-03-21
94,414,2434,9311367,3473268,3410984,96.2,235.53374,87.85732,86.28183,3473268,3410984,87.85732,86.28183,2022-03-22
117,557,3160,9314527,3473385,3411541,96.2,235.61367,87.86028,86.29592,3473385,3411541,87.86028,86.29592,2022-03-23
-3,550,2578,9317105,3473382,3412091,96.3,235.67888,87.86021,86.30983,3473382,3412091,87.86021,86.30983,2022-03-24
320,895,4291,9321396,3473702,3412986,96.3,235.78742,87.8683,86.33247,3473702,3412986,87.8683,86.33247,2022-03-25
91,391,2165,9323561,3473793,3413377,96.3,235.84219,87.8706,86.34236,3473793,3413377,87.8706,86.34236,2022-03-26
4,81,178,9323739,3473797,3413458,96.3,235.84669,87.87071,86.34441,3473797,3413458,87.87071,86.34441,2022-03-27
77,306,1688,9325427,3473874,3413764,96.3,235.88939,87.87265,86.35215,3473874,3413764,87.87265,86.35215,2022-03-28
84,400,2349,9327776,3473958,3414164,96.4,235.94881,87.87478,86.36227,3473958,3414164,87.87478,86.36227,2022-03-29
105,302,1935,9329711,3474063,3414466,96.4,235.99775,87.87743,86.36991,3474063,3414466,87.87743,86.36991,2022-03-30
210,570,3683,9333394,3474273,3415036,96.4,236.09092,87.88275,86.38433,3474273,3415036,87.88275,86.38433,2022-03-31
105,499,2887,9336281,3474378,3415535,96.5,236.16394,87.8854,86.39695,3474378,3415535,87.8854,86.39695,2022-04-01
33,259,1010,9337291,3474411,3415794,96.5,236.18949,87.88624,86.4035,3474411,3415794,87.88624,86.4035,2022-04-02
1,56,144,9337435,3474412,3415850,96.5,236.19313,87.88626,86.40492,3474412,3415850,87.88626,86.40492,2022-04-03
29,183,843,9338278,3474441,3416033,96.5,236.21446,87.887,86.40955,3474441,3416033,87.887,86.40955,2022-04-04
42,230,1405,9339683,3474483,3416263,96.5,236.25,87.88806,86.41537,3474483,3416263,87.88806,86.41537,2022-04-05
128,331,1959,9341642,3474611,3416594,96.5,236.29955,87.8913,86.42374,3474611,3416594,87.8913,86.42374,2022-04-06
86,284,1425,9343067,3474697,3416878,96.5,236.3356,87.89347,86.43092,3474697,3416878,87.89347,86.43092,2022-04-07
96,377,2133,9345200,3474793,3417255,96.5,236.38955,87.8959,86.44046,3474793,3417255,87.8959,86.44046,2022-04-08
47,176,963,9346163,3474840,3417431,96.6,236.41391,87.89709,86.44491,3474840,3417431,87.89709,86.44491,2022-04-09
3,13,97,9346260,3474843,3417444,96.6,236.41637,87.89716,86.44524,3474843,3417444,87.89716,86.44524,2022-04-10
47,154,1120,9347380,3474890,3417598,96.6,236.4447,87.89835,86.44914,3474890,3417598,87.89835,86.44914,2022-04-11
48,306,1155,9348535,3474938,3417904,96.6,236.47391,87.89957,86.45688,3474938,3417904,87.89957,86.45688,2022-04-12
99,299,2017,9350552,3475037,3418203,96.6,236.52493,87.90207,86.46444,3475037,3418203,87.90207,86.46444,2022-04-13
0,0,0,9350552,3475037,3418203,96.6,236.52493,87.90207,86.46444,3475037,3418203,87.90207,86.46444,2022-04-14
