delta_1d,delta_2d,delta_all,sum_doses,sum_1d,sum_2d,perc_doses,perc_inh_tot,perc_inh_1d,perc_inh_2d,sum_monotone_1d,sum_monotone_2d,perc_inh_monotone_1d,perc_inh_monotone_2d,date
0,0,0,0,0,0,0,0,0,0,0,0,0,0,2020-12-26
510,0,510,510,510,0,101.0,0.0129,0.0129,0.0,510,0,0.0129,0.0,2020-12-27
0,0,0,510,510,0,101.0,0.0129,0.0129,0.0,510,0,0.0129,0.0,2020-12-28
0,0,0,510,510,0,101.0,0.0129,0.0129,0.0,510,0,0.0129,0.0,2020-12-29
1,0,1,511,511,0,2.4,0.01293,0.01293,0.0,511,0,0.01293,0.0,2020-12-30
1637,0,1637,2148,2148,0,8.3,0.05433,0.05433,0.0,2148,0,0.05433,0.0,2020-12-31
150,0,150,2298,2298,0,8.9,0.05813,0.05813,0.0,2298,0,0.05813,0.0,2021-01-01
2955,0,2955,5253,5253,0,20.3,0.13288,0.13288,0.0,5253,0,0.13288,0.0,2021-01-02
2009,1,2009,7262,7262,1,28.1,0.18369,0.18369,3e-05,7262,1,0.18369,3e-05,2021-01-03
4511,2,4511,11773,11773,3,45.5,0.2978,0.2978,8e-05,11773,3,0.2978,8e-05,2021-01-04
5112,3,5112,16885,16885,6,53.3,0.42711,0.42711,0.00015,16885,6,0.42711,0.00015,2021-01-05
3956,1,3956,20841,20841,7,65.7,0.52718,0.52718,0.00018,20841,7,0.52718,0.00018,2021-01-06
5727,0,5727,26568,26568,7,55.0,0.67205,0.67205,0.00018,26568,7,0.67205,0.00018,2021-01-07
5683,2,5683,32251,32251,9,66.8,0.8158,0.8158,0.00023,32251,9,0.8158,0.00023,2021-01-08
4892,4,4892,37143,37143,13,76.9,0.93954,0.93954,0.00033,37143,13,0.93954,0.00033,2021-01-09
2349,0,2349,39492,39492,13,81.8,0.99896,0.99896,0.00033,39492,13,0.99896,0.00033,2021-01-10
3756,1,3756,43248,43248,14,60.3,1.09397,1.09397,0.00035,43248,14,1.09397,0.00035,2021-01-11
4218,1,4218,47466,47466,15,63.6,1.20067,1.20067,0.00038,47466,15,1.20067,0.00038,2021-01-12
4550,1,4550,52016,52016,16,69.7,1.31576,1.31576,0.0004,52016,16,1.31576,0.0004,2021-01-13
4079,1,4079,56095,56095,17,75.2,1.41894,1.41894,0.00043,56095,17,1.41894,0.00043,2021-01-14
4554,5,4554,60649,60649,22,81.3,1.53413,1.53413,0.00056,60649,22,1.53413,0.00056,2021-01-15
2508,1,2508,63157,63157,23,84.7,1.59757,1.59757,0.00058,63157,23,1.59757,0.00058,2021-01-16
1241,70,1311,64468,64398,93,86.4,1.63074,1.62897,0.00235,64398,93,1.62897,0.00235,2021-01-17
1496,352,1847,66315,65894,445,72.9,1.67746,1.66681,0.01126,65894,445,1.66681,0.01126,2021-01-18
1212,11,1222,67537,67106,456,72.4,1.70837,1.69747,0.01153,67106,456,1.69747,0.01153,2021-01-19
1539,10,1547,69084,68645,466,74.0,1.7475,1.7364,0.01179,68645,466,1.7364,0.01179,2021-01-20
1270,864,2132,71216,69915,1330,76.3,1.80143,1.76852,0.03364,69915,1330,1.76852,0.03364,2021-01-21
992,422,1413,72629,70907,1752,77.8,1.83717,1.79361,0.04432,70907,1752,1.79361,0.04432,2021-01-22
883,2160,3042,75671,71790,3912,81.1,1.91412,1.81595,0.09896,71790,3912,1.81595,0.09896,2021-01-23
151,1522,1673,77344,71941,5434,82.9,1.95644,1.81977,0.13745,71941,5434,1.81977,0.13745,2021-01-24
423,3410,3832,81176,72364,8844,77.3,2.05337,1.83047,0.22371,72364,8844,1.83047,0.22371,2021-01-25
564,4812,5375,86551,72928,13656,77.2,2.18933,1.84473,0.34543,72928,13656,1.84473,0.34543,2021-01-26
618,3986,4604,91155,73546,17642,75.8,2.30579,1.86037,0.44626,73546,17642,1.86037,0.44626,2021-01-27
445,5038,5483,96638,73991,22680,80.4,2.44449,1.87162,0.5737,73991,22680,1.87162,0.5737,2021-01-28
228,5981,6209,102847,74219,28661,85.5,2.60154,1.87739,0.72499,74219,28661,1.87739,0.72499,2021-01-29
384,5153,5536,108383,74603,33814,90.1,2.74158,1.8871,0.85533,74603,33814,1.8871,0.85533,2021-01-30
73,1747,1820,110203,74676,35561,91.7,2.78762,1.88895,0.89953,74676,35561,1.88895,0.89953,2021-01-31
355,3618,3972,114175,75031,39179,82.4,2.88809,1.89793,0.99104,75031,39179,1.89793,0.99104,2021-02-01
575,3783,4357,118532,75606,42962,78.9,2.9983,1.91248,1.08674,75606,42962,1.91248,1.08674,2021-02-02
707,4345,5051,123583,76313,47307,82.2,3.12607,1.93036,1.19664,76313,47307,1.93036,1.19664,2021-02-03
1136,4801,5934,129517,77449,52108,86.2,3.27617,1.95909,1.31809,77449,52108,1.95909,1.31809,2021-02-04
1316,4330,5641,135158,78765,56438,89.9,3.41886,1.99238,1.42762,78765,56438,1.99238,1.42762,2021-02-05
1592,2978,4555,139713,80357,59416,93.0,3.53408,2.03265,1.50295,80357,59416,2.03265,1.50295,2021-02-06
253,1329,1582,141295,80610,60745,94.0,3.5741,2.03905,1.53656,80610,60745,2.03905,1.53656,2021-02-07
1596,2423,4004,145299,82206,63168,96.7,3.67538,2.07942,1.59785,82206,63168,2.07942,1.59785,2021-02-08
2171,1695,3847,149146,84377,64863,74.2,3.77269,2.13434,1.64073,84377,64863,2.13434,1.64073,2021-02-09
2142,1533,3655,152801,86519,66396,76.0,3.86515,2.18852,1.67951,86519,66396,2.18852,1.67951,2021-02-10
2418,1306,3697,156498,88937,67702,77.9,3.95866,2.24969,1.71254,88937,67702,2.24969,1.71254,2021-02-11
3123,1118,4217,160715,92060,68820,80.0,4.06533,2.32868,1.74082,92060,68820,2.32868,1.74082,2021-02-12
3037,711,3732,164447,95097,69531,71.9,4.15973,2.40551,1.75881,95097,69531,2.40551,1.75881,2021-02-13
663,131,789,165236,95760,69662,72.2,4.17969,2.42228,1.76212,95760,69662,2.42228,1.76212,2021-02-14
2641,666,3263,168499,98401,70328,65.0,4.26223,2.48908,1.77897,98401,70328,2.48908,1.77897,2021-02-15
2741,678,3389,171888,101142,71006,64.3,4.34796,2.55842,1.79612,101142,71006,2.55842,1.79612,2021-02-16
3655,677,4293,176181,104797,71683,65.9,4.45655,2.65087,1.81324,104797,71683,2.65087,1.81324,2021-02-17
3774,670,4384,180565,108571,72353,67.5,4.56744,2.74634,1.83019,108571,72353,2.74634,1.83019,2021-02-18
4353,447,4745,185310,112924,72800,68.0,4.68747,2.85645,1.8415,112924,72800,2.85645,1.8415,2021-02-19
2719,288,2976,188286,115643,73088,62.4,4.76275,2.92522,1.84878,115643,73088,2.92522,1.84878,2021-02-20
2115,112,2178,190464,117758,73200,63.2,4.81784,2.97872,1.85162,117758,73200,2.97872,1.85162,2021-02-21
9314,425,9650,200114,127072,73625,59.7,5.06194,3.21432,1.86237,127072,73625,3.21432,1.86237,2021-02-22
8892,587,9388,209502,135964,74212,62.5,5.29941,3.43925,1.87721,135964,74212,3.43925,1.87721,2021-02-23
9465,692,10061,219563,145429,74904,65.5,5.55391,3.67867,1.89472,145429,74904,3.67867,1.89472,2021-02-24
10803,1316,11984,231547,156232,76220,68.1,5.85705,3.95193,1.92801,156232,76220,3.95193,1.92801,2021-02-25
12710,1270,13785,245332,168942,77490,72.1,6.20574,4.27344,1.96013,168942,77490,4.27344,1.96013,2021-02-26
13009,1415,14242,259574,181951,78905,70.4,6.566,4.6025,1.99592,181951,78905,4.6025,1.99592,2021-02-27
5876,266,6067,265641,187827,79171,72.0,6.71947,4.75114,2.00265,187827,79171,4.75114,2.00265,2021-02-28
13740,1536,15124,280765,201567,80707,66.3,7.10203,5.0987,2.04151,201567,80707,5.0987,2.04151,2021-03-01
15102,1548,16408,297173,216669,82255,70.1,7.51708,5.48071,2.08066,216669,82255,5.48071,2.08066,2021-03-02
14876,2083,16811,313984,231545,84338,74.1,7.94232,5.857,2.13335,231545,84338,5.857,2.13335,2021-03-03
13937,1660,15371,329355,245482,85998,77.7,8.33113,6.20954,2.17534,245482,85998,6.20954,2.17534,2021-03-04
15404,2536,17720,347075,260886,88534,81.8,8.77936,6.59919,2.23949,260886,88534,6.59919,2.23949,2021-03-05
14053,2289,16175,363250,274939,90823,85.6,9.18851,6.95466,2.29739,274939,90823,6.95466,2.29739,2021-03-06
4413,619,4990,368240,279352,91442,86.7,9.31474,7.06629,2.31305,279352,91442,7.06629,2.31305,2021-03-07
12594,2566,15005,383245,291946,94008,82.1,9.69429,7.38486,2.37796,291946,94008,7.38486,2.37796,2021-03-08
11669,2196,13686,396931,303615,96204,84.9,10.04049,7.68003,2.43351,303615,96204,7.68003,2.43351,2021-03-09
11704,3288,14837,411768,315319,99492,80.5,10.41579,7.97609,2.51668,315319,99492,7.97609,2.51668,2021-03-10
11655,3392,14844,426612,326974,102884,83.3,10.79127,8.2709,2.60248,326974,102884,8.2709,2.60248,2021-03-11
10366,4079,14308,440920,337340,106963,86.1,11.1532,8.53311,2.70566,337340,106963,8.53311,2.70566,2021-03-12
8660,1911,10474,451394,346000,108874,85.3,11.41814,8.75217,2.754,346000,108874,8.75217,2.754,2021-03-13
2512,903,3378,454772,348512,109777,85.9,11.50359,8.81571,2.77684,348512,109777,8.81571,2.77684,2021-03-14
5837,6614,12348,467120,354349,116391,81.7,11.81594,8.96336,2.94414,354349,116391,8.96336,2.94414,2021-03-15
3507,6433,9883,477003,357856,122824,83.4,12.06593,9.05207,3.10687,357856,122824,9.05207,3.10687,2021-03-16
4169,6249,10356,487359,362025,129073,85.2,12.32789,9.15753,3.26494,362025,129073,9.15753,3.26494,2021-03-17
3402,6271,9607,496966,365427,135344,86.9,12.5709,9.24358,3.42357,365427,135344,9.24358,3.42357,2021-03-18
3404,4611,7979,504945,368831,139955,88.3,12.77273,9.32969,3.5402,368831,139955,9.32969,3.5402,2021-03-19
3812,4662,8430,513375,372643,144617,89.8,12.98597,9.42611,3.65813,372643,144617,9.42611,3.65813,2021-03-20
590,2119,2697,516072,373233,146736,87.2,13.05419,9.44104,3.71173,373233,146736,9.44104,3.71173,2021-03-21
4312,5736,9978,526050,377545,152472,78.3,13.30659,9.55011,3.85682,377545,152472,9.55011,3.85682,2021-03-22
4627,6609,11143,537193,382172,159081,79.8,13.58845,9.66715,4.024,382172,159081,9.66715,4.024,2021-03-23
6160,7564,13606,550799,388332,166645,81.8,13.93262,9.82297,4.21533,388332,166645,9.82297,4.21533,2021-03-24
5351,6500,11752,562551,393683,173145,81.3,14.22989,9.95833,4.37975,393683,173145,9.95833,4.37975,2021-03-25
7353,4805,12026,574577,401036,177950,83.0,14.53409,10.14432,4.5013,401036,177950,10.14432,4.5013,2021-03-26
6991,5289,12170,586747,408027,183239,84.7,14.84194,10.32116,4.63508,408027,183239,10.32116,4.63508,2021-03-27
1213,2370,3548,590295,409240,185609,85.2,14.93168,10.35184,4.69503,409240,185609,10.35184,4.69503,2021-03-28
6802,6956,13562,603857,416042,192565,80.0,15.27474,10.5239,4.87099,416042,192565,10.5239,4.87099,2021-03-29
6340,6246,12433,616290,422382,198811,81.6,15.58923,10.68428,5.02898,422382,198811,10.68428,5.02898,2021-03-30
8987,5736,14573,630863,431369,204547,83.4,15.95786,10.9116,5.17408,431369,204547,10.9116,5.17408,2021-03-31
7589,6593,13967,644830,438958,211140,85.2,16.31116,11.10357,5.34085,438958,211140,11.10357,5.34085,2021-04-01
8328,4677,12854,657684,447286,215817,83.6,16.63631,11.31423,5.45915,447286,215817,11.31423,5.45915,2021-04-02
7011,3760,10578,668262,454297,219577,76.6,16.90388,11.49157,5.55426,454297,219577,11.49157,5.55426,2021-04-03
5981,87,5987,674249,460278,219664,77.3,17.05532,11.64287,5.55646,460278,219664,11.64287,5.55646,2021-04-04
12232,674,12765,687014,472510,220338,78.8,17.37822,11.95228,5.57351,472510,220338,11.95228,5.57351,2021-04-05
7094,6935,13860,700874,479604,227273,72.7,17.72881,12.13172,5.74894,479604,227273,12.13172,5.74894,2021-04-06
9028,6894,15723,716597,488632,234167,74.3,18.12653,12.36009,5.92332,488632,234167,12.36009,5.92332,2021-04-07
11315,6403,17504,734101,499947,240570,76.1,18.5693,12.6463,6.08529,499947,240570,12.6463,6.08529,2021-04-08
17447,5022,22084,756185,517394,245592,78.4,19.12792,13.08763,6.21232,517394,245592,13.08763,6.21232,2021-04-09
26488,4838,30946,787131,543882,250430,81.6,19.91071,13.75765,6.3347,543882,250430,13.75765,6.3347,2021-04-10
14835,1829,16483,803614,558717,252259,83.3,20.32765,14.13291,6.38096,558717,252259,14.13291,6.38096,2021-04-11
26445,3336,29466,833080,585162,255595,86.3,21.073,14.80184,6.46535,585162,255595,14.80184,6.46535,2021-04-12
25234,3846,28768,861848,610396,259441,89.3,21.8007,15.44014,6.56264,610396,259441,15.44014,6.56264,2021-04-13
28730,3604,32028,893876,639126,263045,83.6,22.61085,16.16688,6.6538,639126,263045,16.16688,6.6538,2021-04-14
28982,4171,32751,926627,668108,267216,85.8,23.4393,16.89999,6.75931,668108,267216,16.89999,6.75931,2021-04-15
32829,3713,36112,962739,700937,270929,89.1,24.35276,17.73041,6.85323,700937,270929,17.73041,6.85323,2021-04-16
36479,4003,40061,1002800,737416,274932,92.3,25.36612,18.65315,6.95448,737416,274932,18.65315,6.95448,2021-04-17
21612,1253,22668,1025468,759028,276185,94.4,25.93951,19.19983,6.98618,759028,276185,19.19983,6.98618,2021-04-18
24703,3384,27747,1053215,783731,279569,94.6,26.64138,19.8247,7.07178,783731,279569,19.8247,7.07178,2021-04-19
17730,3744,21209,1074424,801461,283313,95.4,27.17787,20.27319,7.16648,801461,283313,20.27319,7.16648,2021-04-20
19413,4045,23156,1097580,820874,287358,87.7,27.76361,20.76425,7.2688,820874,287358,20.76425,7.2688,2021-04-21
18122,5610,23059,1120639,838996,292968,88.7,28.34689,21.22265,7.41071,838996,292968,21.22265,7.41071,2021-04-22
24320,6230,29596,1150235,863316,299198,91.0,29.09553,21.83783,7.5683,863316,299198,21.83783,7.5683,2021-04-23
25495,5918,29445,1179680,888811,305116,93.4,29.84035,22.48273,7.718,888811,305116,22.48273,7.718,2021-04-24
10179,1279,11321,1191001,898990,306395,94.3,30.12672,22.74021,7.75035,898990,306395,22.74021,7.75035,2021-04-25
23090,3840,26326,1217327,922080,310235,94.5,30.79264,23.32428,7.84748,922080,310235,23.32428,7.84748,2021-04-26
21095,7645,26713,1244040,943175,317880,96.6,31.46835,23.85789,8.04087,943175,317880,23.85789,8.04087,2021-04-27
15077,6243,19860,1263900,958252,324123,87.8,31.97072,24.23926,8.19879,958252,324123,24.23926,8.19879,2021-04-28
19598,7578,26296,1290196,977850,331701,89.6,32.63588,24.735,8.39047,977850,331701,24.735,8.39047,2021-04-29
23027,13201,35017,1325213,1000877,344902,92.0,33.52165,25.31747,8.7244,1000877,344902,25.31747,8.7244,2021-04-30
16989,12588,27681,1352894,1017866,357490,85.0,34.22185,25.74722,9.04281,1017866,357490,25.74722,9.04281,2021-05-01
14074,9298,21348,1374242,1031940,366788,86.3,34.76185,26.10322,9.27801,1031940,366788,26.10322,9.27801,2021-05-02
22716,14247,33395,1407637,1054656,381035,88.4,35.60659,26.67783,9.63839,1054656,381035,26.67783,9.63839,2021-05-03
18648,19807,35192,1442829,1073304,400842,90.6,36.49678,27.14954,10.13941,1073304,400842,27.14954,10.13941,2021-05-04
25077,16207,39311,1482140,1098381,417049,85.5,37.49116,27.78387,10.54938,1098381,417049,27.78387,10.54938,2021-05-05
19861,20985,39721,1521861,1118242,438034,87.8,38.49592,28.28626,11.0802,1118242,438034,28.28626,11.0802,2021-05-06
26561,24661,50194,1572055,1144803,462695,88.6,39.76559,28.95812,11.704,1144803,462695,28.95812,11.704,2021-05-07
24520,32129,54410,1626465,1169323,494824,91.7,41.14191,29.57837,12.51672,1169323,494824,29.57837,12.51672,2021-05-08
15161,16318,30821,1657286,1184484,511142,93.5,41.92153,29.96187,12.92949,1184484,511142,29.96187,12.92949,2021-05-09
19807,18954,37880,1695166,1204291,530096,95.6,42.87972,30.46289,13.40893,1204291,530096,30.46289,13.40893,2021-05-10
14174,19316,32692,1727858,1218465,549412,97.4,43.70667,30.82143,13.89754,1218465,549412,30.82143,13.89754,2021-05-11
24101,13785,36632,1764490,1242566,563197,92.1,44.63329,31.43107,14.24623,1242566,563197,31.43107,14.24623,2021-05-12
21552,17921,38824,1803314,1264118,581118,91.8,45.61535,31.97623,14.69955,1264118,581118,31.97623,14.69955,2021-05-13
28847,17449,45050,1848364,1292965,598567,92.6,46.75491,32.70593,15.14093,1292965,598567,32.70593,15.14093,2021-05-14
23531,21897,43675,1892039,1316496,620464,94.8,47.85968,33.30115,15.69482,1316496,620464,33.30115,15.69482,2021-05-15
12684,14211,24618,1916657,1329180,634675,96.1,48.4824,33.62199,16.05429,1329180,634675,33.62199,16.05429,2021-05-16
20946,14586,32925,1949582,1350126,649261,97.7,49.31524,34.15183,16.42325,1350126,649261,34.15183,16.42325,2021-05-17
16079,14947,28953,1978535,1366205,664208,99.1,50.04762,34.55855,16.80133,1366205,664208,34.55855,16.80133,2021-05-18
19969,8745,26449,2004984,1386174,672953,93.9,50.71665,35.06367,17.02254,1386174,672953,35.06367,17.02254,2021-05-19
21272,13347,33684,2038668,1407446,686300,94.6,51.5687,35.60176,17.36016,1407446,686300,35.60176,17.36016,2021-05-20
29047,11524,39205,2077873,1436493,697824,94.8,52.5604,36.33651,17.65166,1436493,697824,36.33651,17.65166,2021-05-21
24183,12226,34744,2112617,1460676,710050,96.3,53.43926,36.94822,17.96092,1460676,710050,36.94822,17.96092,2021-05-22
14121,5911,17948,2130565,1474797,715961,97.2,53.89326,37.30542,18.11044,1474797,715961,37.30542,18.11044,2021-05-23
25109,13747,36183,2166748,1499906,729708,96.8,54.80852,37.94056,18.45818,1499906,729708,37.94056,18.45818,2021-05-24
21158,15577,34790,2201538,1521064,745285,98.3,55.68854,38.47576,18.8522,1521064,745285,38.47576,18.8522,2021-05-25
26868,15512,38672,2240210,1547932,760797,94.2,56.66676,39.15539,19.24458,1547932,760797,39.15539,19.24458,2021-05-26
23564,19051,40958,2281168,1571496,779848,95.9,57.70281,39.75145,19.72648,1571496,779848,39.75145,19.72648,2021-05-27
28223,17720,44082,2325250,1599719,797568,97.7,58.81788,40.46536,20.17471,1599719,797568,40.46536,20.17471,2021-05-28
21130,10693,30656,2355906,1620849,808261,99.0,59.59333,40.99985,20.4452,1620849,808261,40.99985,20.4452,2021-05-29
15968,6653,21035,2376941,1636817,814914,97.2,60.12541,41.40376,20.61349,1636817,814914,41.40376,20.61349,2021-05-30
23690,19727,37927,2414868,1660507,834641,98.7,61.08479,42.00301,21.11249,1660507,834641,42.00301,21.11249,2021-05-31
22025,22240,34999,2449867,1682532,856881,91.9,61.9701,42.56014,21.67505,1682532,856881,42.56014,21.67505,2021-06-01
22234,9451,27072,2476939,1704766,866332,92.9,62.65489,43.12255,21.91412,1704766,866332,43.12255,21.91412,2021-06-02
31236,25235,50635,2527574,1736002,891567,94.4,63.93572,43.91268,22.55245,1736002,891567,43.91268,22.55245,2021-06-03
34992,23093,52798,2580372,1770994,914660,91.3,65.27126,44.79781,23.13659,1770994,914660,44.79781,23.13659,2021-06-04
29888,17567,42609,2622981,1800882,932227,92.8,66.34907,45.55383,23.58095,1800882,932227,45.55383,23.58095,2021-06-05
25671,13958,30732,2653713,1826553,946185,92.9,67.12644,46.20319,23.93402,1826553,946185,46.20319,23.93402,2021-06-06
31131,17438,44418,2698131,1857684,963623,94.4,68.25001,46.99066,24.37512,1857684,963623,46.99066,24.37512,2021-06-07
21501,21124,39345,2737476,1879185,984747,95.8,69.24525,47.53453,24.90946,1879185,984747,47.53453,24.90946,2021-06-08
30634,16256,41930,2779406,1909819,1001003,90.5,70.30588,48.30943,25.32066,1909819,1001003,48.30943,25.32066,2021-06-09
30096,20233,47193,2826599,1939915,1021236,92.0,71.49964,49.07071,25.83246,1939915,1021236,49.07071,25.83246,2021-06-10
33891,17190,47960,2874559,1973806,1038426,92.8,72.71281,49.928,26.26729,1973806,1038426,49.928,26.26729,2021-06-11
25650,10124,34612,2909171,1999456,1048550,93.9,73.58833,50.57682,26.52338,1999456,1048550,50.57682,26.52338,2021-06-12
16628,5659,21837,2931008,2016084,1054209,94.6,74.1407,50.99743,26.66652,2016084,1054209,50.99743,26.66652,2021-06-13
29638,13387,42066,2973074,2045722,1067596,95.0,75.20477,51.74713,27.00515,2045722,1067596,51.74713,27.00515,2021-06-14
22988,20363,42690,3015764,2068710,1087959,96.3,76.28463,52.32862,27.52024,2068710,1087959,52.32862,27.52024,2021-06-15
27610,15278,42096,3057860,2096320,1103237,90.9,77.34946,53.02702,27.9067,2096320,1103237,53.02702,27.9067,2021-06-16
21962,21516,42880,3100740,2118282,1124753,92.2,78.43412,53.58256,28.45095,2118282,1124753,53.58256,28.45095,2021-06-17
29789,19020,47824,3148564,2148071,1143773,93.6,79.64384,54.33608,28.93207,2148071,1143773,54.33608,28.93207,2021-06-18
22865,12626,34782,3183346,2170936,1156399,94.6,80.52366,54.91446,29.25145,2170936,1156399,54.91446,29.25145,2021-06-19
14378,7575,21587,3204933,2185314,1163974,94.3,81.06971,55.27815,29.44306,2185314,1163974,55.27815,29.44306,2021-06-20
22060,20476,41856,3246789,2207374,1184450,95.5,82.12847,55.83617,29.96101,2207374,1184450,55.83617,29.96101,2021-06-21
19613,23475,42477,3289266,2226987,1207925,96.7,83.20294,56.33228,30.55481,2226987,1207925,56.33228,30.55481,2021-06-22
17555,12526,29407,3318673,2244542,1220451,89.9,83.9468,56.77634,30.87166,2244542,1220451,56.77634,30.87166,2021-06-23
24352,29345,52871,3371544,2268894,1249796,91.0,85.28419,57.39233,31.61395,2268894,1249796,57.39233,31.61395,2021-06-24
24730,27017,50836,3422380,2293624,1276813,92.4,86.5701,58.01789,32.29736,2293624,1276813,58.01789,32.29736,2021-06-25
16442,16535,32401,3454781,2310066,1293348,92.4,87.38969,58.43379,32.71561,2310066,1293348,58.43379,32.71561,2021-06-26
10220,8592,18546,3473327,2320286,1301940,92.9,87.85882,58.69231,32.93295,2320286,1301940,58.69231,32.93295,2021-06-27
22427,26988,48585,3521912,2342713,1328928,93.6,89.08779,59.25961,33.61562,2342713,1328928,59.25961,33.61562,2021-06-28
16032,31298,46608,3568520,2358745,1360226,94.8,90.26675,59.66514,34.40731,2358745,1360226,59.66514,34.40731,2021-06-29
19647,29024,47758,3616278,2378392,1389250,90.3,91.4748,60.16212,35.14148,2378392,1389250,60.16212,35.14148,2021-06-30
12066,36932,48338,3664616,2390458,1426182,91.6,92.69753,60.46733,36.07569,2390458,1426182,60.46733,36.07569,2021-07-01
18194,29991,47230,3711846,2408652,1456173,91.7,93.89222,60.92755,36.83432,2408652,1456173,60.92755,36.83432,2021-07-02
13957,19752,33202,3745048,2422609,1475925,92.5,94.73208,61.2806,37.33395,2422609,1475925,61.2806,37.33395,2021-07-03
8197,11974,19878,3764926,2430806,1487899,91.5,95.2349,61.48794,37.63684,2430806,1487899,61.48794,37.63684,2021-07-04
7804,31609,38845,3803771,2438610,1519508,92.4,96.21749,61.68535,38.4364,2438610,1519508,61.68535,38.4364,2021-07-05
6545,36255,42364,3846135,2445155,1555763,93.5,97.2891,61.85091,39.35348,2445155,1555763,61.85091,39.35348,2021-07-06
6590,32586,38651,3884786,2451745,1588349,91.4,98.26679,62.0176,40.17775,2451745,1588349,62.0176,40.17775,2021-07-07
5885,36045,41436,3926222,2457630,1624394,92.3,99.31493,62.16647,41.08952,2457630,1624394,62.16647,41.08952,2021-07-08
7086,30639,37034,3963256,2464716,1655033,93.2,100.25171,62.34571,41.86454,2464716,1655033,62.34571,41.86454,2021-07-09
4747,17908,22356,3985612,2469463,1672941,92.9,100.81721,62.46578,42.31753,2469463,1672941,62.46578,42.31753,2021-07-10
2687,9578,12163,3997775,2472150,1682519,93.2,101.12488,62.53375,42.55981,2472150,1682519,62.53375,42.55981,2021-07-11
13503,32969,45679,4043454,2485653,1715488,94.2,102.28035,62.87532,43.39377,2485653,1715488,62.87532,43.39377,2021-07-12
8399,40939,48731,4092185,2494052,1756427,95.4,103.51301,63.08777,44.42933,2494052,1756427,63.08777,44.42933,2021-07-13
14215,32755,46092,4138277,2508267,1789182,92.7,104.67892,63.44734,45.25788,2508267,1789182,63.44734,45.25788,2021-07-14
9545,35875,44723,4183000,2517812,1825057,93.7,105.8102,63.68879,46.16535,2517812,1825057,63.68879,46.16535,2021-07-15
13745,33481,46379,4229379,2531557,1858538,94.8,106.98337,64.03647,47.01226,2531557,1858538,64.03647,47.01226,2021-07-16
10136,21222,30717,4260096,2541693,1879760,95.5,107.76037,64.29286,47.54908,2541693,1879760,64.29286,47.54908,2021-07-17
6557,12579,18793,4278889,2548250,1892339,95.1,108.23574,64.45873,47.86727,2548250,1892339,64.45873,47.86727,2021-07-18
11696,38323,49234,4328123,2559946,1930662,95.3,109.48113,64.75458,48.83666,2559946,1930662,64.75458,48.83666,2021-07-19
8758,38685,46908,4375031,2568704,1969347,96.4,110.66768,64.97611,49.81521,2568704,1969347,64.97611,49.81521,2021-07-20
12690,32466,44252,4419283,2581394,2001813,94.1,111.78705,65.29711,50.63644,2581394,2001813,65.29711,50.63644,2021-07-21
9174,38927,47376,4466659,2590568,2040740,95.1,112.98544,65.52917,51.62111,2590568,2040740,65.52917,51.62111,2021-07-22
14603,29227,42807,4509466,2605171,2069967,96.0,114.06825,65.89856,52.36042,2605171,2069967,65.89856,52.36042,2021-07-23
8475,18657,26646,4536112,2613646,2088624,96.6,114.74227,66.11294,52.83235,2613646,2088624,66.11294,52.83235,2021-07-24
4483,10000,14276,4550388,2618129,2098624,96.9,115.10339,66.22633,53.0853,2618129,2098624,66.22633,53.0853,2021-07-25
17768,30550,47354,4597742,2635897,2129174,97.9,116.30122,66.67578,53.85808,2635897,2129174,66.67578,53.85808,2021-07-26
14042,35070,48285,4646027,2649939,2164244,98.2,117.5226,67.03098,54.74518,2649939,2164244,67.03098,54.74518,2021-07-27
15107,30060,44212,4690239,2665046,2194304,96.2,118.64096,67.41311,55.50556,2665046,2194304,67.41311,55.50556,2021-07-28
12998,30542,42730,4732969,2678044,2224846,97.1,119.72183,67.7419,56.27813,2678044,2224846,67.7419,56.27813,2021-07-29
13794,22945,35838,4768807,2691838,2247791,97.9,120.62836,68.09083,56.85853,2691838,2247791,68.09083,56.85853,2021-07-30
8328,12050,19875,4788682,2700166,2259841,98.3,121.1311,68.30148,57.16334,2700166,2259841,68.30148,57.16334,2021-07-31
4438,8068,12385,4801067,2704604,2267909,98.5,121.44439,68.41374,57.36742,2704604,2267909,68.41374,57.36742,2021-08-01
15234,24883,38877,4839944,2719838,2292792,99.3,122.42779,68.79909,57.99684,2719838,2292792,68.79909,57.99684,2021-08-02
9927,26993,36123,4876067,2729765,2319785,98.9,123.34153,69.0502,58.67964,2729765,2319785,69.0502,58.67964,2021-08-03
13145,22272,34345,4910412,2742910,2342057,96.9,124.2103,69.38271,59.24301,2742910,2342057,69.38271,59.24301,2021-08-04
9839,24104,33048,4943460,2752749,2366161,97.6,125.04626,69.63159,59.85273,2752749,2366161,69.63159,59.85273,2021-08-05
9122,19850,28217,4971677,2761871,2386011,98.1,125.76002,69.86233,60.35484,2761871,2386011,69.86233,60.35484,2021-08-06
3548,6258,9529,4981206,2765419,2392269,98.3,126.00105,69.95208,60.51314,2765419,2392269,69.95208,60.51314,2021-08-07
1743,3408,5095,4986301,2767162,2395677,97.7,126.12993,69.99617,60.59935,2767162,2395677,69.99617,60.59935,2021-08-08
11725,14723,25615,5011916,2778887,2410400,98.2,126.77787,70.29276,60.97177,2778887,2410400,70.29276,60.97177,2021-08-09
11779,11688,22332,5034248,2790666,2422088,98.6,127.34277,70.59071,61.26742,2790666,2422088,70.59071,61.26742,2021-08-10
10220,9777,18931,5053179,2800886,2431865,96.5,127.82163,70.84923,61.51473,2800886,2431865,70.84923,61.51473,2021-08-11
