delta_1d,delta_2d,delta_all,sum_doses,sum_1d,sum_2d,perc_doses,perc_inh_tot,perc_inh_1d,perc_inh_2d,sum_monotone_1d,sum_monotone_2d,perc_inh_monotone_1d,perc_inh_monotone_2d,date
0,0,0,0,0,0,0,0,0,0,0,0,0,0,2020-12-26
510,0,510,510,510,0,101.0,0.0129,0.0129,0.0,510,0,0.0129,0.0,2020-12-27
0,0,0,510,510,0,101.0,0.0129,0.0129,0.0,510,0,0.0129,0.0,2020-12-28
0,0,0,510,510,0,101.0,0.0129,0.0129,0.0,510,0,0.0129,0.0,2020-12-29
1,0,1,511,511,0,2.4,0.01293,0.01293,0.0,511,0,0.01293,0.0,2020-12-30
1639,1,1639,2150,2150,1,8.3,0.05438,0.05438,3e-05,2150,1,0.05438,3e-05,2020-12-31
151,0,151,2301,2301,1,8.9,0.0582,0.0582,3e-05,2301,1,0.0582,3e-05,2021-01-01
2962,1,2962,5263,5263,2,20.4,0.13313,0.13313,5e-05,5263,2,0.13313,5e-05,2021-01-02
2011,1,2011,7274,7274,3,28.1,0.184,0.184,8e-05,7274,3,0.184,8e-05,2021-01-03
4514,8,4514,11788,11788,11,45.6,0.29818,0.29818,0.00028,11788,11,0.29818,0.00028,2021-01-04
5122,3,5122,16910,16910,14,53.3,0.42774,0.42774,0.00035,16910,14,0.42774,0.00035,2021-01-05
3970,5,3970,20880,20880,19,65.9,0.52817,0.52817,0.00048,20880,19,0.52817,0.00048,2021-01-06
5738,4,5738,26618,26618,23,55.1,0.67331,0.67331,0.00058,26618,23,0.67331,0.00058,2021-01-07
5702,7,5702,32320,32320,30,66.9,0.81754,0.81754,0.00076,32320,30,0.81754,0.00076,2021-01-08
4902,9,4902,37222,37222,39,77.1,0.94154,0.94154,0.00099,37222,39,0.94154,0.00099,2021-01-09
2352,4,2352,39574,39574,43,82.0,1.00104,1.00104,0.00109,39574,43,1.00104,0.00109,2021-01-10
3764,1,3764,43338,43338,44,60.5,1.09625,1.09625,0.00111,43338,44,1.09625,0.00111,2021-01-11
4229,2,4229,47567,47567,46,63.8,1.20322,1.20322,0.00116,47567,46,1.20322,0.00116,2021-01-12
4562,4,4562,52129,52129,50,69.9,1.31862,1.31862,0.00126,52129,50,1.31862,0.00126,2021-01-13
4090,6,4090,56219,56219,56,75.4,1.42208,1.42208,0.00142,56219,56,1.42208,0.00142,2021-01-14
4562,6,4562,60781,60781,62,81.5,1.53747,1.53747,0.00157,60781,62,1.53747,0.00157,2021-01-15
2515,5,2515,63296,63296,67,84.8,1.60109,1.60109,0.00169,63296,67,1.60109,0.00169,2021-01-16
1242,70,1312,64608,64538,137,86.6,1.63428,1.63251,0.00347,64538,137,1.63251,0.00347,2021-01-17
1498,352,1849,66457,66036,489,73.0,1.68105,1.6704,0.01237,66036,489,1.6704,0.01237,2021-01-18
1212,12,1222,67679,67248,501,72.5,1.71196,1.70106,0.01267,67248,501,1.70106,0.01267,2021-01-19
1539,11,1547,69226,68787,512,74.2,1.75109,1.73999,0.01295,68787,512,1.73999,0.01295,2021-01-20
1270,865,2133,71359,70057,1377,76.5,1.80505,1.77211,0.03483,70057,1377,1.77211,0.03483,2021-01-21
993,424,1414,72773,71050,1801,78.0,1.84081,1.79723,0.04556,71050,1801,1.79723,0.04556,2021-01-22
881,2167,3045,75818,71931,3968,81.2,1.91784,1.81952,0.10037,71931,3968,1.81952,0.10037,2021-01-23
151,1523,1674,77492,72082,5491,83.0,1.96018,1.82334,0.1389,72082,5491,1.82334,0.1389,2021-01-24
426,3414,3839,81331,72508,8905,77.4,2.05729,1.83411,0.22525,72508,8905,1.83411,0.22525,2021-01-25
563,4821,5383,86714,73071,13726,77.4,2.19346,1.84835,0.3472,73071,13726,1.84835,0.3472,2021-01-26
617,3993,4610,91324,73688,17719,76.0,2.31007,1.86396,0.44821,73688,17719,1.86396,0.44821,2021-01-27
440,5053,5493,96817,74128,22772,80.5,2.44901,1.87509,0.57602,74128,22772,1.87509,0.57602,2021-01-28
217,6001,6218,103035,74345,28773,85.7,2.6063,1.88058,0.72782,74345,28773,1.88058,0.72782,2021-01-29
382,5169,5549,108584,74727,33942,90.3,2.74666,1.89024,0.85857,74727,33942,1.89024,0.85857,2021-01-30
73,1757,1830,110414,74800,35699,91.8,2.79295,1.89209,0.90302,74800,35699,1.89209,0.90302,2021-01-31
353,3631,3983,114397,75153,39330,82.6,2.89371,1.90102,0.99486,75153,39330,1.90102,0.99486,2021-02-01
576,3792,4368,118765,75729,43122,79.0,3.0042,1.91559,1.09078,75729,43122,1.91559,1.09078,2021-02-02
705,4360,5063,123828,76434,47482,82.4,3.13227,1.93342,1.20107,76434,47482,1.93342,1.20107,2021-02-03
1137,4817,5950,129778,77571,52299,86.4,3.28277,1.96218,1.32292,77571,52299,1.96218,1.32292,2021-02-04
1317,4351,5662,135440,78888,56650,90.1,3.42599,1.99549,1.43298,78888,56650,1.99549,1.43298,2021-02-05
1594,2983,4562,140002,80482,59633,93.2,3.54139,2.03582,1.50843,80482,59633,2.03582,1.50843,2021-02-06
253,1337,1589,141591,80735,60970,94.2,3.58159,2.04222,1.54225,80735,60970,2.04222,1.54225,2021-02-07
1599,2437,4016,145607,82334,63407,96.9,3.68317,2.08266,1.6039,82334,63407,2.08266,1.6039,2021-02-08
2182,1703,3861,149468,84516,65110,74.4,3.78084,2.13786,1.64698,84516,65110,2.13786,1.64698,2021-02-09
2147,1536,3661,153129,86663,66646,76.2,3.87344,2.19217,1.68583,86663,66646,2.19217,1.68583,2021-02-10
2422,1312,3702,156831,89085,67958,78.0,3.96709,2.25343,1.71902,89085,67958,2.25343,1.71902,2021-02-11
3121,1126,4218,161049,92206,69084,80.1,4.07378,2.33238,1.7475,92206,69084,2.33238,1.7475,2021-02-12
3040,713,3736,164785,95246,69797,72.0,4.16828,2.40928,1.76554,95246,69797,2.40928,1.76554,2021-02-13
664,133,791,165576,95910,69930,72.4,4.18829,2.42607,1.7689,95910,69930,2.42607,1.7689,2021-02-14
2649,669,3273,168849,98559,70599,65.1,4.27108,2.49308,1.78582,98559,70599,2.49308,1.78582,2021-02-15
2747,683,3396,172245,101306,71282,64.4,4.35699,2.56256,1.8031,101306,71282,2.56256,1.8031,2021-02-16
3660,685,4304,176549,104966,71967,66.0,4.46586,2.65515,1.82043,104966,71967,2.65515,1.82043,2021-02-17
3780,674,4390,180939,108746,72641,67.7,4.5769,2.75076,1.83748,108746,72641,2.75076,1.83748,2021-02-18
4370,459,4764,185703,113116,73100,68.1,4.69741,2.8613,1.84909,113116,73100,2.8613,1.84909,2021-02-19
2723,298,2980,188683,115839,73398,62.6,4.77279,2.93018,1.85662,115839,73398,2.93018,1.85662,2021-02-20
2113,132,2176,190859,117952,73530,63.3,4.82783,2.98363,1.85996,117952,73530,2.98363,1.85996,2021-02-21
9329,458,9666,200525,127281,73988,59.8,5.07234,3.21961,1.87155,127281,73988,3.21961,1.87155,2021-02-22
8910,616,9407,209932,136191,74604,62.6,5.31029,3.44499,1.88713,136191,74604,3.44499,1.88713,2021-02-23
9480,711,10078,220010,145671,75315,65.6,5.56522,3.68479,1.90511,145671,75315,3.68479,1.90511,2021-02-24
10827,1362,12012,232022,156498,76677,68.2,5.86906,3.95866,1.93957,156498,76677,3.95866,1.93957,2021-02-25
12735,1354,13820,245842,169233,78031,72.3,6.21864,4.2808,1.97382,169233,78031,4.2808,1.97382,2021-02-26
13018,1493,14256,260098,182251,79524,70.5,6.57925,4.61009,2.01158,182251,79524,4.61009,2.01158,2021-02-27
5897,304,6088,266186,188148,79828,72.1,6.73325,4.75926,2.01927,188148,79828,4.75926,2.01927,2021-02-28
13765,1603,15151,281337,201913,81431,66.4,7.1165,5.10745,2.05982,201913,81431,5.10745,2.05982,2021-03-01
15130,1682,16449,297786,217043,83113,70.3,7.53258,5.49017,2.10237,217043,83113,5.49017,2.10237,2021-03-02
14903,2187,16844,314630,231946,85300,74.2,7.95866,5.86714,2.15769,231946,85300,5.86714,2.15769,2021-03-03
13968,1783,15411,330041,245914,87083,77.8,8.34848,6.22047,2.20279,245914,87083,6.22047,2.20279,2021-03-04
15437,2629,17758,347799,261351,89712,82.0,8.79768,6.61095,2.26929,261351,89712,6.61095,2.26929,2021-03-05
14068,2369,16201,364000,275419,92081,85.8,9.20749,6.9668,2.32922,275419,92081,6.9668,2.32922,2021-03-06
4418,644,4996,368996,279837,92725,86.9,9.33386,7.07856,2.34551,279837,92725,7.07856,2.34551,2021-03-07
12613,2622,15033,384029,292450,95347,82.2,9.71413,7.39761,2.41183,292450,95347,7.39761,2.41183,2021-03-08
11686,2248,13709,397738,304136,97595,85.1,10.0609,7.69321,2.46869,304136,97595,7.69321,2.46869,2021-03-09
11741,3364,14886,412624,315877,100959,80.6,10.43744,7.9902,2.55379,315877,100959,7.9902,2.55379,2021-03-10
11683,3470,14882,427506,327560,104429,83.5,10.81389,8.28573,2.64156,327560,104429,8.28573,2.64156,2021-03-11
10386,4133,14340,441846,337946,108562,86.2,11.17662,8.54844,2.74611,337946,108562,8.54844,2.74611,2021-03-12
8673,1951,10491,452337,346619,110513,85.5,11.442,8.76783,2.79546,346619,110513,8.76783,2.79546,2021-03-13
2519,922,3389,455726,349138,111435,86.1,11.52772,8.83155,2.81878,349138,111435,8.83155,2.81878,2021-03-14
5852,6655,12374,468100,354990,118090,81.9,11.84073,8.97958,2.98712,354990,118090,8.97958,2.98712,2021-03-15
3516,6451,9902,478002,358506,124541,83.6,12.0912,9.06851,3.1503,358506,124541,9.06851,3.1503,2021-03-16
4171,6262,10370,488372,362677,130803,85.4,12.35351,9.17402,3.3087,362677,130803,9.17402,3.3087,2021-03-17
3416,6301,9645,498017,366093,137104,87.1,12.59748,9.26043,3.46809,366093,137104,9.26043,3.46809,2021-03-18
3406,4642,8006,506023,369499,141746,88.5,12.8,9.34658,3.58551,369499,141746,9.34658,3.58551,2021-03-19
3814,4700,8447,514470,373313,146446,90.0,13.01367,9.44306,3.70439,373313,146446,9.44306,3.70439,2021-03-20
589,2124,2698,517168,373902,148570,87.3,13.08192,9.45796,3.75812,373902,148570,9.45796,3.75812,2021-03-21
4325,5762,10000,527168,378227,154332,78.4,13.33487,9.56736,3.90387,378227,154332,9.56736,3.90387,2021-03-22
4626,6667,11169,538337,382853,160999,80.0,13.61739,9.68438,4.07252,382853,160999,9.68438,4.07252,2021-03-23
6169,7607,13642,551979,389022,168606,82.0,13.96247,9.84042,4.26494,389022,168606,9.84042,4.26494,2021-03-24
5373,6556,11805,563784,394395,175162,81.4,14.26108,9.97634,4.43077,394395,175162,9.97634,4.43077,2021-03-25
7369,4851,12057,575841,401764,180013,83.1,14.56607,10.16274,4.55348,401764,180013,10.16274,4.55348,2021-03-26
6993,5320,12187,588028,408757,185333,84.9,14.87434,10.33963,4.68805,408757,185333,10.33963,4.68805,2021-03-27
1216,2372,3553,591581,409973,187705,85.4,14.96421,10.37039,4.74805,409973,187705,10.37039,4.74805,2021-03-28
6824,6991,13599,605180,416797,194696,80.1,15.3082,10.543,4.92489,416797,194696,10.543,4.92489,2021-03-29
6364,6263,12472,617652,423161,200959,81.7,15.62369,10.70398,5.08332,423161,200959,10.70398,5.08332,2021-03-30
9002,5757,14596,632248,432163,206716,83.6,15.9929,10.93169,5.22894,432163,206716,10.93169,5.22894,2021-03-31
7603,6619,13999,646247,439766,213335,85.4,16.34701,11.12401,5.39637,439766,213335,11.12401,5.39637,2021-04-01
8347,4700,12883,659130,448113,218035,83.8,16.67289,11.33515,5.51526,448113,218035,11.33515,5.51526,2021-04-02
7013,3740,10594,669724,455126,221775,76.8,16.94086,11.51254,5.60986,455126,221775,11.51254,5.60986,2021-04-03
6000,102,6007,675731,461126,221877,77.5,17.09281,11.66432,5.61244,461126,221877,11.66432,5.61244,2021-04-04
12259,712,12795,688526,473385,222589,79.0,17.41647,11.97441,5.63045,473385,222589,11.97441,5.63045,2021-04-05
7097,6961,13875,702401,480482,229550,72.8,17.76744,12.15393,5.80653,480482,229550,12.15393,5.80653,2021-04-06
9049,6930,15771,718172,489531,236480,74.4,18.16637,12.38283,5.98183,489531,236480,12.38283,5.98183,2021-04-07
11340,6430,17549,735721,500871,242910,76.2,18.61028,12.66968,6.14448,500871,242910,12.66968,6.14448,2021-04-08
17493,5115,22210,757931,518364,248025,78.5,19.17209,13.11217,6.27386,518364,248025,13.11217,6.27386,2021-04-09
26516,4890,30984,788915,544880,252915,81.7,19.95583,13.7829,6.39756,544880,252915,13.7829,6.39756,2021-04-10
14852,1861,16503,805418,559732,254776,83.4,20.37328,14.15858,6.44463,559732,254776,14.15858,6.44463,2021-04-11
26493,3372,29524,834942,586225,258148,86.5,21.1201,14.82873,6.52993,586225,258148,14.82873,6.52993,2021-04-12
25271,3895,28822,863764,611496,262043,89.5,21.84916,15.46797,6.62845,611496,262043,15.46797,6.62845,2021-04-13
28809,3656,32124,895888,640305,265699,83.8,22.66175,16.1967,6.72093,640305,265699,16.1967,6.72093,2021-04-14
29040,4223,32830,928718,669345,269922,86.0,23.49219,16.93128,6.82776,669345,269922,16.93128,6.82776,2021-04-15
32895,3759,36193,964911,702240,273681,89.3,24.4077,17.76337,6.92284,702240,273681,17.76337,6.92284,2021-04-16
36544,4057,40142,1005053,738784,277738,92.5,25.42311,18.68776,7.02546,738784,277738,18.68776,7.02546,2021-04-17
21648,1287,22711,1027764,760432,279025,94.6,25.99759,19.23535,7.05802,760432,279025,19.23535,7.05802,2021-04-18
24729,3429,27782,1055546,785161,282454,94.8,26.70034,19.86088,7.14476,785161,282454,19.86088,7.14476,2021-04-19
17755,3785,21252,1076798,802916,286239,95.6,27.23792,20.30999,7.2405,802916,286239,20.30999,7.2405,2021-04-20
19440,4072,23191,1099989,822356,290311,87.9,27.82454,20.80173,7.3435,822356,290311,20.80173,7.3435,2021-04-21
18140,5642,23095,1123084,840496,295953,88.9,28.40874,21.26059,7.48622,840496,295953,21.26059,7.48622,2021-04-22
24359,6292,29667,1152751,864855,302245,91.2,29.15917,21.87676,7.64538,864855,302245,21.87676,7.64538,2021-04-23
25536,5968,29497,1182248,890391,308213,93.6,29.90531,22.5227,7.79634,890391,308213,22.5227,7.79634,2021-04-24
10187,1292,11332,1193580,900578,309505,94.5,30.19195,22.78038,7.82902,900578,309505,22.78038,7.82902,2021-04-25
23135,3875,26385,1219965,923713,313380,94.7,30.85937,23.36559,7.92704,923713,313380,23.36559,7.92704,2021-04-26
21129,7679,26760,1246725,944842,321059,96.8,31.53627,23.90005,8.12128,944842,321059,23.90005,8.12128,2021-04-27
15109,6273,19907,1266632,959951,327332,87.9,32.03982,24.28224,8.27996,959951,327332,24.28224,8.27996,2021-04-28
19643,7624,26369,1293001,979594,334956,89.8,32.70684,24.77912,8.47281,979594,334956,24.77912,8.47281,2021-04-29
23059,13280,35094,1328095,1002653,348236,92.2,33.59455,25.3624,8.80873,1002653,348236,25.3624,8.80873,2021-04-30
17026,12649,27754,1355849,1019679,360885,85.2,34.29659,25.79308,9.12869,1019679,360885,25.79308,9.12869,2021-05-01
14093,9330,21379,1377228,1033772,370215,86.5,34.83738,26.14956,9.3647,1033772,370215,26.14956,9.3647,2021-05-02
22755,14305,33463,1410691,1056527,384520,88.6,35.68384,26.72516,9.72655,1056527,384520,26.72516,9.72655,2021-05-03
18682,19899,35272,1445963,1075209,404419,90.8,36.57605,27.19772,10.2299,1075209,404419,27.19772,10.2299,2021-05-04
25116,16300,39406,1485369,1100325,420719,85.7,37.57284,27.83304,10.64221,1100325,420719,27.83304,10.64221,2021-05-05
19864,21105,39820,1525189,1120189,441824,88.0,38.5801,28.33551,11.17607,1120189,441824,28.33551,11.17607,2021-05-06
26588,24878,50329,1575518,1146777,466702,88.8,39.85319,29.00806,11.80536,1146777,466702,29.00806,11.80536,2021-05-07
24542,32331,54519,1630037,1171319,499033,91.9,41.23226,29.62885,12.62318,1171319,499033,29.62885,12.62318,2021-05-08
15186,16393,30888,1660925,1186505,515426,93.7,42.01358,30.01299,13.03785,1186505,515426,30.01299,13.03785,2021-05-09
19846,19111,37980,1698905,1206351,534537,95.8,42.9743,30.515,13.52127,1206351,534537,30.515,13.52127,2021-05-10
14199,19429,32798,1731703,1220550,553966,97.6,43.80393,30.87417,14.01273,1220550,553966,30.87417,14.01273,2021-05-11
24140,13849,36705,1768408,1244690,567815,92.3,44.73239,31.4848,14.36305,1244690,567815,31.4848,14.36305,2021-05-12
21581,18032,38928,1807336,1266271,585847,92.0,45.71709,32.03069,14.81917,1266271,585847,32.03069,14.81917,2021-05-13
28883,17547,45150,1852486,1295154,603394,92.8,46.85917,32.7613,15.26303,1295154,603394,32.7613,15.26303,2021-05-14
23569,21984,43773,1896259,1318723,625378,95.0,47.96642,33.35748,15.81912,1318723,625378,33.35748,15.81912,2021-05-15
12705,14266,24676,1920935,1331428,639644,96.3,48.59061,33.67886,16.17998,1331428,639644,33.67886,16.17998,2021-05-16
20968,14681,33009,1953944,1352396,654325,97.9,49.42558,34.20925,16.55134,1352396,654325,34.20925,16.55134,2021-05-17
16094,15090,29032,1982976,1368490,669415,99.3,50.15995,34.61635,16.93305,1368490,669415,34.61635,16.93305,2021-05-18
20024,8800,26534,2009510,1388514,678215,94.1,50.83114,35.12287,17.15565,1388514,678215,35.12287,17.15565,2021-05-19
21289,13414,33764,2043274,1409803,691629,94.8,51.68521,35.66138,17.49496,1409803,691629,35.66138,17.49496,2021-05-20
29084,11599,39294,2082568,1438887,703228,95.0,52.67916,36.39707,17.78836,1438887,703228,36.39707,17.78836,2021-05-21
24226,12305,34839,2117407,1463113,715533,96.6,53.56043,37.00987,18.09962,1463113,715533,37.00987,18.09962,2021-05-22
14165,5933,18008,2135415,1477278,721466,97.4,54.01594,37.36818,18.24969,1477278,721466,37.36818,18.24969,2021-05-23
25138,13826,36277,2171692,1502416,735292,97.0,54.93358,38.00405,18.59943,1502416,735292,38.00405,18.59943,2021-05-24
21174,15677,34895,2206587,1523590,750969,98.5,55.81626,38.53965,18.99598,1523590,750969,38.53965,18.99598,2021-05-25
26931,15604,38805,2245392,1550521,766573,94.4,56.79784,39.22088,19.39069,1550521,766573,39.22088,19.39069,2021-05-26
23598,19162,41083,2286475,1574119,785735,96.1,57.83705,39.8178,19.8754,1574119,785735,39.8178,19.8754,2021-05-27
28254,17837,44208,2330683,1602373,803572,97.9,58.9553,40.53249,20.32659,1602373,803572,40.53249,20.32659,2021-05-28
21179,10763,30760,2361443,1623552,814335,99.2,59.73339,41.06822,20.59884,1623552,814335,41.06822,20.59884,2021-05-29
15997,6678,21081,2382524,1639549,821013,97.5,60.26664,41.47287,20.76776,1639549,821013,41.47287,20.76776,2021-05-30
23759,19789,38033,2420557,1663308,840802,99.0,61.22869,42.07386,21.26833,1663308,840802,42.07386,21.26833,2021-05-31
22060,22338,35094,2455651,1685368,863140,92.1,62.11641,42.63187,21.83338,1685368,863140,42.63187,21.83338,2021-06-01
22284,9477,27128,2482779,1707652,872617,93.2,62.80262,43.19555,22.0731,1707652,872617,43.19555,22.0731,2021-06-02
31310,25348,50785,2533564,1738962,897965,94.7,64.08724,43.98755,22.71429,1738962,897965,43.98755,22.71429,2021-06-03
35096,23196,52981,2586545,1774058,921161,91.5,65.42741,44.87531,23.30104,1774058,921161,44.87531,23.30104,2021-06-04
29984,17684,42782,2629327,1804042,938845,93.0,66.50959,45.63377,23.74836,1804042,938845,45.63377,23.74836,2021-06-05
25729,14003,30808,2660135,1829771,952848,93.1,67.28889,46.28459,24.10257,1829771,952848,46.28459,24.10257,2021-06-06
31177,17537,44527,2704662,1860948,970385,94.6,68.41521,47.07322,24.54617,1860948,970385,47.07322,24.54617,2021-06-07
21536,21218,39448,2744110,1882484,991603,96.0,69.41306,47.61798,25.08289,1882484,991603,47.61798,25.08289,2021-06-08
30718,16385,42080,2786190,1913202,1007988,90.7,70.47749,48.395,25.49735,1913202,1007988,48.395,25.49735,2021-06-09
30152,20350,47330,2833520,1943354,1028338,92.3,71.67471,49.1577,26.01211,1943354,1028338,49.1577,26.01211,2021-06-10
33974,17297,48124,2881644,1977328,1045635,93.0,72.89202,50.01709,26.44964,1977328,1045635,50.01709,26.44964,2021-06-11
25712,10190,34715,2916359,2003040,1055825,94.1,73.77015,50.66748,26.7074,2003040,1055825,50.66748,26.7074,2021-06-12
16689,5701,21925,2938284,2019729,1061526,94.9,74.32475,51.08963,26.85161,2019729,1061526,51.08963,26.85161,2021-06-13
29685,13523,42214,2980498,2049414,1075049,95.2,75.39256,51.84052,27.19368,2049414,1075049,51.84052,27.19368,2021-06-14
22978,20504,42796,3023294,2072392,1095553,96.6,76.4751,52.42176,27.71233,2072392,1095553,52.42176,27.71233,2021-06-15
27675,15390,42250,3065544,2100067,1110943,91.2,77.54383,53.12181,28.10163,2100067,1110943,53.12181,28.10163,2021-06-16
21964,21701,43045,3108589,2122031,1132644,92.4,78.63266,53.67739,28.65056,2122031,1132644,53.67739,28.65056,2021-06-17
29819,19149,47963,3156552,2151850,1151793,93.8,79.8459,54.43167,29.13494,2151850,1151793,54.43167,29.13494,2021-06-18
22915,12722,34902,3191454,2174765,1164515,94.9,80.72876,55.01131,29.45675,2174765,1164515,55.01131,29.45675,2021-06-19
14397,7642,21663,3213117,2189162,1172157,94.5,81.27673,55.37549,29.65005,2189162,1172157,55.37549,29.65005,2021-06-20
22141,20623,42063,3255180,2211303,1192780,95.7,82.34073,55.93555,30.17172,2211303,1192780,55.93555,30.17172,2021-06-21
19636,23642,42643,3297823,2230939,1216422,96.9,83.41939,56.43225,30.76975,2230939,1216422,56.43225,30.76975,2021-06-22
17563,12642,29505,3327328,2248502,1229064,90.2,84.16573,56.87651,31.08953,2248502,1229064,56.87651,31.08953,2021-06-23
24413,29681,53232,3380560,2272915,1258745,91.3,85.51225,57.49405,31.84032,2272915,1258745,57.49405,31.84032,2021-06-24
24759,27255,51055,3431615,2297674,1286000,92.6,86.8037,58.12033,32.52974,2297674,1286000,58.12033,32.52974,2021-06-25
16472,16656,32520,3464135,2314146,1302656,92.6,87.6263,58.537,32.95106,2314146,1302656,58.537,32.95106,2021-06-26
10216,8668,18597,3482732,2324362,1311324,93.1,88.09672,58.79541,33.17032,2324362,1311324,58.79541,33.17032,2021-06-27
22463,27224,48820,3531552,2346825,1338548,93.9,89.33164,59.36362,33.85896,2346825,1338548,59.36362,33.85896,2021-06-28
16056,31581,46887,3578439,2362881,1370129,95.1,90.51766,59.76976,34.65781,2362881,1370129,59.76976,34.65781,2021-06-29
19708,29299,48050,3626489,2382589,1399428,90.6,91.73309,60.26828,35.39894,2382589,1399428,60.26828,35.39894,2021-06-30
12072,37268,48643,3675132,2394661,1436696,91.8,92.96353,60.57365,36.34164,2394661,1436696,60.57365,36.34164,2021-07-01
18320,30264,47590,3722722,2412981,1466960,91.9,94.16734,61.03706,37.10718,2412981,1466960,61.03706,37.10718,2021-07-02
13987,19953,33406,3756128,2426968,1486913,92.8,95.01235,61.39086,37.6119,2426968,1486913,61.39086,37.6119,2021-07-03
8215,12072,19986,3776114,2435183,1498985,91.8,95.5179,61.59866,37.91726,2435183,1498985,61.59866,37.91726,2021-07-04
7764,31882,39061,3815175,2442947,1530867,92.7,96.50596,61.79506,38.72373,2442947,1530867,61.79506,38.72373,2021-07-05
6498,36456,42502,3857677,2449445,1567323,93.7,97.58106,61.95942,39.64589,2449445,1567323,61.95942,39.64589,2021-07-06
6566,32828,38857,3896534,2456011,1600151,91.6,98.56396,62.12551,40.47629,2456011,1600151,62.12551,40.47629,2021-07-07
5858,36361,41714,3938248,2461869,1636512,92.6,99.61913,62.27369,41.39605,2461869,1636512,62.27369,41.39605,2021-07-08
7068,30899,37246,3975494,2468937,1667411,93.5,100.56128,62.45248,42.17765,2468937,1667411,62.45248,42.17765,2021-07-09
4737,18030,22457,3997951,2473674,1685441,93.2,101.12933,62.5723,42.63372,2473674,1685441,62.5723,42.63372,2021-07-10
2667,9652,12213,4010164,2476341,1695093,93.5,101.43826,62.63977,42.87787,2476341,1695093,62.63977,42.87787,2021-07-11
13472,33277,45921,4056085,2489813,1728370,94.5,102.59985,62.98054,43.71962,2489813,1728370,62.98054,43.71962,2021-07-12
8320,41215,48915,4105000,2498133,1769585,95.7,103.83717,63.191,44.76217,2498133,1769585,63.191,44.76217,2021-07-13
14201,33086,46394,4151394,2512334,1802671,93.0,105.01072,63.55022,45.59909,2512334,1802671,63.55022,45.59909,2021-07-14
9538,36193,45006,4196400,2521872,1838864,94.0,106.14916,63.79149,46.5146,2521872,1838864,63.79149,46.5146,2021-07-15
13753,33814,46692,4243092,2535625,1872678,95.1,107.33025,64.13937,47.36993,2535625,1872678,64.13937,47.36993,2021-07-16
10162,21422,30914,4274006,2545787,1894100,95.8,108.11223,64.39642,47.91181,2545787,1894100,64.39642,47.91181,2021-07-17
6515,12714,18868,4292874,2552302,1906814,95.4,108.5895,64.56122,48.23341,2552302,1906814,64.56122,48.23341,2021-07-18
11673,38818,49630,4342504,2563975,1945632,95.7,109.8449,64.85649,49.21533,2563975,1945632,64.85649,49.21533,2021-07-19
8682,38974,47114,4389618,2572657,1984606,96.7,111.03666,65.07611,50.20119,2572657,1984606,65.07611,50.20119,2021-07-20
12678,33431,45174,4434792,2585335,2018037,94.4,112.17935,65.3968,51.04683,2585335,2018037,65.3968,51.04683,2021-07-21
9113,39381,47741,4482533,2594448,2057418,95.5,113.38698,65.62732,52.04299,2594448,2057418,65.62732,52.04299,2021-07-22
14618,29933,43486,4526019,2609066,2087351,96.4,114.48697,65.99708,52.80015,2609066,2087351,65.99708,52.80015,2021-07-23
8448,18876,26813,4552832,2617514,2106227,97.0,115.16521,66.21078,53.27762,2617514,2106227,66.21078,53.27762,2021-07-24
4483,10077,14342,4567174,2621997,2116304,97.3,115.52799,66.32418,53.53253,2621997,2116304,66.32418,53.53253,2021-07-25
17996,31083,48091,4615265,2639993,2147387,98.3,116.74447,66.77939,54.31878,2639993,2147387,66.77939,54.31878,2021-07-26
14090,35528,48747,4664012,2654083,2182915,98.6,117.97754,67.1358,55.21747,2654083,2182915,67.1358,55.21747,2021-07-27
15569,30875,45457,4709469,2669652,2213790,96.6,119.12739,67.52962,55.99846,2669652,2213790,67.52962,55.99846,2021-07-28
13061,30960,43169,4752638,2682713,2244750,97.5,120.21936,67.86001,56.7816,2682713,2244750,67.86001,56.7816,2021-07-29
14038,23470,36535,4789173,2696751,2268220,98.3,121.14352,68.2151,57.37528,2696751,2268220,68.2151,57.37528,2021-07-30
8373,12233,20072,4809245,2705124,2280453,98.7,121.65125,68.4269,57.68472,2705124,2280453,68.4269,57.68472,2021-07-31
4443,8135,12444,4821689,2709567,2288588,98.9,121.96603,68.53929,57.8905,2709567,2288588,68.53929,57.8905,2021-08-01
15424,25743,39892,4861581,2724991,2314331,99.8,122.97511,68.92944,58.54168,2724991,2314331,68.92944,58.54168,2021-08-02
9950,27449,36560,4898141,2734941,2341780,99.4,123.8999,69.18113,59.23601,2734941,2341780,69.18113,59.23601,2021-08-03
13484,23069,35425,4933566,2748425,2364849,97.4,124.79599,69.52221,59.81954,2748425,2364849,69.52221,59.81954,2021-08-04
10371,25205,34616,4968182,2758796,2390054,98.0,125.67161,69.78455,60.45711,2758796,2390054,69.78455,60.45711,2021-08-05
9923,21428,30518,4998700,2768719,2411482,98.6,126.44357,70.03555,60.99914,2768719,2411482,70.03555,60.99914,2021-08-06
3852,6609,10146,5008846,2772571,2418091,98.8,126.70022,70.13299,61.16632,2772571,2418091,70.13299,61.16632,2021-08-07
1702,3483,5124,5013970,2774273,2421574,98.2,126.82983,70.17604,61.25442,2774273,2421574,70.17604,61.25442,2021-08-08
12200,17064,28117,5042087,2786473,2438638,98.8,127.54106,70.48465,61.68606,2786473,2438638,70.48465,61.68606,2021-08-09
15390,13699,27580,5069667,2801863,2452337,99.3,128.2387,70.87394,62.03258,2801863,2452337,70.87394,62.03258,2021-08-10
13298,12255,24205,5093872,2815161,2464592,97.2,128.85097,71.21032,62.34257,2815161,2464592,71.21032,62.34257,2021-08-11
12137,8820,19748,5113620,2827298,2473412,97.6,129.35051,71.51733,62.56568,2827298,2473412,71.51733,62.56568,2021-08-12
7895,6823,13833,5127453,2835193,2480235,97.1,129.70042,71.71703,62.73827,2835193,2480235,71.71703,62.73827,2021-08-13
530,597,1104,5128557,2835723,2480832,97.2,129.72834,71.73044,62.75337,2835723,2480832,71.73044,62.75337,2021-08-14
58,55,59,5128616,2835781,2480887,97.2,129.72983,71.73191,62.75476,2835781,2480887,71.73191,62.75476,2021-08-15
7722,5077,12117,5140733,2843503,2485964,97.4,130.03634,71.92724,62.88318,2843503,2485964,71.92724,62.88318,2021-08-16
10036,10762,20059,5160792,2853539,2496726,97.0,130.54373,72.1811,63.15541,2853539,2496726,72.1811,63.15541,2021-08-17
11716,9611,20322,5181114,2865255,2506337,93.5,131.05779,72.47746,63.39852,2865255,2506337,72.47746,63.39852,2021-08-18
9601,9186,18016,5199130,2874856,2515523,93.9,131.51351,72.72032,63.63089,2874856,2515523,72.72032,63.63089,2021-08-19
9154,9812,18175,5217305,2884010,2525335,94.2,131.97325,72.95187,63.87908,2884010,2525335,72.95187,63.87908,2021-08-20
2230,2352,4334,5221639,2886240,2527687,94.3,132.08288,73.00828,63.93858,2886240,2527687,73.00828,63.93858,2021-08-21
556,951,1480,5223119,2886796,2528638,94.3,132.12031,73.02234,63.96263,2886796,2528638,73.02234,63.96263,2021-08-22
11666,19880,30564,5253683,2898462,2548518,94.8,132.89344,73.31744,64.4655,2898462,2548518,73.31744,64.4655,2021-08-23
10264,15940,25328,5279011,2908726,2564458,93.5,133.53412,73.57707,64.86871,2908726,2564458,73.57707,64.86871,2021-08-24
11390,15838,25916,5304927,2920116,2580296,94.0,134.18967,73.86518,65.26934,2920116,2580296,73.86518,65.26934,2021-08-25
9639,11735,20413,5325340,2929755,2592031,90.6,134.70602,74.109,65.56618,2929755,2592031,74.109,65.56618,2021-08-26
11045,14229,24052,5349392,2940800,2606260,91.0,135.31443,74.38839,65.9261,2940800,2606260,74.38839,65.9261,2021-08-27
2209,3740,5751,5355143,2943009,2610000,91.1,135.4599,74.44427,66.02071,2943009,2610000,74.44427,66.02071,2021-08-28
450,869,1291,5356434,2943459,2610869,91.1,135.49256,74.45565,66.04269,2943459,2610869,74.45565,66.04269,2021-08-29
12665,17291,28706,5385140,2956124,2628160,91.6,136.21868,74.77602,66.48007,2956124,2628160,74.77602,66.48007,2021-08-30
9238,16742,25016,5410156,2965362,2644902,92.0,136.85147,75.00969,66.90357,2965362,2644902,75.00969,66.90357,2021-08-31
11067,15166,25016,5435172,2976429,2660068,92.4,137.48426,75.28964,67.28719,2976429,2660068,75.28964,67.28719,2021-09-01
8413,16017,23367,5458539,2984842,2676085,90.8,138.07533,75.50245,67.69235,2984842,2676085,75.50245,67.69235,2021-09-02
9745,13138,21574,5480113,2994587,2689223,91.1,138.62105,75.74895,68.02468,2994587,2689223,75.74895,68.02468,2021-09-03
1836,3918,5554,5485667,2996423,2693141,91.2,138.76154,75.79539,68.12379,2996423,2693141,75.79539,68.12379,2021-09-04
1084,2251,3207,5488874,2997507,2695392,91.3,138.84266,75.82281,68.18072,2997507,2695392,75.82281,68.18072,2021-09-05
8177,14670,21857,5510731,3005684,2710062,91.6,139.39554,76.02965,68.55181,3005684,2710062,76.02965,68.55181,2021-09-06
7763,15814,22703,5533434,3013447,2725876,90.3,139.96982,76.22602,68.95183,3013447,2725876,76.22602,68.95183,2021-09-07
6758,12855,18811,5552245,3020205,2738731,88.6,140.44565,76.39696,69.277,3020205,2738731,76.39696,69.277,2021-09-08
5980,13510,18626,5570871,3026185,2752241,88.9,140.9168,76.54823,69.61874,3026185,2752241,76.54823,69.61874,2021-09-09
7287,13389,19559,5590430,3033472,2765630,89.3,141.41155,76.73256,69.95742,3033472,2765630,76.73256,69.95742,2021-09-10
1365,3469,4625,5595055,3034837,2769099,89.3,141.52854,76.76708,70.04516,3034837,2769099,76.76708,70.04516,2021-09-11
458,828,1233,5596288,3035295,2769927,89.3,141.55973,76.77867,70.06611,3035295,2769927,76.77867,70.06611,2021-09-12
6195,14444,19872,5616160,3041490,2784371,89.7,142.0624,76.93537,70.43147,3041490,2784371,76.93537,70.43147,2021-09-13
5107,17589,21949,5638109,3046597,2801960,90.0,142.61761,77.06456,70.87639,3046597,2801960,77.06456,70.87639,2021-09-14
4684,11781,15808,5653917,3051281,2813741,89.6,143.01748,77.18304,71.1744,3051281,2813741,77.18304,71.1744,2021-09-15
4676,14084,18093,5672010,3055957,2827825,88.7,143.47514,77.30132,71.53066,3055957,2827825,77.30132,71.53066,2021-09-16
4968,11040,15346,5687356,3060925,2838865,89.3,143.86332,77.42699,71.80992,3060925,2838865,77.42699,71.80992,2021-09-17
1042,2314,3237,5690593,3061967,2841179,89.3,143.94521,77.45335,71.86845,3061967,2841179,77.45335,71.86845,2021-09-18
245,419,623,5691216,3062212,2841598,89.4,143.96096,77.45954,71.87905,3062212,2841598,77.45954,71.87905,2021-09-19
6818,10374,16324,5707540,3069030,2851972,89.6,144.37388,77.63201,72.14146,3069030,2851972,77.63201,72.14146,2021-09-20
6205,15773,21270,5728810,3075235,2867745,89.9,144.91192,77.78896,72.54044,3075235,2867745,77.78896,72.54044,2021-09-21
5361,11682,16369,5745179,3080596,2879427,88.6,145.32597,77.92457,72.83594,3080596,2879427,77.92457,72.83594,2021-09-22
6325,12268,17749,5762928,3086921,2891695,88.8,145.77494,78.08456,73.14627,3086921,2891695,78.08456,73.14627,2021-09-23
4813,10745,14940,5777868,3091734,2902440,89.1,146.15285,78.20631,73.41806,3091734,2902440,78.20631,73.41806,2021-09-24
1055,1399,2282,5780150,3092789,2903839,89.1,146.21058,78.233,73.45345,3092789,2903839,78.233,73.45345,2021-09-25
363,592,928,5781078,3093152,2904431,89.1,146.23405,78.24218,73.46843,3093152,2904431,78.24218,73.46843,2021-09-26
5415,9192,13925,5795003,3098567,2913623,89.3,146.58629,78.37915,73.70094,3098567,2913623,78.37915,73.70094,2021-09-27
5498,10545,15291,5810294,3104065,2924168,89.6,146.97308,78.51823,73.96768,3104065,2924168,78.51823,73.96768,2021-09-28
4454,7471,11362,5821656,3108519,2931639,85.6,147.26048,78.63089,74.15666,3108519,2931639,78.63089,74.15666,2021-09-29
5000,8943,13193,5834849,3113519,2940582,85.8,147.5942,78.75737,74.38288,3113519,2940582,78.75737,74.38288,2021-09-30
3855,6258,9597,5844446,3117374,2946840,85.9,147.83696,78.85488,74.54118,3117374,2946840,78.85488,74.54118,2021-10-01
405,881,1229,5845675,3117779,2947721,86.0,147.86805,78.86513,74.56346,3117779,2947721,78.86513,74.56346,2021-10-02
201,278,452,5846127,3117980,2947999,86.0,147.87948,78.87021,74.57049,3117980,2947999,78.87021,74.57049,2021-10-03
3455,6824,9828,5855955,3121435,2954823,86.1,148.12809,78.95761,74.74311,3121435,2954823,78.95761,74.74311,2021-10-04
3747,7050,10239,5866194,3125182,2961873,86.3,148.38708,79.05239,74.92144,3125182,2961873,79.05239,74.92144,2021-10-05
3015,4052,6685,5872879,3128197,2965925,85.4,148.55618,79.12865,75.02394,3128197,2965925,79.12865,75.02394,2021-10-06
3917,6156,9452,5882331,3132114,2972081,85.6,148.79527,79.22773,75.17965,3132114,2972081,79.22773,75.17965,2021-10-07
4036,5630,9107,5891438,3136150,2977711,85.7,149.02564,79.32983,75.32207,3136150,2977711,79.32983,75.32207,2021-10-08
893,1039,1793,5893231,3137043,2978750,85.7,149.07099,79.35242,75.34835,3137043,2978750,79.35242,75.34835,2021-10-09
32,116,147,5893378,3137075,2978866,85.7,149.07471,79.35322,75.35128,3137075,2978866,79.35322,75.35128,2021-10-10
3590,5683,8855,5902233,3140665,2984549,85.9,149.2987,79.44403,75.49504,3140665,2984549,79.44403,75.49504,2021-10-11
4331,6225,10029,5912262,3144996,2990774,86.0,149.55239,79.55359,75.6525,3144996,2990774,79.55359,75.6525,2021-10-12
3702,4148,7478,5919740,3148698,2994922,86.1,149.74155,79.64723,75.75742,3148698,2994922,79.64723,75.75742,2021-10-13
5919,7098,12416,5932156,3154617,3002020,86.3,150.05561,79.79695,75.93697,3154617,3002020,79.79695,75.93697,2021-10-14
3792,4333,7795,5939951,3158409,3006353,86.4,150.25279,79.89287,76.04657,3158409,3006353,79.89287,76.04657,2021-10-15
645,672,1239,5941190,3159054,3007025,86.4,150.28413,79.90919,76.06357,3159054,3007025,79.90919,76.06357,2021-10-16
60,26,77,5941267,3159114,3007051,86.4,150.28608,79.91071,76.06423,3159114,3007051,79.91071,76.06423,2021-10-17
4133,6217,9911,5951178,3163247,3013268,86.6,150.53678,80.01525,76.22149,3163247,3013268,80.01525,76.22149,2021-10-18
3496,6566,9674,5960852,3166743,3019834,86.7,150.78149,80.10369,76.38758,3166743,3019834,80.10369,76.38758,2021-10-19
0,0,0,5960852,3166743,3019834,86.7,150.78149,80.10369,76.38758,3166743,3019834,80.10369,76.38758,2021-10-20
2053,4042,13478,5974330,3168796,3023876,88.3,151.12242,80.15562,76.48982,3168796,3023876,80.15562,76.48982,2021-10-21
2054,4043,13479,5987809,3170850,3027919,88.3,151.46337,80.20757,76.59209,3170850,3027919,80.20757,76.59209,2021-10-22
2053,4042,13478,6001287,3172903,3031961,88.3,151.8043,80.2595,76.69434,3172903,3031961,80.2595,76.69434,2021-10-23
2054,4043,13479,6014766,3174957,3036004,88.3,152.14526,80.31146,76.7966,3174957,3036004,80.31146,76.7966,2021-10-24
2054,4042,13479,6028245,3177011,3040046,88.3,152.48621,80.36342,76.89885,3177011,3040046,80.36342,76.89885,2021-10-25
2053,4043,13478,6041723,3179064,3044089,88.3,152.82714,80.41535,77.00112,3179064,3044089,80.41535,77.00112,2021-10-26
2054,4042,13479,6055202,3181118,3048131,88.3,153.1681,80.46731,77.10336,3181118,3048131,80.46731,77.10336,2021-10-27
2054,4043,13479,6068681,3183172,3052174,88.3,153.50905,80.51926,77.20563,3183172,3052174,80.51926,77.20563,2021-10-28
