delta_1d,delta_2d,delta_all,sum_doses,sum_1d,sum_2d,perc_doses,perc_inh_tot,perc_inh_1d,perc_inh_2d,sum_monotone_1d,sum_monotone_2d,perc_inh_monotone_1d,perc_inh_monotone_2d,date
0,0,0,0,0,0,0,0,0,0,0,0,0,0,2020-12-26
510,0,510,510,510,0,101.0,0.0129,0.0129,0.0,510,0,0.0129,0.0,2020-12-27
0,0,0,510,510,0,101.0,0.0129,0.0129,0.0,510,0,0.0129,0.0,2020-12-28
0,0,0,510,510,0,101.0,0.0129,0.0129,0.0,510,0,0.0129,0.0,2020-12-29
1,0,1,511,511,0,2.4,0.01293,0.01293,0.0,511,0,0.01293,0.0,2020-12-30
1637,0,1637,2148,2148,0,8.3,0.05433,0.05433,0.0,2148,0,0.05433,0.0,2020-12-31
150,0,150,2298,2298,0,8.9,0.05813,0.05813,0.0,2298,0,0.05813,0.0,2021-01-01
2957,0,2957,5255,5255,0,20.3,0.13293,0.13293,0.0,5255,0,0.13293,0.0,2021-01-02
2010,1,2010,7265,7265,1,28.1,0.18377,0.18377,3e-05,7265,1,0.18377,3e-05,2021-01-03
4512,2,4512,11777,11777,3,45.6,0.2979,0.2979,8e-05,11777,3,0.2979,8e-05,2021-01-04
5114,3,5114,16891,16891,6,53.3,0.42726,0.42726,0.00015,16891,6,0.42726,0.00015,2021-01-05
3958,1,3958,20849,20849,7,65.8,0.52738,0.52738,0.00018,20849,7,0.52738,0.00018,2021-01-06
5734,0,5734,26583,26583,7,55.1,0.67242,0.67242,0.00018,26583,7,0.67242,0.00018,2021-01-07
5689,2,5689,32272,32272,9,66.8,0.81633,0.81633,0.00023,32272,9,0.81633,0.00023,2021-01-08
4897,4,4897,37169,37169,13,77.0,0.9402,0.9402,0.00033,37169,13,0.9402,0.00033,2021-01-09
2350,0,2350,39519,39519,13,81.9,0.99964,0.99964,0.00033,39519,13,0.99964,0.00033,2021-01-10
3758,1,3758,43277,43277,14,60.4,1.0947,1.0947,0.00035,43277,14,1.0947,0.00035,2021-01-11
4221,1,4221,47498,47498,15,63.7,1.20148,1.20148,0.00038,47498,15,1.20148,0.00038,2021-01-12
4551,1,4551,52049,52049,16,69.8,1.31659,1.31659,0.0004,52049,16,1.31659,0.0004,2021-01-13
4079,1,4079,56128,56128,17,75.2,1.41977,1.41977,0.00043,56128,17,1.41977,0.00043,2021-01-14
4557,5,4557,60685,60685,22,81.3,1.53504,1.53504,0.00056,60685,22,1.53504,0.00056,2021-01-15
2508,1,2508,63193,63193,23,84.7,1.59849,1.59849,0.00058,63193,23,1.59849,0.00058,2021-01-16
1242,70,1312,64505,64435,93,86.5,1.63167,1.6299,0.00235,64435,93,1.6299,0.00235,2021-01-17
1496,352,1847,66352,65931,445,72.9,1.67839,1.66774,0.01126,65931,445,1.66774,0.01126,2021-01-18
1212,11,1222,67574,67143,456,72.4,1.7093,1.6984,0.01153,67143,456,1.6984,0.01153,2021-01-19
1539,10,1547,69121,68682,466,74.1,1.74844,1.73733,0.01179,68682,466,1.73733,0.01179,2021-01-20
1270,864,2132,71253,69952,1330,76.3,1.80237,1.76946,0.03364,69952,1330,1.76946,0.03364,2021-01-21
993,422,1414,72667,70945,1752,77.9,1.83813,1.79457,0.04432,70945,1752,1.79457,0.04432,2021-01-22
883,2160,3042,75709,71828,3912,81.1,1.91508,1.81691,0.09896,71828,3912,1.81691,0.09896,2021-01-23
151,1522,1673,77382,71979,5434,82.9,1.9574,1.82073,0.13745,71979,5434,1.82073,0.13745,2021-01-24
425,3413,3837,81219,72404,8847,77.3,2.05446,1.83148,0.22379,72404,8847,1.83148,0.22379,2021-01-25
564,4815,5378,86597,72968,13662,77.3,2.1905,1.84575,0.34558,72968,13662,1.84575,0.34558,2021-01-26
618,3986,4604,91201,73586,17648,75.9,2.30696,1.86138,0.44641,73586,17648,1.86138,0.44641,2021-01-27
442,5046,5488,96689,74028,22694,80.4,2.44578,1.87256,0.57405,74028,22694,1.87256,0.57405,2021-01-28
224,5992,6216,102905,74252,28686,85.6,2.60301,1.87823,0.72562,74252,28686,1.87823,0.72562,2021-01-29
382,5158,5539,108444,74634,33844,90.2,2.74312,1.88789,0.85609,74634,33844,1.88789,0.85609,2021-01-30
73,1747,1820,110264,74707,35591,91.7,2.78916,1.88974,0.90028,74707,35591,1.88974,0.90028,2021-01-31
354,3624,3977,114241,75061,39215,82.4,2.88976,1.89869,0.99195,75061,39215,1.89869,0.99195,2021-02-01
575,3787,4361,118602,75636,43002,78.9,3.00007,1.91323,1.08775,75636,43002,1.91323,1.08775,2021-02-02
706,4346,5051,123653,76342,47348,82.3,3.12784,1.93109,1.19768,76342,47348,1.93109,1.19768,2021-02-03
1137,4801,5935,129588,77479,52149,86.2,3.27797,1.95985,1.31912,77479,52149,1.95985,1.31912,2021-02-04
1316,4335,5646,135234,78795,56484,90.0,3.42078,1.99314,1.42878,78795,56484,1.99314,1.42878,2021-02-05
1592,2978,4555,139789,80387,59462,93.0,3.536,2.03341,1.50411,80387,59462,2.03341,1.50411,2021-02-06
253,1331,1584,141373,80640,60793,94.1,3.57607,2.03981,1.53778,80640,60793,2.03981,1.53778,2021-02-07
1597,2426,4008,145381,82237,63219,96.7,3.67745,2.08021,1.59914,82237,63219,2.08021,1.59914,2021-02-08
2174,1696,3850,149231,84411,64915,74.2,3.77484,2.1352,1.64204,84411,64915,2.1352,1.64204,2021-02-09
2144,1533,3657,152888,86555,66448,76.1,3.86735,2.18943,1.68082,86555,66448,2.18943,1.68082,2021-02-10
2419,1307,3698,156586,88974,67755,77.9,3.96089,2.25062,1.71388,88974,67755,2.25062,1.71388,2021-02-11
3122,1118,4216,160802,92096,68873,80.0,4.06753,2.3296,1.74216,92096,68873,2.3296,1.74216,2021-02-12
3036,712,3732,164534,95132,69585,71.9,4.16194,2.40639,1.76017,95132,69585,2.40639,1.76017,2021-02-13
663,132,790,165324,95795,69717,72.3,4.18192,2.42316,1.76351,95795,69717,2.42316,1.76351,2021-02-14
2641,667,3263,168587,98436,70384,65.0,4.26446,2.48997,1.78038,98436,70384,2.48997,1.78038,2021-02-15
2742,679,3391,171978,101178,71063,64.3,4.35023,2.55933,1.79756,101178,71063,2.55933,1.79756,2021-02-16
3656,679,4296,176274,104834,71742,65.9,4.4589,2.65181,1.81473,104834,71742,2.65181,1.81473,2021-02-17
3776,670,4386,180660,108610,72412,67.6,4.56985,2.74732,1.83168,108610,72412,2.74732,1.83168,2021-02-18
4357,448,4750,185410,112967,72860,68.0,4.69,2.85753,1.84301,112967,72860,2.85753,1.84301,2021-02-19
2719,289,2976,188386,115686,73149,62.5,4.76528,2.92631,1.85033,115686,73149,2.92631,1.85033,2021-02-20
2115,113,2178,190564,117801,73262,63.2,4.82037,2.97981,1.85318,117801,73262,2.97981,1.85318,2021-02-21
9316,425,9652,200216,127117,73687,59.7,5.06452,3.21546,1.86393,127117,73687,3.21546,1.86393,2021-02-22
8900,588,9396,209612,136017,74275,62.5,5.3022,3.44059,1.87881,136017,74275,3.44059,1.87881,2021-02-23
9469,693,10066,219678,145486,74968,65.5,5.55682,3.68011,1.89634,145486,74968,3.68011,1.89634,2021-02-24
10807,1319,11989,231667,156293,76287,68.1,5.86008,3.95348,1.9297,156293,76287,3.95348,1.9297,2021-02-25
12718,1275,13797,245464,169011,77562,72.2,6.20908,4.27518,1.96195,169011,77562,4.27518,1.96195,2021-02-26
13011,1417,14245,259709,182022,78979,70.4,6.56941,4.6043,1.9978,182022,78979,4.6043,1.9978,2021-02-27
5883,266,6074,265783,187905,79245,72.0,6.72306,4.75311,2.00453,187905,79245,4.75311,2.00453,2021-02-28
13742,1537,15127,280910,201647,80782,66.3,7.1057,5.10072,2.0434,201647,80782,5.10072,2.0434,2021-03-01
15108,1549,16414,297324,216755,82331,70.2,7.5209,5.48288,2.08259,216755,82331,5.48288,2.08259,2021-03-02
14880,2089,16818,314142,231635,84420,74.1,7.94631,5.85927,2.13543,231635,84420,5.85927,2.13543,2021-03-03
13948,1666,15387,329529,245583,86086,77.7,8.33553,6.21209,2.17757,245583,86086,6.21209,2.17757,2021-03-04
15412,2536,17728,347257,260995,88622,81.8,8.78397,6.60194,2.24172,260995,88622,6.60194,2.24172,2021-03-05
14055,2293,16179,363436,275050,90915,85.6,9.19322,6.95747,2.29972,275050,90915,6.95747,2.29972,2021-03-06
4415,623,4993,368429,279465,91538,86.8,9.31952,7.06915,2.31548,279465,91538,7.06915,2.31548,2021-03-07
12598,2570,15010,383439,292063,94108,82.1,9.6992,7.38782,2.38049,292063,94108,7.38782,2.38049,2021-03-08
11676,2198,13693,397132,303739,96306,85.0,10.04557,7.68317,2.43609,303739,96306,7.68317,2.43609,2021-03-09
11714,3293,14849,411981,315453,99599,80.5,10.42118,7.97948,2.51939,315453,99599,7.97948,2.51939,2021-03-10
11659,3397,14851,426832,327112,102996,83.4,10.79684,8.27439,2.60531,327112,102996,8.27439,2.60531,2021-03-11
10368,4084,14312,441144,337480,107080,86.1,11.15887,8.53665,2.70862,337480,107080,8.53665,2.70862,2021-03-12
8664,1913,10480,451624,346144,108993,85.4,11.42396,8.75581,2.75701,346144,108993,8.75581,2.75701,2021-03-13
2513,904,3380,455004,348657,109897,86.0,11.50946,8.81938,2.77988,348657,109897,8.81938,2.77988,2021-03-14
5840,6619,12355,467359,354497,116516,81.7,11.82198,8.9671,2.94731,354497,116516,8.9671,2.94731,2021-03-15
3508,6434,9885,477244,358005,122950,83.5,12.07203,9.05584,3.11006,358005,122950,9.05584,3.11006,2021-03-16
4167,6252,10357,487601,362172,129202,85.3,12.33401,9.16125,3.2682,362172,129202,9.16125,3.2682,2021-03-17
3406,6276,9616,497217,365578,135478,87.0,12.57725,9.2474,3.42696,365578,135478,9.2474,3.42696,2021-03-18
3403,4620,7987,505204,368981,140098,88.4,12.77928,9.33348,3.54382,368981,140098,9.33348,3.54382,2021-03-19
3815,4669,8439,513643,372796,144767,89.8,12.99275,9.42998,3.66192,372796,144767,9.42998,3.66192,2021-03-20
590,2119,2697,516340,373386,146886,87.2,13.06097,9.44491,3.71552,373386,146886,9.44491,3.71552,2021-03-21
4316,5737,9982,526322,377702,152623,78.3,13.31347,9.55408,3.86064,377702,152623,9.55408,3.86064,2021-03-22
4626,6618,11150,537472,382328,159241,79.9,13.59551,9.6711,4.02805,382328,159241,9.6711,4.02805,2021-03-23
6161,7569,13612,551084,388489,166810,81.8,13.93983,9.82694,4.21951,388489,166810,9.82694,4.21951,2021-03-24
5354,6512,11767,562851,393843,173322,81.3,14.23748,9.96237,4.38423,393843,173322,9.96237,4.38423,2021-03-25
7353,4813,12031,574882,401196,178135,83.0,14.54181,10.14837,4.50598,401196,178135,10.14837,4.50598,2021-03-26
6993,5299,12180,587062,408189,183434,84.8,14.8499,10.32526,4.64002,408189,183434,10.32526,4.64002,2021-03-27
1213,2370,3548,590610,409402,185804,85.3,14.93965,10.35594,4.69997,409402,185804,10.35594,4.69997,2021-03-28
6811,6961,13573,604183,416213,192765,80.0,15.28298,10.52823,4.87605,416213,192765,10.52823,4.87605,2021-03-29
6348,6249,12443,616626,422561,199014,81.6,15.59773,10.6888,5.03412,422561,199014,10.6888,5.03412,2021-03-30
8989,5740,14579,631205,431550,204754,83.5,15.96651,10.91618,5.17931,431550,204754,10.91618,5.17931,2021-03-31
7597,6594,13975,645180,439147,211348,85.3,16.32002,11.10835,5.34611,439147,211348,11.10835,5.34611,2021-04-01
8334,4678,12861,658041,447481,216026,83.7,16.64534,11.31916,5.46444,447481,216026,11.31916,5.46444,2021-04-02
7011,3763,10582,668623,454492,219789,76.7,16.91301,11.49651,5.55963,454492,219789,11.49651,5.55963,2021-04-03
5988,88,5994,674617,460480,219877,77.4,17.06463,11.64798,5.56185,460480,219877,11.64798,5.56185,2021-04-04
12237,674,12770,687387,472717,220551,78.8,17.38765,11.95751,5.5789,472717,220551,11.95751,5.5789,2021-04-05
7094,6942,13866,701253,479811,227493,72.7,17.7384,12.13696,5.7545,479811,227493,12.13696,5.7545,2021-04-06
9035,6900,15737,716990,488846,234393,74.3,18.13647,12.3655,5.92904,488846,234393,12.3655,5.92904,2021-04-07
11325,6412,17522,734512,500171,240805,76.1,18.57969,12.65197,6.09123,500171,240805,12.65197,6.09123,2021-04-08
17462,5030,22106,756618,517633,245835,78.4,19.13887,13.09368,6.21847,517633,245835,13.09368,6.21847,2021-04-09
26489,4843,30950,787568,544122,250678,81.6,19.92176,13.76372,6.34097,544122,250678,13.76372,6.34097,2021-04-10
14838,1829,16486,804054,558960,252507,83.3,20.33878,14.13906,6.38724,558960,252507,14.13906,6.38724,2021-04-11
26458,3338,29480,833534,585418,255845,86.4,21.08449,14.80832,6.47167,585418,255845,14.80832,6.47167,2021-04-12
25244,3851,28781,862315,610662,259696,89.3,21.81251,15.44687,6.56909,610662,259696,15.44687,6.56909,2021-04-13
28744,3607,32045,894360,639406,263303,83.6,22.6231,16.17396,6.66033,639406,263303,16.17396,6.66033,2021-04-14
28991,4177,32766,927126,668397,267480,85.8,23.45192,16.9073,6.76598,668397,267480,16.9073,6.76598,2021-04-15
32846,3718,36133,963259,701243,271198,89.2,24.36592,17.73815,6.86003,701243,271198,17.73815,6.86003,2021-04-16
36499,4009,40085,1003344,737742,275207,92.4,25.37988,18.6614,6.96144,737742,275207,18.6614,6.96144,2021-04-17
21621,1251,22677,1026021,759363,276458,94.5,25.9535,19.20831,6.99309,759363,276458,19.20831,6.99309,2021-04-18
24711,3385,27757,1053778,784074,279843,94.7,26.65562,19.83338,7.07871,784074,279843,19.83338,7.07871,2021-04-19
17737,3750,21222,1075000,801811,283593,95.5,27.19244,20.28204,7.17357,801811,283593,20.28204,7.17357,2021-04-20
19417,4047,23162,1098162,821228,287640,87.8,27.77833,20.7732,7.27594,821228,287640,20.7732,7.27594,2021-04-21
18127,5614,23066,1121228,839355,293254,88.7,28.36179,21.23173,7.41795,839355,293254,21.23173,7.41795,2021-04-22
24326,6239,29612,1150840,863681,299493,91.1,29.11083,21.84706,7.57576,863681,299493,21.84706,7.57576,2021-04-23
25504,5926,29458,1180298,889185,305419,93.4,29.85598,22.49219,7.72566,889185,305419,22.49219,7.72566,2021-04-24
10184,1282,11328,1191626,899369,306701,94.3,30.14253,22.7498,7.75809,899369,306701,22.7498,7.75809,2021-04-25
23108,3843,26347,1217973,922477,310544,94.6,30.80898,23.33432,7.8553,922477,310544,23.33432,7.8553,2021-04-26
21103,7653,26725,1244698,943580,318197,96.6,31.485,23.86813,8.04889,943580,318197,23.86813,8.04889,2021-04-27
15078,6250,19868,1264566,958658,324447,87.8,31.98756,24.24953,8.20698,958658,324447,24.24953,8.20698,2021-04-28
19609,7583,26311,1290877,978267,332030,89.6,32.65311,24.74555,8.3988,978267,332030,24.74555,8.3988,2021-04-29
23034,13214,35036,1325913,1001301,345244,92.1,33.53936,25.3282,8.73305,1001301,345244,25.3282,8.73305,2021-04-30
16997,12601,27698,1353611,1018298,357845,85.0,34.23998,25.75814,9.05179,1018298,357845,25.75814,9.05179,2021-05-01
14076,9302,21353,1374964,1032374,367147,86.4,34.78011,26.1142,9.28709,1032374,367147,26.1142,9.28709,2021-05-02
22722,14255,33408,1408372,1055096,381402,88.5,35.62518,26.68896,9.64767,1055096,381402,26.68896,9.64767,2021-05-03
18661,19826,35216,1443588,1073757,401228,90.7,36.51598,27.161,10.14918,1073757,401228,27.161,10.14918,2021-05-04
25085,16230,39337,1482925,1098842,417458,85.5,37.51102,27.79553,10.55972,1098842,417458,27.79553,10.55972,2021-05-05
19868,21019,39758,1522683,1118710,438477,87.8,38.51671,28.29809,11.0914,1118710,438477,28.29809,11.0914,2021-05-06
26564,24702,50229,1572912,1145274,463179,88.7,39.78727,28.97004,11.71625,1145274,463179,28.97004,11.71625,2021-05-07
24525,32178,54449,1627361,1169799,495357,91.8,41.16457,29.59041,12.5302,1169799,495357,29.59041,12.5302,2021-05-08
15164,16330,30833,1658194,1184963,511687,93.5,41.9445,29.97398,12.94327,1184963,511687,29.97398,12.94327,2021-05-09
19819,18982,37909,1696103,1204782,530669,95.6,42.90342,30.47531,13.42343,1204782,530669,30.47531,13.42343,2021-05-10
14179,19337,32715,1728818,1218961,550006,97.5,43.73095,30.83397,13.91256,1218961,550006,30.83397,13.91256,2021-05-11
24105,13794,36645,1765463,1243066,563800,92.2,44.6579,31.44372,14.26149,1243066,563800,31.44372,14.26149,2021-05-12
21563,17953,38865,1804328,1264629,581753,91.8,45.641,31.98916,14.71561,1264629,581753,31.98916,14.71561,2021-05-13
28862,17466,45082,1849410,1293491,599219,92.7,46.78136,32.71923,15.15742,1293491,599219,32.71923,15.15742,2021-05-14
23539,21912,43695,1893105,1317030,621131,94.9,47.88664,33.31466,15.71169,1317030,621131,33.31466,15.71169,2021-05-15
12693,14226,24641,1917746,1329723,635357,96.1,48.50994,33.63573,16.07154,1329723,635357,33.63573,16.07154,2021-05-16
20956,14601,32947,1950693,1350679,649958,97.7,49.34335,34.16582,16.44088,1350679,649958,34.16582,16.44088,2021-05-17
16073,14974,28968,1979661,1366752,664932,99.2,50.0761,34.57239,16.81965,1366752,664932,34.57239,16.81965,2021-05-18
19991,8753,26476,2006137,1386743,673685,93.9,50.74582,35.07807,17.04106,1386743,673685,35.07807,17.04106,2021-05-19
21277,13369,33711,2039848,1408020,687054,94.7,51.59855,35.61628,17.37923,1408020,687054,35.61628,17.37923,2021-05-20
29064,11540,39235,2079083,1437084,698594,94.8,52.59101,36.35146,17.67114,1437084,698594,36.35146,17.67114,2021-05-21
24191,12240,34766,2113849,1461275,710834,96.4,53.47043,36.96338,17.98075,1461275,710834,36.96338,17.98075,2021-05-22
14125,5919,17958,2131807,1475400,716753,97.2,53.92468,37.32067,18.13048,1475400,716753,37.32067,18.13048,2021-05-23
25117,13762,36205,2168012,1500517,730515,96.8,54.84049,37.95601,18.47859,1500517,730515,37.95601,18.47859,2021-05-24
21166,15600,34820,2202832,1521683,746115,98.4,55.72128,38.49141,18.8732,1521683,746115,38.49141,18.8732,2021-05-25
26886,15529,38703,2241535,1548569,761644,94.2,56.70028,39.1715,19.26601,1548569,761644,39.1715,19.26601,2021-05-26
23571,19080,40992,2282527,1572140,780724,95.9,57.73718,39.76774,19.74864,1572140,780724,39.76774,19.74864,2021-05-27
28237,17745,44118,2326645,1600377,798469,97.7,58.85316,40.482,20.19751,1600377,798469,40.482,20.19751,2021-05-28
21141,10705,30678,2357323,1621518,809174,99.0,59.62917,41.01677,20.46829,1621518,809174,41.01677,20.46829,2021-05-29
15977,6658,21048,2378371,1637495,815832,97.3,60.16159,41.42091,20.63671,1637495,815832,41.42091,20.63671,2021-05-30
23713,19744,37959,2416330,1661208,835576,98.8,61.12177,42.02074,21.13614,1661208,835576,42.02074,21.13614,2021-05-31
22034,22274,35030,2451360,1683242,857850,92.0,62.00786,42.5781,21.69957,1683242,857850,42.5781,21.69957,2021-06-01
22245,9454,27084,2478444,1705487,867304,93.0,62.69296,43.14079,21.93871,1705487,867304,43.14079,21.93871,2021-06-02
31258,25262,50676,2529120,1736745,892566,94.5,63.97483,43.93147,22.57772,1736745,892566,43.93147,22.57772,2021-06-03
35012,23121,52844,2581964,1771757,915687,91.4,65.31153,44.81711,23.16257,1771757,915687,44.81711,23.16257,2021-06-04
29907,17593,42651,2624615,1801664,933280,92.9,66.3904,45.57361,23.60759,1801664,933280,45.57361,23.60759,2021-06-05
25684,13968,30747,2655362,1827348,947248,92.9,67.16815,46.2233,23.96091,1827348,947248,46.2233,23.96091,2021-06-06
31144,17461,44449,2699811,1858492,964709,94.5,68.2925,47.0111,24.40259,1858492,964709,47.0111,24.40259,2021-06-07
21515,21147,39380,2739191,1880007,985856,95.8,69.28863,47.55532,24.93751,1880007,985856,47.55532,24.93751,2021-06-08
30664,16281,41976,2781167,1910671,1002137,90.6,70.35043,48.33098,25.34935,1910671,1002137,48.33098,25.34935,2021-06-09
30116,20265,47240,2828407,1940787,1022402,92.1,71.54538,49.09277,25.86196,1940787,1022402,49.09277,25.86196,2021-06-10
33915,17216,48010,2876417,1974702,1039618,92.9,72.7598,49.95066,26.29744,1974702,1039618,49.95066,26.29744,2021-06-11
25666,10140,34642,2911059,2000368,1049758,94.0,73.63608,50.59989,26.55393,2000368,1049758,50.59989,26.55393,2021-06-12
16641,5672,21862,2932921,2017009,1055430,94.7,74.18909,51.02083,26.69741,2017009,1055430,51.02083,26.69741,2021-06-13
29638,13418,42093,2975014,2046647,1068848,95.1,75.25384,51.77053,27.03682,2046647,1068848,51.77053,27.03682,2021-06-14
22980,20395,42715,3017729,2069627,1089243,96.4,76.33433,52.35182,27.55272,2069627,1089243,52.35182,27.55272,2021-06-15
27626,15297,42131,3059860,2097253,1104540,91.0,77.40005,53.05062,27.93966,2097253,1104540,53.05062,27.93966,2021-06-16
21968,21561,42930,3102790,2119221,1126101,92.2,78.48598,53.60631,28.48505,2119221,1126101,53.60631,28.48505,2021-06-17
29805,19045,47864,3150654,2149026,1145146,93.6,79.69671,54.36024,28.9668,2149026,1145146,54.36024,28.9668,2021-06-18
22872,12645,34808,3185462,2171898,1157791,94.7,80.57719,54.93879,29.28666,2171898,1157791,54.93879,29.28666,2021-06-19
14387,7588,21608,3207070,2186285,1165379,94.3,81.12377,55.30272,29.4786,2186285,1165379,55.30272,29.4786,2021-06-20
22085,20510,41915,3248985,2208370,1185889,95.5,82.18402,55.86136,29.99741,2208370,1185889,55.86136,29.99741,2021-06-21
19633,23505,42527,3291512,2228003,1209394,96.8,83.25975,56.35798,30.59197,2228003,1209394,56.35798,30.59197,2021-06-22
17553,12551,29433,3320945,2245556,1221945,90.0,84.00427,56.80199,30.90945,2245556,1221945,56.80199,30.90945,2021-06-23
24364,29431,52969,3373914,2269920,1251376,91.1,85.34414,57.41829,31.65392,2269920,1251376,57.41829,31.65392,2021-06-24
24740,27065,50894,3424808,2294660,1278441,92.5,86.63151,58.04409,32.33854,2294660,1278441,58.04409,32.33854,2021-06-25
16462,16555,32441,3457249,2311122,1294996,92.4,87.45212,58.4605,32.7573,2311122,1294996,58.4605,32.7573,2021-06-26
10216,8605,18555,3475804,2321338,1303601,92.9,87.92147,58.71892,32.97497,2321338,1303601,58.71892,32.97497,2021-06-27
22464,27059,48696,3524500,2343802,1330660,93.7,89.15325,59.28715,33.65943,2343802,1330660,59.28715,33.65943,2021-06-28
16050,31363,46690,3571190,2359852,1362023,94.9,90.33429,59.69314,34.45277,2359852,1362023,59.69314,34.45277,2021-06-29
19682,29089,47859,3619049,2379534,1391112,90.4,91.5449,60.191,35.18858,2379534,1391112,60.191,35.18858,2021-06-30
12087,37027,48455,3667504,2391621,1428139,91.6,92.77058,60.49675,36.12519,2391621,1428139,60.49675,36.12519,2021-07-01
18273,30083,47400,3714904,2409894,1458222,91.8,93.96958,60.95897,36.88615,2409894,1458222,60.95897,36.88615,2021-07-02
13968,19802,33265,3748169,2423862,1478024,92.6,94.81103,61.31229,37.38705,2423862,1478024,61.31229,37.38705,2021-07-03
8217,11994,19920,3768089,2432079,1490018,91.6,95.31491,61.52015,37.69044,2432079,1490018,61.52015,37.69044,2021-07-04
7797,31686,38917,3807006,2439876,1521704,92.5,96.29932,61.71737,38.49195,2439876,1521704,61.71737,38.49195,2021-07-05
6530,36320,42415,3849421,2446406,1558024,93.5,97.37222,61.88255,39.41067,2446406,1558024,61.88255,39.41067,2021-07-06
6608,32645,38735,3888156,2453014,1590669,91.4,98.35204,62.0497,40.23644,2453014,1590669,62.0497,40.23644,2021-07-07
5894,36145,41552,3929708,2458908,1626814,92.4,99.40311,62.19879,41.15073,2458908,1626814,62.19879,41.15073,2021-07-08
7089,30724,37121,3966829,2465997,1657538,93.3,100.34209,62.37811,41.92791,2465997,1657538,62.37811,41.92791,2021-07-09
4762,17929,22396,3989225,2470759,1675467,93.0,100.90861,62.49857,42.38143,2470759,1675467,62.49857,42.38143,2021-07-10
2674,9604,12178,4001403,2473433,1685071,93.3,101.21665,62.56621,42.62436,2473433,1685071,62.56621,42.62436,2021-07-11
13499,33040,45757,4047160,2486932,1718111,94.3,102.37409,62.90767,43.46012,2486932,1718111,62.90767,43.46012,2021-07-12
8389,41019,48809,4095969,2495321,1759130,95.5,103.60873,63.11987,44.49771,2495321,1759130,63.11987,44.49771,2021-07-13
14208,32870,46215,4142184,2509529,1792000,92.8,104.77775,63.47927,45.32916,2509529,1792000,63.47927,45.32916,2021-07-14
9537,35968,44824,4187008,2519066,1827968,93.8,105.91159,63.72051,46.23898,2519066,1827968,63.72051,46.23898,2021-07-15
13734,33603,46510,4233518,2532800,1861571,94.9,107.08807,64.06791,47.08898,2532800,1861571,64.06791,47.08898,2021-07-16
10140,21291,30797,4264315,2542940,1882862,95.6,107.86709,64.32441,47.62754,2542940,1882862,64.32441,47.62754,2021-07-17
6544,12622,18827,4283142,2549484,1895484,95.2,108.34332,64.48994,47.94682,2549484,1895484,64.48994,47.94682,2021-07-18
11694,38603,49491,4332633,2561178,1934087,95.4,109.59521,64.78574,48.92329,2561178,1934087,64.78574,48.92329,2021-07-19
8703,38803,46974,4379607,2569881,1972890,96.5,110.78343,65.00589,49.90483,2569881,1972890,65.00589,49.90483,2021-07-20
12697,33148,44949,4424556,2582578,2006038,94.2,111.92043,65.32706,50.74331,2582578,2006038,65.32706,50.74331,2021-07-21
9155,39139,47571,4472127,2591733,2045177,95.2,113.12375,65.55864,51.73335,2591733,2045177,65.55864,51.73335,2021-07-22
14584,29675,43235,4515362,2606317,2074852,96.2,114.2174,65.92755,52.48398,2606317,2074852,65.92755,52.48398,2021-07-23
8451,18737,26704,4542066,2614768,2093589,96.7,114.89288,66.14132,52.95794,2614768,2093589,66.14132,52.95794,2021-07-24
4470,10031,14294,4556360,2619238,2103620,97.0,115.25445,66.25439,53.21168,2619238,2103620,66.25439,53.21168,2021-07-25
17953,30841,47831,4604191,2637191,2134461,98.0,116.46435,66.70851,53.99181,2637191,2134461,66.70851,53.99181,2021-07-26
14081,35257,48505,4652696,2651272,2169718,98.4,117.6913,67.0647,54.88365,2651272,2169718,67.0647,54.88365,2021-07-27
15516,30676,45227,4697923,2666788,2200394,96.4,118.83533,67.45718,55.65961,2666788,2200394,67.45718,55.65961,2021-07-28
13035,30699,42920,4740843,2679823,2231093,97.3,119.921,67.7869,56.43615,2679823,2231093,67.7869,56.43615,2021-07-29
13948,23258,36293,4777136,2693771,2254351,98.0,120.83904,68.13972,57.02446,2693771,2254351,68.13972,57.02446,2021-07-30
8333,12110,19937,4797073,2702104,2266461,98.4,121.34336,68.35051,57.33079,2702104,2266461,68.35051,57.33079,2021-07-31
4430,8097,12405,4809478,2706534,2274558,98.7,121.65715,68.46256,57.53561,2706534,2274558,68.46256,57.53561,2021-08-01
15284,25446,39486,4848964,2721818,2300004,99.5,122.65595,68.84918,58.17927,2721818,2300004,68.84918,58.17927,2021-08-02
9933,27228,36356,4885320,2731751,2327232,99.1,123.57559,69.10044,58.86801,2731751,2327232,69.10044,58.86801,2021-08-03
13269,22712,34895,4920215,2745020,2349944,97.1,124.45827,69.43608,59.44252,2745020,2349944,69.43608,59.44252,2021-08-04
10277,24883,34229,4954444,2755297,2374827,97.8,125.3241,69.69604,60.07194,2755297,2374827,69.69604,60.07194,2021-08-05
9658,20992,29849,4984293,2764955,2395819,98.4,126.07914,69.94034,60.60294,2764955,2395819,69.94034,60.60294,2021-08-06
3826,6537,10063,4994356,2768781,2402356,98.6,126.33369,70.03712,60.76829,2768781,2402356,70.03712,60.76829,2021-08-07
1704,3461,5110,4999466,2770485,2405817,98.0,126.46295,70.08022,60.85584,2770485,2405817,70.08022,60.85584,2021-08-08
12061,16789,27791,5027257,2782546,2422606,98.5,127.16593,70.38531,61.28052,2782546,2422606,70.38531,61.28052,2021-08-09
15070,13422,27026,5054283,2797616,2436028,99.0,127.84956,70.76651,61.62004,2797616,2436028,70.76651,61.62004,2021-08-10
13069,11988,23772,5078055,2810685,2448016,96.9,128.45088,71.09709,61.92328,2810685,2448016,71.09709,61.92328,2021-08-11
11836,8700,19361,5097416,2822521,2456716,97.3,128.94062,71.39649,62.14335,2822521,2456716,71.39649,62.14335,2021-08-12
7837,6720,13703,5111119,2830358,2463436,96.8,129.28724,71.59473,62.31333,2830358,2463436,71.59473,62.31333,2021-08-13
512,590,1082,5112201,2830870,2464026,96.8,129.31461,71.60768,62.32825,2830870,2464026,71.60768,62.32825,2021-08-14
55,54,55,5112256,2830925,2464080,96.8,129.316,71.60907,62.32962,2830925,2464080,71.60907,62.32962,2021-08-15
7677,4996,12013,5124269,2838602,2469076,97.1,129.61988,71.80326,62.456,2838602,2469076,71.80326,62.456,2021-08-16
9928,10636,19861,5144130,2848530,2479712,96.7,130.12226,72.05439,62.72504,2848530,2479712,72.05439,62.72504,2021-08-17
11533,9278,19861,5163991,2860063,2488990,93.2,130.62465,72.34613,62.95973,2860063,2488990,72.34613,62.95973,2021-08-18
9396,9066,17725,5181716,2869459,2498056,93.6,131.07301,72.5838,63.18905,2869459,2498056,72.5838,63.18905,2021-08-19
8739,9521,17515,5199231,2878198,2507577,93.9,131.51606,72.80486,63.42989,2878198,2507577,72.80486,63.42989,2021-08-20
2105,2268,4146,5203377,2880303,2509845,93.9,131.62093,72.8581,63.48726,2880303,2509845,72.8581,63.48726,2021-08-21
547,941,1465,5204842,2880850,2510786,94.0,131.65799,72.87194,63.51106,2880850,2510786,72.87194,63.51106,2021-08-22
10478,17695,27330,5232172,2891328,2528481,94.5,132.34931,73.13698,63.95866,2891328,2528481,73.13698,63.95866,2021-08-23
0,0,0,5232172,2891328,2528481,94.5,132.34931,73.13698,63.95866,2891328,2528481,73.13698,63.95866,2021-08-24
