delta_1d,delta_2d,delta_all,sum_doses,sum_1d,sum_2d,perc_doses,perc_inh_tot,perc_inh_1d,perc_inh_2d,sum_monotone_1d,sum_monotone_2d,perc_inh_monotone_1d,perc_inh_monotone_2d,date
0,0,0,0,0,0,0,0,0,0,0,0,0,0,2020-12-26
65,0,65,65,65,0,36.1,0.00403,0.00403,0.0,65,0,0.00403,0.0,2020-12-27
66,0,66,131,131,0,72.8,0.00813,0.00813,0.0,131,0,0.00813,0.0,2020-12-28
57,0,57,188,188,0,104.4,0.01167,0.01167,0.0,188,0,0.01167,0.0,2020-12-29
0,0,0,188,188,0,104.4,0.01167,0.01167,0.0,188,0,0.01167,0.0,2020-12-30
32,0,32,220,220,0,1.7,0.01365,0.01365,0.0,220,0,0.01365,0.0,2020-12-31
32,0,32,252,252,0,2.0,0.01564,0.01564,0.0,252,0,0.01564,0.0,2021-01-01
60,0,60,312,312,0,2.4,0.01936,0.01936,0.0,312,0,0.01936,0.0,2021-01-02
90,0,90,402,402,0,3.1,0.02494,0.02494,0.0,402,0,0.02494,0.0,2021-01-03
588,0,588,990,990,0,7.7,0.06143,0.06143,0.0,990,0,0.06143,0.0,2021-01-04
1322,0,1322,2312,2312,0,11.7,0.14346,0.14346,0.0,2312,0,0.14346,0.0,2021-01-05
1618,0,1618,3930,3930,0,20.0,0.24385,0.24385,0.0,3930,0,0.24385,0.0,2021-01-06
3107,4,3107,7037,7037,4,35.8,0.43664,0.43664,0.00025,7037,4,0.43664,0.00025,2021-01-07
3259,2,3259,10296,10296,6,52.3,0.63886,0.63886,0.00037,10296,6,0.63886,0.00037,2021-01-08
4015,0,4015,14311,14311,6,72.7,0.88799,0.88799,0.00037,14311,6,0.88799,0.00037,2021-01-09
2182,2,2182,16493,16493,8,83.8,1.02338,1.02338,0.0005,16493,8,1.02338,0.0005,2021-01-10
1185,1,1185,17678,17678,9,89.8,1.09691,1.09691,0.00056,17678,9,1.09691,0.00056,2021-01-11
866,0,866,18544,18544,9,55.6,1.15064,1.15064,0.00056,18544,9,1.15064,0.00056,2021-01-12
575,0,575,19119,19119,9,57.4,1.18632,1.18632,0.00056,19119,9,1.18632,0.00056,2021-01-13
1106,0,1106,20225,20225,9,60.7,1.25495,1.25495,0.00056,20225,9,1.25495,0.00056,2021-01-14
1561,2,1561,21786,21786,11,65.4,1.35181,1.35181,0.00068,21786,11,1.35181,0.00068,2021-01-15
1493,0,1493,23279,23279,11,69.8,1.44445,1.44445,0.00068,23279,11,1.44445,0.00068,2021-01-16
859,1,860,24139,24138,12,72.4,1.49781,1.49775,0.00074,24138,12,1.49775,0.00074,2021-01-17
779,124,903,25042,24917,136,75.1,1.55384,1.54608,0.00844,24917,136,1.54608,0.00844,2021-01-18
692,56,747,25789,25609,192,63.9,1.60019,1.58902,0.01191,25609,192,1.58902,0.01191,2021-01-19
208,2,210,25999,25817,194,64.4,1.61322,1.60193,0.01204,25817,194,1.60193,0.01204,2021-01-20
94,33,127,26126,25911,227,64.7,1.6211,1.60776,0.01409,25911,227,1.60776,0.01409,2021-01-21
55,28,83,26209,25966,255,65.0,1.62625,1.61117,0.01582,25966,255,1.61117,0.01582,2021-01-22
0,60,60,26269,25966,315,65.1,1.62997,1.61117,0.01955,25966,315,1.61117,0.01955,2021-01-23
5,86,91,26360,25971,401,65.3,1.63562,1.61148,0.02488,25971,401,1.61148,0.02488,2021-01-24
22,569,591,26951,25993,970,66.8,1.67229,1.61285,0.06019,25993,970,1.61285,0.06019,2021-01-25
27,1312,1339,28290,26020,2282,53.2,1.75538,1.61452,0.1416,26020,2282,1.61452,0.1416,2021-01-26
78,1337,1415,29705,26098,3619,55.8,1.84318,1.61936,0.22456,26098,3619,1.61936,0.22456,2021-01-27
68,2908,2976,32681,26166,6527,61.4,2.02783,1.62358,0.405,26166,6527,1.62358,0.405,2021-01-28
47,2914,2959,35640,26213,9441,67.0,2.21144,1.6265,0.58581,26213,9441,1.6265,0.58581,2021-01-29
363,3507,3870,39510,26576,12948,74.2,2.45157,1.64902,0.80341,26576,12948,1.64902,0.80341,2021-01-30
45,2077,2122,41632,26621,15025,78.2,2.58324,1.65182,0.93229,26621,15025,1.65182,0.93229,2021-01-31
224,1301,1525,43157,26845,16326,78.4,2.67786,1.66571,1.01302,26845,16326,1.66571,1.01302,2021-02-01
257,1244,1501,44658,27102,17570,69.3,2.771,1.68166,1.09021,27102,17570,1.68166,1.09021,2021-02-02
425,695,1119,45777,27527,18265,71.1,2.84043,1.70803,1.13333,27527,18265,1.70803,1.13333,2021-02-03
913,1362,2272,48049,28440,19627,74.6,2.98141,1.76468,1.21784,28440,19627,1.76468,1.21784,2021-02-04
432,1472,1902,49951,28872,21099,77.6,3.09943,1.79149,1.30918,28872,21099,1.79149,1.30918,2021-02-05
567,1410,1974,51925,29439,22509,80.6,3.22191,1.82667,1.39667,29439,22509,1.82667,1.39667,2021-02-06
228,893,1120,53045,29667,23402,82.4,3.29141,1.84082,1.45208,29667,23402,1.84082,1.45208,2021-02-07
853,617,1469,54514,30520,24019,84.6,3.38256,1.89375,1.49036,30520,24019,1.89375,1.49036,2021-02-08
1289,1003,2287,56801,31809,25022,79.4,3.52446,1.97373,1.5526,31809,25022,1.97373,1.5526,2021-02-09
1441,526,1961,58762,33250,25548,68.7,3.64614,2.06314,1.58524,33250,25548,2.06314,1.58524,2021-02-10
1200,111,1311,60073,34450,25659,70.2,3.72749,2.1376,1.59212,34450,25659,2.1376,1.59212,2021-02-11
2180,65,2239,62312,36630,25724,72.8,3.86642,2.27287,1.59616,36630,25724,2.27287,1.59616,2021-02-12
1445,6,1447,63759,38075,25730,65.5,3.9562,2.36253,1.59653,38075,25730,2.36253,1.59653,2021-02-13
536,2,538,64297,38611,25732,66.1,3.98959,2.39579,1.59665,38611,25732,2.39579,1.59665,2021-02-14
926,37,957,65254,39537,25769,67.0,4.04897,2.45324,1.59895,39537,25769,2.45324,1.59895,2021-02-15
672,36,699,65953,40209,25805,67.8,4.09234,2.49494,1.60118,40209,25805,2.49494,1.60118,2021-02-16
1334,134,1408,67361,41543,25939,69.2,4.1797,2.57772,1.6095,41543,25939,2.57772,1.6095,2021-02-17
1812,102,1876,69237,43355,26041,60.9,4.29611,2.69015,1.61583,43355,26041,2.69015,1.61583,2021-02-18
1447,102,1503,70740,44802,26143,55.3,4.38937,2.77993,1.62216,44802,26143,2.77993,1.62216,2021-02-19
1706,357,2040,72780,46508,26500,56.8,4.51595,2.88579,1.64431,46508,26500,2.88579,1.64431,2021-02-20
1558,31,1588,74368,48066,26531,58.1,4.61448,2.98246,1.64623,48066,26531,2.98246,1.64623,2021-02-21
1411,254,1639,76007,49477,26785,59.4,4.71618,3.07001,1.66199,49477,26785,3.07001,1.66199,2021-02-22
1286,297,1567,77574,50763,27082,53.7,4.81341,3.14981,1.68042,50763,27082,3.14981,1.68042,2021-02-23
2226,236,2420,79994,52989,27318,55.4,4.96357,3.28793,1.69506,52989,27318,3.28793,1.69506,2021-02-24
2296,638,2900,82894,55285,27956,57.4,5.14352,3.4304,1.73465,55285,27956,3.4304,1.73465,2021-02-25
2495,357,2801,85695,57780,28313,59.3,5.31732,3.58521,1.7568,57780,28313,3.58521,1.7568,2021-02-26
1359,600,1918,87613,59139,28913,56.0,5.43633,3.66954,1.79403,59139,28913,3.66954,1.79403,2021-02-27
141,228,367,87980,59280,29141,56.2,5.4591,3.67828,1.80818,59280,29141,3.67828,1.80818,2021-02-28
1612,689,2272,90252,60892,29830,55.3,5.60008,3.77831,1.85093,60892,29830,3.77831,1.85093,2021-03-01
1887,1227,3041,93293,62779,31057,51.5,5.78877,3.89539,1.92707,62779,31057,3.89539,1.92707,2021-03-02
2822,1381,4121,97414,65601,32438,53.8,6.04447,4.0705,2.01276,65601,32438,4.0705,2.01276,2021-03-03
3118,1315,4374,101788,68719,33753,56.1,6.31588,4.26397,2.09435,68719,33753,4.26397,2.09435,2021-03-04
2853,2395,5210,106998,71572,36148,58.9,6.63915,4.44099,2.24296,71572,36148,4.44099,2.24296,2021-03-05
857,1856,2638,109636,72429,38004,60.3,6.80284,4.49417,2.35812,72429,38004,4.49417,2.35812,2021-03-06
1117,545,1658,111294,73546,38549,61.2,6.90572,4.56348,2.39194,73546,38549,4.56348,2.39194,2021-03-07
3469,1271,4691,115985,77015,39820,63.6,7.19679,4.77873,2.4708,77015,39820,4.77873,2.4708,2021-03-08
4811,791,5538,121523,81826,40611,60.3,7.54042,5.07725,2.51989,81826,40611,5.07725,2.51989,2021-03-09
5206,924,6059,127582,87032,41535,58.0,7.91638,5.40028,2.57722,87032,41535,5.40028,2.57722,2021-03-10
5225,1277,6426,134008,92257,42812,60.8,8.31511,5.72448,2.65646,92257,42812,5.72448,2.65646,2021-03-11
4666,1456,5974,139982,96923,44268,63.4,8.68579,6.01401,2.7468,96923,44268,6.01401,2.7468,2021-03-12
2476,322,2757,142739,99399,44590,62.7,8.85686,6.16764,2.76678,99399,44590,6.16764,2.76678,2021-03-13
605,10,606,143345,100004,44600,62.9,8.89446,6.20518,2.7674,100004,44600,6.20518,2.7674,2021-03-14
2426,415,2800,146145,102430,45015,59.3,9.0682,6.35571,2.79315,102430,45015,6.35571,2.79315,2021-03-15
3474,965,4397,150542,105904,45980,61.0,9.34103,6.57127,2.85303,105904,45980,6.57127,2.85303,2021-03-16
4943,1646,6552,157094,110847,47626,63.7,9.74758,6.87798,2.95516,110847,47626,6.87798,2.95516,2021-03-17
5647,1681,7254,164348,116494,49307,66.6,10.19768,7.22837,3.05947,116494,49307,7.22837,3.05947,2021-03-18
5049,2274,7267,171615,121543,51581,69.6,10.6486,7.54166,3.20057,121543,51581,7.54166,3.20057,2021-03-19
2920,2305,5198,176813,124463,53886,71.7,10.97113,7.72285,3.34359,124463,53886,7.72285,3.34359,2021-03-20
2599,1466,4039,180852,127062,55352,73.3,11.22175,7.88411,3.43455,127062,55352,7.88411,3.43455,2021-03-21
3181,594,3695,184547,130243,55946,67.2,11.45102,8.08149,3.47141,130243,55946,8.08149,3.47141,2021-03-22
5348,1249,6430,190977,135591,57195,69.5,11.84999,8.41333,3.54891,135591,57195,8.41333,3.54891,2021-03-23
6051,1498,7408,198385,141642,58693,72.2,12.30966,8.78879,3.64186,141642,58693,8.78879,3.64186,2021-03-24
7825,1443,9130,207515,149467,60136,73.4,12.87617,9.27433,3.7314,149467,60136,9.27433,3.7314,2021-03-25
6942,1659,8470,215985,156409,61795,76.3,13.40172,9.70507,3.83434,156409,61795,9.70507,3.83434,2021-03-26
5315,514,5737,221722,161724,62309,78.3,13.7577,10.03487,3.86623,161724,62309,10.03487,3.86623,2021-03-27
4465,147,4543,226265,166189,62456,79.9,14.03959,10.31192,3.87535,166189,62456,10.31192,3.87535,2021-03-28
4158,673,4747,231012,170347,63129,74.2,14.33414,10.56992,3.91711,170347,63129,10.56992,3.91711,2021-03-29
6500,2425,8775,239787,176847,65554,77.0,14.87862,10.97324,4.06758,176847,65554,10.97324,4.06758,2021-03-30
7833,2562,10265,250052,184680,68116,80.2,15.51556,11.45927,4.22655,184680,68116,11.45927,4.22655,2021-03-31
7153,3162,10170,260222,191833,71278,83.5,16.1466,11.90311,4.42275,191833,71278,11.90311,4.42275,2021-04-01
5747,3401,8992,269214,197580,74679,82.9,16.70455,12.25971,4.63378,197580,74679,12.25971,4.63378,2021-04-02
2709,2040,4680,273894,200289,76719,75.9,16.99494,12.4278,4.76036,200289,76719,12.4278,4.76036,2021-04-03
0,2,2,273896,200289,76721,75.9,16.99506,12.4278,4.76049,200289,76721,12.4278,4.76049,2021-04-04
2040,38,2041,275937,202329,76759,76.5,17.12171,12.55438,4.76284,202329,76759,12.55438,4.76284,2021-04-05
5046,2502,7475,283412,207375,79261,70.6,17.58552,12.86748,4.91809,207375,79261,12.86748,4.91809,2021-04-06
7904,5732,13560,296972,215279,84993,73.9,18.42691,13.35792,5.27376,215279,84993,13.35792,5.27376,2021-04-07
8329,5235,13449,310421,223608,90228,77.3,19.26141,13.87473,5.59859,223608,90228,13.87473,5.59859,2021-04-08
7968,4498,12333,322754,231576,94726,80.3,20.02667,14.36914,5.87768,231576,94726,14.36914,5.87768,2021-04-09
8560,2052,10505,333259,240136,96778,82.9,20.6785,14.90028,6.00501,240136,96778,14.90028,6.00501,2021-04-10
4278,1149,5400,338659,244414,97927,84.3,21.01356,15.16572,6.0763,244414,97927,15.16572,6.0763,2021-04-11
5286,1783,6999,345658,249700,99710,86.0,21.44785,15.49372,6.18694,249700,99710,15.49372,6.18694,2021-04-12
5802,1889,7628,353286,255502,101599,87.9,21.92116,15.85373,6.30415,255502,101599,15.85373,6.30415,2021-04-13
7029,1301,8268,361554,262531,102900,81.2,22.43418,16.28987,6.38488,262531,102900,16.28987,6.38488,2021-04-14
6898,5075,11854,373408,269429,107975,83.0,23.16972,16.71789,6.69978,269429,107975,16.71789,6.69978,2021-04-15
9110,5513,14454,387862,278539,113488,86.3,24.06658,17.28316,7.04185,278539,113488,17.28316,7.04185,2021-04-16
5483,4687,10088,397950,284022,118175,88.5,24.69253,17.62337,7.33268,284022,118175,17.62337,7.33268,2021-04-17
2258,2904,5134,403084,286280,121079,89.6,25.01109,17.76348,7.51287,286280,121079,17.76348,7.51287,2021-04-18
8762,1567,10191,413275,295042,122646,89.7,25.64344,18.30716,7.6101,295042,122646,18.30716,7.6101,2021-04-19
7788,3315,11008,424283,302830,125961,92.1,26.32648,18.7904,7.8158,302830,125961,18.7904,7.8158,2021-04-20
6541,5643,12082,436365,309371,131604,83.8,27.07616,19.19626,8.16594,309371,131604,19.19626,8.16594,2021-04-21
5592,5016,10516,446881,314963,136620,85.0,27.72867,19.54324,8.47718,314963,136620,19.54324,8.47718,2021-04-22
7395,5636,12884,459765,322358,142256,87.5,28.52811,20.0021,8.82689,322358,142256,20.0021,8.82689,2021-04-23
8022,2492,10381,470146,330380,144748,89.4,29.17224,20.49986,8.98152,330380,144748,20.49986,8.98152,2021-04-24
3723,829,4504,474650,334103,145577,90.3,29.45171,20.73087,9.03296,334103,145577,20.73087,9.03296,2021-04-25
5959,996,6862,481512,340062,146573,89.9,29.8775,21.10062,9.09476,340062,146573,21.10062,9.09476,2021-04-26
5586,2154,7630,489142,345648,148727,91.3,30.35093,21.44723,9.22841,345648,148727,21.44723,9.22841,2021-04-27
5315,3861,9026,498168,350963,152588,82.7,30.91099,21.77702,9.46798,350963,152588,21.77702,9.46798,2021-04-28
6770,4515,11127,509295,357733,157103,84.5,31.60141,22.19709,9.74814,357733,157103,22.19709,9.74814,2021-04-29
6942,4404,11154,520449,364675,161507,86.4,32.29351,22.62784,10.0214,364675,161507,22.62784,10.0214,2021-04-30
5468,4960,9928,530377,370143,166467,79.8,32.90954,22.96712,10.32917,370143,166467,22.96712,10.32917,2021-05-01
5316,1375,5980,536357,375459,167842,80.7,33.28059,23.29698,10.41448,375459,167842,23.29698,10.41448,2021-05-02
6603,1711,8203,544560,382062,169553,81.9,33.78958,23.70669,10.52065,382062,169553,23.70669,10.52065,2021-05-03
7697,2115,9578,554138,389759,171668,83.3,34.38389,24.18428,10.65188,389759,171668,24.18428,10.65188,2021-05-04
8160,2682,10198,564336,397919,174350,78.0,35.01667,24.69061,10.8183,397919,174350,24.69061,10.8183,2021-05-05
9813,3484,12970,577306,407732,177834,79.8,35.82145,25.2995,11.03448,407732,177834,25.2995,11.03448,2021-05-06
9961,4881,14491,591797,417693,182715,78.4,36.72061,25.91757,11.33734,417693,182715,25.91757,11.33734,2021-05-07
10811,2908,13098,604895,428504,185623,80.1,37.53333,26.58839,11.51778,428504,185623,26.58839,11.51778,2021-05-08
5200,1016,6125,611020,433704,186639,80.9,37.91338,26.91104,11.58082,433704,186639,26.91104,11.58082,2021-05-09
7328,2724,9869,620889,441032,189363,82.2,38.52575,27.36574,11.74985,441032,189363,27.36574,11.74985,2021-05-10
6532,2696,8967,629856,447564,192059,83.4,39.08214,27.77105,11.91713,447564,192059,27.77105,11.91713,2021-05-11
8004,3665,11143,640999,455568,195724,78.8,39.77356,28.26769,12.14454,455568,195724,28.26769,12.14454,2021-05-12
8934,3691,12382,653381,464502,199415,80.3,40.54185,28.82204,12.37357,464502,199415,28.82204,12.37357,2021-05-13
10940,3895,14584,667965,475442,203310,78.9,41.44678,29.50086,12.61525,475442,203310,29.50086,12.61525,2021-05-14
10380,3808,13816,681781,485822,207118,80.6,42.30405,30.14493,12.85153,485822,207118,30.14493,12.85153,2021-05-15
6064,2502,8225,690006,491886,209620,81.5,42.81441,30.5212,13.00678,491886,209620,30.5212,13.00678,2021-05-16
9274,3921,12820,702826,501160,213541,83.0,43.60988,31.09664,13.25008,501160,213541,31.09664,13.25008,2021-05-17
9550,5347,14761,717587,510710,218888,84.8,44.52579,31.68921,13.58185,510710,218888,31.68921,13.58185,2021-05-18
12788,4504,17043,734630,523498,223392,81.3,45.5833,32.4827,13.86132,523498,223392,32.4827,13.86132,2021-05-19
11473,5164,16372,751002,534971,228556,83.1,46.59917,33.19459,14.18175,534971,228556,33.19459,14.18175,2021-05-20
16544,6468,22644,773646,551515,235024,83.7,48.00421,34.22114,14.58308,551515,235024,34.22114,14.58308,2021-05-21
19796,5940,24939,798585,571311,240964,86.4,49.55166,35.44946,14.95165,571311,240964,35.44946,14.95165,2021-05-22
7724,2344,9970,808555,579035,243308,87.5,50.17029,35.92873,15.0971,579035,243308,35.92873,15.0971,2021-05-23
8487,6358,14470,823025,587522,249666,87.3,51.06815,36.45535,15.49161,587522,249666,36.45535,15.49161,2021-05-24
8665,6677,15143,838168,596187,256343,88.8,52.00776,36.993,15.90591,596187,256343,36.993,15.90591,2021-05-25
9886,5851,15535,853703,606073,262194,85.3,52.9717,37.60642,16.26896,606073,262194,37.60642,16.26896,2021-05-26
12291,6156,17828,871531,618364,268350,87.0,54.07791,38.36907,16.65094,618364,268350,38.36907,16.65094,2021-05-27
13680,4773,17956,889487,632044,273123,88.8,55.19207,39.21791,16.9471,632044,273123,39.21791,16.9471,2021-05-28
13403,4953,18000,907487,645447,278076,90.6,56.30896,40.04955,17.25443,645447,278076,40.04955,17.25443,2021-05-29
7371,2439,9729,917216,652818,280515,89.5,56.91264,40.50692,17.40577,652818,280515,40.50692,17.40577,2021-05-30
8258,3209,11368,928584,661076,283724,90.6,57.61801,41.01932,17.60488,661076,283724,41.01932,17.60488,2021-05-31
9733,5108,14324,942908,670809,288832,84.6,58.50681,41.62325,17.92183,670809,288832,41.62325,17.92183,2021-06-01
8147,1941,9787,952695,678956,290773,85.5,59.11408,42.12876,18.04227,678956,290773,42.12876,18.04227,2021-06-02
10706,6494,16398,969093,689662,297267,86.1,60.13157,42.79306,18.44522,689662,297267,42.79306,18.44522,2021-06-03
9941,5364,14500,983593,699603,302631,83.4,61.03128,43.4099,18.77805,699603,302631,43.4099,18.77805,2021-06-04
11419,7680,17885,1001478,711022,310311,85.0,62.14104,44.11844,19.25459,711022,310311,44.11844,19.25459,2021-06-05
6383,4552,10036,1011514,717405,314863,85.1,62.76376,44.5145,19.53704,717405,314863,44.5145,19.53704,2021-06-06
9559,3487,12564,1024078,726964,318350,86.1,63.54335,45.10763,19.7534,726964,318350,45.10763,19.7534,2021-06-07
11325,3889,14836,1038914,738289,322239,87.4,64.46392,45.81034,19.99471,738289,322239,45.81034,19.99471,2021-06-08
11726,4336,15467,1054381,750015,326575,83.1,65.42363,46.53793,20.26376,750015,326575,46.53793,20.26376,2021-06-09
11770,6534,17812,1072193,761785,333109,84.5,66.52886,47.26825,20.66919,761785,333109,47.26825,20.66919,2021-06-10
9246,6243,14784,1086977,771031,339352,85.3,67.44619,47.84196,21.05656,771031,339352,47.84196,21.05656,2021-06-11
10056,5353,14758,1101735,781087,344705,86.5,68.36192,48.46592,21.38871,781087,344705,48.46592,21.38871,2021-06-12
6242,3803,9502,1111237,787329,348508,87.2,68.95151,48.85324,21.62469,787329,348508,48.85324,21.62469,2021-06-13
9932,4236,13748,1124985,797261,352744,87.6,69.80456,49.46951,21.88753,797261,352744,49.46951,21.88753,2021-06-14
9947,5347,14688,1139673,807208,358091,88.8,70.71594,50.08671,22.21931,807208,358091,50.08671,22.21931,2021-06-15
12325,6062,17634,1157307,819533,364153,84.0,71.81012,50.85147,22.59545,819533,364153,50.85147,22.59545,2021-06-16
10039,8962,18463,1175770,829572,373115,85.3,72.95574,51.47439,23.15154,829572,373115,51.47439,23.15154,2021-06-17
8719,8147,16488,1192258,838291,381262,85.7,73.97881,52.01539,23.65705,838291,381262,52.01539,23.65705,2021-06-18
9218,6603,15343,1207601,847509,387865,86.8,74.93083,52.58736,24.06676,847509,387865,52.58736,24.06676,2021-06-19
3667,2793,6293,1213894,851176,390658,85.7,75.32131,52.8149,24.24007,851176,390658,52.8149,24.24007,2021-06-20
5195,9013,14024,1227918,856371,399671,86.7,76.19149,53.13725,24.79932,856371,399671,53.13725,24.79932,2021-06-21
7268,12302,19342,1247260,863639,411973,88.1,77.39164,53.58822,25.56265,863639,411973,53.58822,25.56265,2021-06-22
6285,14438,20547,1267807,869924,426411,84.3,78.66657,53.9782,26.45852,869924,426411,53.9782,26.45852,2021-06-23
8216,11254,19197,1287004,878140,437665,85.6,79.85773,54.488,27.15682,878140,437665,54.488,27.15682,2021-06-24
3953,12696,16509,1303513,882093,450361,86.7,80.88211,54.73328,27.9446,882093,450361,54.73328,27.9446,2021-06-25
5531,13852,19160,1322673,887624,464213,87.1,82.07097,55.07647,28.8041,887624,464213,55.07647,28.8041,2021-06-26
2985,6176,9020,1331693,890609,470389,87.7,82.63066,55.26169,29.18732,890609,470389,55.26169,29.18732,2021-06-27
3117,12015,14994,1346687,893726,482404,88.6,83.56102,55.4551,29.93284,893726,482404,55.4551,29.93284,2021-06-28
3803,14204,17892,1364579,897529,496608,89.8,84.67121,55.69107,30.81419,897529,496608,55.69107,30.81419,2021-06-29
4887,12981,17772,1382351,902416,509589,85.5,85.77395,55.99431,31.61965,902416,509589,55.99431,31.61965,2021-06-30
7350,12656,19834,1402185,909766,522245,86.7,87.00464,56.45037,32.40495,909766,522245,56.45037,32.40495,2021-07-01
4503,14611,18934,1421119,914269,536856,87.8,88.17948,56.72978,33.31155,914269,536856,56.72978,33.31155,2021-07-02
3267,12647,15842,1436961,917536,549503,87.9,89.16246,56.93249,34.09629,917536,549503,56.93249,34.09629,2021-07-03
2082,6215,8207,1445168,919618,555718,88.4,89.6717,57.06168,34.48193,919618,555718,57.06168,34.48193,2021-07-04
3376,12282,15583,1460751,922994,568000,89.4,90.63862,57.27116,35.24402,922994,568000,57.27116,35.24402,2021-07-05
4761,11277,15934,1476685,927755,579277,90.3,91.62731,57.56657,35.94375,927755,579277,57.56657,35.94375,2021-07-06
4139,11837,15910,1492595,931894,591114,88.4,92.61452,57.8234,36.67823,931894,591114,57.8234,36.67823,2021-07-07
3917,14682,18445,1511040,935811,605796,89.5,93.75902,58.06644,37.58923,935811,605796,58.06644,37.58923,2021-07-08
3514,12510,15879,1526919,939325,618306,90.4,94.7443,58.28448,38.36547,939325,618306,58.28448,38.36547,2021-07-09
2738,11573,14240,1541159,942063,629879,90.6,95.62788,58.45438,39.08357,942063,629879,58.45438,39.08357,2021-07-10
1460,5011,6380,1547539,943523,634890,91.0,96.02375,58.54497,39.3945,943523,634890,58.54497,39.3945,2021-07-11
2460,13020,15337,1562876,945983,647910,91.9,96.97541,58.69761,40.20238,945983,647910,58.69761,40.20238,2021-07-12
3328,14609,17805,1580681,949311,662519,92.9,98.08019,58.90411,41.10886,949311,662519,58.90411,41.10886,2021-07-13
3886,13203,16909,1597590,953197,675722,91.0,99.12939,59.14523,41.9281,953197,675722,59.14523,41.9281,2021-07-14
4748,14215,18779,1616369,957945,689937,92.1,100.29461,59.43984,42.81013,957945,689937,59.43984,42.81013,2021-07-15
4690,12463,16938,1633307,962635,702400,93.1,101.3456,59.73085,43.58345,962635,702400,59.73085,43.58345,2021-07-16
3247,9757,12871,1646178,965882,712157,93.8,102.14424,59.93233,44.18886,965882,712157,59.93233,44.18886,2021-07-17
993,4729,5694,1651872,966875,716886,91.8,102.49755,59.99394,44.48229,966875,716886,59.99394,44.48229,2021-07-18
2850,12533,15232,1667104,969725,729419,92.6,103.44268,60.17078,45.25996,969725,729419,60.17078,45.25996,2021-07-19
3744,12561,16148,1683252,973469,741980,93.5,104.44466,60.4031,46.03936,973469,741980,60.4031,46.03936,2021-07-20
3991,15589,19391,1702643,977460,757569,91.8,105.64785,60.65074,47.00665,977460,757569,60.65074,47.00665,2021-07-21
4614,13976,18329,1720972,982074,771545,92.8,106.78516,60.93703,47.87385,982074,771545,60.93703,47.87385,2021-07-22
3481,12484,15757,1736729,985555,784029,93.7,107.76287,61.15303,48.64847,985555,784029,61.15303,48.64847,2021-07-23
2023,10484,12385,1749114,987578,794513,94.4,108.53135,61.27855,49.299,987578,794513,61.27855,49.299,2021-07-24
878,3519,4343,1753457,988456,798032,94.6,108.80083,61.33303,49.51735,988456,798032,61.33303,49.51735,2021-07-25
4199,10687,14598,1768055,992655,808719,93.9,109.70662,61.59358,50.18047,992655,808719,61.59358,50.18047,2021-07-26
4327,12486,16531,1784586,996982,821205,94.8,110.73236,61.86206,50.95522,996982,821205,61.86206,50.95522,2021-07-27
6467,10639,16794,1801380,1003449,831844,92.3,111.77442,62.26334,51.61536,1003449,831844,62.26334,51.61536,2021-07-28
6692,11491,17899,1819279,1010141,843335,93.2,112.88504,62.67857,52.32837,1010141,843335,62.67857,52.32837,2021-07-29
6789,8695,15205,1834484,1016930,852030,93.9,113.8285,63.09982,52.86789,1016930,852030,63.09982,52.86789,2021-07-30
5358,5137,10319,1844803,1022288,857167,94.5,114.46879,63.43228,53.18664,1022288,857167,63.43228,53.18664,2021-07-31
1066,2047,3054,1847857,1023354,859214,94.6,114.65829,63.49843,53.31365,1023354,859214,63.49843,53.31365,2021-08-01
6388,7064,13117,1860974,1029742,866278,95.3,115.47219,63.8948,53.75197,1029742,866278,63.8948,53.75197,2021-08-02
7710,7247,14572,1875546,1037452,873525,95.3,116.37637,64.3732,54.20164,1037452,873525,64.3732,54.20164,2021-08-03
9863,6771,16216,1891762,1047315,880296,93.6,117.38256,64.98519,54.62178,1047315,880296,64.98519,54.62178,2021-08-04
8853,7105,15653,1907415,1056168,887401,94.3,118.35382,65.53451,55.06264,1056168,887401,65.53451,55.06264,2021-08-05
8163,6029,13827,1921242,1064331,893430,95.0,119.21177,66.04102,55.43673,1064331,893430,66.04102,55.43673,2021-08-06
5505,2999,8211,1929453,1069836,896429,95.4,119.72126,66.3826,55.62282,1069836,896429,66.3826,55.62282,2021-08-07
1043,864,1884,1931337,1070879,897293,94.8,119.83816,66.44732,55.67643,1070879,897293,66.44732,55.67643,2021-08-08
6621,7113,13415,1944752,1077500,904406,95.4,120.67055,66.85815,56.11778,1077500,904406,66.85815,56.11778,2021-08-09
6409,8119,14216,1958968,1083909,912525,96.1,121.55265,67.25583,56.62156,1083909,912525,67.25583,56.62156,2021-08-10
6326,5916,11926,1970894,1090235,918441,94.2,122.29265,67.64835,56.98865,1090235,918441,67.64835,56.98865,2021-08-11
6796,5964,12479,1983373,1097031,924405,94.8,123.06696,68.07004,57.35871,1097031,924405,68.07004,57.35871,2021-08-12
6425,3767,9940,1993313,1103456,928172,94.5,123.68373,68.4687,57.59245,1103456,928172,68.4687,57.59245,2021-08-13
977,822,1767,1995080,1104433,928994,94.6,123.79337,68.52933,57.64345,1104433,928994,68.52933,57.64345,2021-08-14
11,10,21,1995101,1104444,929004,94.6,123.79468,68.53001,57.64407,1104444,929004,68.53001,57.64407,2021-08-15
4665,4054,8461,2003562,1109109,933058,95.0,124.31968,68.81947,57.89562,1109109,933058,68.81947,57.89562,2021-08-16
6219,4664,10608,2014170,1115328,937722,94.8,124.97789,69.20535,58.18502,1115328,937722,69.20535,58.18502,2021-08-17
5837,5119,10693,2024863,1121165,942841,91.4,125.64139,69.56753,58.50265,1121165,942841,69.56753,58.50265,2021-08-18
5863,5132,10754,2035617,1127028,947973,91.9,126.30867,69.93133,58.82109,1127028,947973,69.93133,58.82109,2021-08-19
4950,5449,10186,2045803,1131978,953422,92.4,126.9407,70.23847,59.15919,1131978,953422,70.23847,59.15919,2021-08-20
3746,2033,5645,2051448,1135724,955455,92.6,127.29097,70.47091,59.28534,1135724,955455,70.47091,59.28534,2021-08-21
405,769,1161,2052609,1136129,956224,92.7,127.36301,70.49604,59.33306,1136129,956224,70.49604,59.33306,2021-08-22
5813,4953,10517,2063126,1141942,961177,93.1,128.01558,70.85673,59.64039,1141942,961177,70.85673,59.64039,2021-08-23
0,0,0,2063126,1141942,961177,93.1,128.01558,70.85673,59.64039,1141942,961177,70.85673,59.64039,2021-08-24
