delta_1d,delta_2d,delta_all,sum_doses,sum_1d,sum_2d,perc_doses,perc_inh_tot,perc_inh_1d,perc_inh_2d,sum_monotone_1d,sum_monotone_2d,perc_inh_monotone_1d,perc_inh_monotone_2d,date
0,0,0,0,0,0,0,0,0,0,0,0,0,0,2020-12-26
65,0,65,65,65,0,36.1,0.00403,0.00403,0.0,65,0,0.00403,0.0,2020-12-27
65,0,65,130,130,0,72.2,0.00807,0.00807,0.0,130,0,0.00807,0.0,2020-12-28
57,0,57,187,187,0,103.9,0.0116,0.0116,0.0,187,0,0.0116,0.0,2020-12-29
0,0,0,187,187,0,103.9,0.0116,0.0116,0.0,187,0,0.0116,0.0,2020-12-30
32,0,32,219,219,0,1.7,0.01359,0.01359,0.0,219,0,0.01359,0.0,2020-12-31
32,0,32,251,251,0,2.0,0.01557,0.01557,0.0,251,0,0.01557,0.0,2021-01-01
60,0,60,311,311,0,2.4,0.0193,0.0193,0.0,311,0,0.0193,0.0,2021-01-02
90,0,90,401,401,0,3.1,0.02488,0.02488,0.0,401,0,0.02488,0.0,2021-01-03
592,0,592,993,993,0,7.7,0.06161,0.06161,0.0,993,0,0.06161,0.0,2021-01-04
1327,0,1327,2320,2320,0,11.8,0.14395,0.14395,0.0,2320,0,0.14395,0.0,2021-01-05
1615,0,1615,3935,3935,0,20.0,0.24416,0.24416,0.0,3935,0,0.24416,0.0,2021-01-06
3111,0,3111,7046,7046,0,35.8,0.4372,0.4372,0.0,7046,0,0.4372,0.0,2021-01-07
3258,0,3258,10304,10304,0,52.4,0.63936,0.63936,0.0,10304,0,0.63936,0.0,2021-01-08
4026,0,4026,14330,14330,0,72.8,0.88917,0.88917,0.0,14330,0,0.88917,0.0,2021-01-09
2183,0,2183,16513,16513,0,83.9,1.02462,1.02462,0.0,16513,0,1.02462,0.0,2021-01-10
1183,0,1183,17696,17696,0,89.9,1.09802,1.09802,0.0,17696,0,1.09802,0.0,2021-01-11
865,0,865,18561,18561,0,55.7,1.1517,1.1517,0.0,18561,0,1.1517,0.0,2021-01-12
573,0,573,19134,19134,0,57.4,1.18725,1.18725,0.0,19134,0,1.18725,0.0,2021-01-13
1105,0,1105,20239,20239,0,60.7,1.25582,1.25582,0.0,20239,0,1.25582,0.0,2021-01-14
1563,0,1563,21802,21802,0,65.4,1.3528,1.3528,0.0,21802,0,1.3528,0.0,2021-01-15
1492,0,1492,23294,23294,0,69.9,1.44538,1.44538,0.0,23294,0,1.44538,0.0,2021-01-16
859,1,860,24154,24153,1,72.5,1.49874,1.49868,6e-05,24153,1,1.49868,6e-05,2021-01-17
780,124,904,25058,24933,125,75.2,1.55483,1.54708,0.00776,24933,125,1.54708,0.00776,2021-01-18
692,55,747,25805,25625,180,64.0,1.60118,1.59001,0.01117,25625,180,1.59001,0.01117,2021-01-19
208,2,210,26015,25833,182,64.5,1.61421,1.60292,0.01129,25833,182,1.60292,0.01129,2021-01-20
94,32,126,26141,25927,214,64.8,1.62203,1.60875,0.01328,25927,214,1.60875,0.01328,2021-01-21
55,28,83,26224,25982,242,65.0,1.62718,1.61217,0.01502,25982,242,1.61217,0.01502,2021-01-22
0,60,60,26284,25982,302,65.1,1.6309,1.61217,0.01874,25982,302,1.61217,0.01874,2021-01-23
5,85,90,26374,25987,387,65.4,1.63649,1.61248,0.02401,25987,387,1.61248,0.02401,2021-01-24
22,566,588,26962,26009,953,66.8,1.67297,1.61384,0.05913,26009,953,1.61384,0.05913,2021-01-25
27,1309,1336,28298,26036,2262,53.2,1.75587,1.61552,0.14036,26036,2262,1.61552,0.14036,2021-01-26
79,1330,1409,29707,26115,3592,55.8,1.8433,1.62042,0.22288,26115,3592,1.62042,0.22288,2021-01-27
69,2900,2969,32676,26184,6492,61.4,2.02752,1.6247,0.40282,26184,6492,1.6247,0.40282,2021-01-28
48,2904,2952,35628,26232,9396,66.9,2.21069,1.62768,0.58302,26232,9396,1.62768,0.58302,2021-01-29
362,3501,3863,39491,26594,12897,74.2,2.45039,1.65014,0.80025,26594,12897,1.65014,0.80025,2021-01-30
48,2073,2121,41612,26642,14970,78.2,2.582,1.65312,0.92888,26642,14970,1.65312,0.92888,2021-01-31
225,1299,1524,43136,26867,16269,78.4,2.67656,1.66708,1.00948,26867,16269,1.66708,1.00948,2021-02-01
241,1241,1482,44618,27108,17510,69.3,2.76852,1.68203,1.08648,27108,17510,1.68203,1.08648,2021-02-02
426,693,1119,45737,27534,18203,71.0,2.83795,1.70847,1.12948,27534,18203,1.70847,1.12948,2021-02-03
916,1355,2271,48008,28450,19558,74.6,2.97886,1.7653,1.21356,28450,19558,1.7653,1.21356,2021-02-04
433,1464,1897,49905,28883,21022,77.5,3.09657,1.79217,1.3044,28883,21022,1.79217,1.3044,2021-02-05
569,1401,1970,51875,29452,22423,80.6,3.21881,1.82748,1.39133,29452,22423,1.82748,1.39133,2021-02-06
228,888,1116,52991,29680,23311,82.3,3.28806,1.84162,1.44643,29680,23311,1.84162,1.44643,2021-02-07
856,614,1470,54461,30536,23925,84.6,3.37927,1.89474,1.48453,30536,23925,1.89474,1.48453,2021-02-08
1290,996,2286,56747,31826,24921,79.4,3.52111,1.97478,1.54633,31826,24921,1.97478,1.54633,2021-02-09
1441,518,1959,58706,33267,25439,68.6,3.64267,2.06419,1.57847,33267,25439,2.06419,1.57847,2021-02-10
1204,111,1315,60021,34471,25550,70.2,3.72426,2.1389,1.58536,34471,25550,2.1389,1.58536,2021-02-11
2178,59,2237,62258,36649,25609,72.8,3.86307,2.27405,1.58902,36649,25609,2.27405,1.58902,2021-02-12
1454,2,1456,63714,38103,25611,65.5,3.95341,2.36427,1.58915,38103,25611,2.36427,1.58915,2021-02-13
537,2,539,64253,38640,25613,66.0,3.98686,2.39759,1.58927,38640,25613,2.39759,1.58927,2021-02-14
927,31,958,65211,39567,25644,67.0,4.0463,2.45511,1.59119,39567,25644,2.45511,1.59119,2021-02-15
673,27,700,65911,40240,25671,67.7,4.08973,2.49686,1.59287,40240,25671,2.49686,1.59287,2021-02-16
1333,74,1407,67318,41573,25745,69.2,4.17704,2.57958,1.59746,41573,25745,2.57958,1.59746,2021-02-17
1814,64,1878,69196,43387,25809,60.9,4.29357,2.69213,1.60143,43387,25809,2.69213,1.60143,2021-02-18
1443,56,1499,70695,44830,25865,55.2,4.38658,2.78167,1.60491,44830,25865,2.78167,1.60491,2021-02-19
1707,334,2041,72736,46537,26199,56.8,4.51322,2.88759,1.62563,46537,26199,2.88759,1.62563,2021-02-20
1559,30,1589,74325,48096,26229,58.1,4.61182,2.98432,1.62749,48096,26229,2.98432,1.62749,2021-02-21
1411,228,1639,75964,49507,26457,59.3,4.71352,3.07188,1.64164,49507,26457,3.07188,1.64164,2021-02-22
1285,234,1519,77483,50792,26691,53.7,4.80777,3.15161,1.65616,50792,26691,3.15161,1.65616,2021-02-23
2223,189,2412,79895,53015,26880,55.3,4.95743,3.28955,1.66789,53015,26880,3.28955,1.66789,2021-02-24
2294,605,2899,82794,55309,27485,57.3,5.13731,3.43189,1.70543,55309,27485,3.43189,1.70543,2021-02-25
2494,306,2800,85594,57803,27791,59.3,5.31105,3.58664,1.72441,57803,27791,3.58664,1.72441,2021-02-26
1366,555,1921,87515,59169,28346,55.9,5.43025,3.6714,1.75885,59169,28346,3.6714,1.75885,2021-02-27
142,226,368,87883,59311,28572,56.2,5.45308,3.68021,1.77287,59311,28572,3.68021,1.77287,2021-02-28
1503,659,2162,90045,60814,29231,55.2,5.58723,3.77347,1.81376,60814,29231,3.77347,1.81376,2021-03-01
1712,1153,2865,92910,62526,30384,51.4,5.765,3.8797,1.88531,62526,30384,3.8797,1.88531,2021-03-02
2610,1248,3858,96768,65136,31632,53.6,6.00439,4.04165,1.96274,65136,31632,4.04165,1.96274,2021-03-03
2747,1255,4002,100770,67883,32887,55.8,6.25271,4.21209,2.04062,67883,32887,4.21209,2.04062,2021-03-04
2681,2353,5034,105804,70564,35240,58.6,6.56507,4.37845,2.18662,70564,35240,4.37845,2.18662,2021-03-05
858,1781,2639,108443,71422,37021,60.0,6.72882,4.43169,2.29713,71422,37021,4.43169,2.29713,2021-03-06
1117,540,1657,110100,72539,37561,61.0,6.83163,4.501,2.33063,72539,37561,4.501,2.33063,2021-03-07
2788,1220,4008,114108,75327,38781,63.2,7.08032,4.67399,2.40633,75327,38781,4.67399,2.40633,2021-03-08
4916,729,5645,119753,80243,39510,60.1,7.43059,4.97902,2.45157,80243,39510,4.97902,2.45157,2021-03-09
5160,850,6010,125763,85403,40360,57.7,7.80351,5.2992,2.50431,85403,40360,5.2992,2.50431,2021-03-10
4834,1201,6035,131798,90237,41561,60.5,8.17798,5.59915,2.57883,90237,41561,5.59915,2.57883,2021-03-11
5342,1357,6699,138497,95579,42918,63.6,8.59365,5.93061,2.66303,95579,42918,5.93061,2.66303,2021-03-12
2471,281,2752,141249,98050,43199,62.8,8.76441,6.08394,2.68047,98050,43199,6.08394,2.68047,2021-03-13
607,0,607,141856,98657,43199,63.1,8.80207,6.1216,2.68047,98657,43199,6.1216,2.68047,2021-03-14
2312,373,2685,144541,100969,43572,59.3,8.96867,6.26506,2.70361,100969,43572,6.26506,2.70361,2021-03-15
3452,922,4374,148915,104421,44494,61.1,9.24008,6.47925,2.76082,104421,44494,6.47925,2.76082,2021-03-16
4949,1607,6556,155471,109370,46101,63.8,9.64687,6.78634,2.86054,109370,46101,6.78634,2.86054,2021-03-17
5650,1603,7253,162724,115020,47704,66.8,10.09691,7.13691,2.96,115020,47704,7.13691,2.96,2021-03-18
5052,2213,7265,169989,120072,49917,69.8,10.5477,7.45039,3.09732,120072,49917,7.45039,3.09732,2021-03-19
2916,2277,5193,175182,122988,52194,71.9,10.86993,7.63132,3.2386,122988,52194,7.63132,3.2386,2021-03-20
2590,1440,4030,179212,125578,53634,73.5,11.11998,7.79203,3.32795,125578,53634,7.79203,3.32795,2021-03-21
3037,513,3550,182762,128615,54147,67.4,11.34026,7.98047,3.35978,128615,54147,7.98047,3.35978,2021-03-22
5076,1078,6154,188916,133691,55225,69.6,11.72211,8.29544,3.42667,133691,55225,8.29544,3.42667,2021-03-23
5927,1359,7286,196202,139618,56584,72.3,12.1742,8.6632,3.511,139618,56584,8.6632,3.511,2021-03-24
7488,1304,8792,204994,147106,57888,73.5,12.71974,9.12783,3.59191,147106,57888,9.12783,3.59191,2021-03-25
6562,1525,8087,213081,153668,59413,76.4,13.22153,9.535,3.68654,153668,59413,9.535,3.68654,2021-03-26
5290,422,5712,218793,158958,59835,78.5,13.57596,9.86324,3.71272,158958,59835,9.86324,3.71272,2021-03-27
4540,79,4619,223412,163498,59914,80.1,13.86256,10.14494,3.71762,163498,59914,10.14494,3.71762,2021-03-28
3837,588,4425,227837,167335,60502,74.2,14.13713,10.38302,3.75411,167335,60502,10.38302,3.75411,2021-03-29
6367,2273,8640,236477,173702,62775,77.1,14.67324,10.77809,3.89515,173702,62775,10.77809,3.89515,2021-03-30
7701,2447,10148,246625,181403,65222,80.4,15.30292,11.25593,4.04698,181403,65222,11.25593,4.04698,2021-03-31
7088,3013,10101,256726,188491,68235,83.7,15.92968,11.69574,4.23394,188491,68235,11.69574,4.23394,2021-04-01
5745,3242,8987,265713,194236,71477,83.0,16.48731,12.05221,4.4351,194236,71477,12.05221,4.4351,2021-04-02
2695,1926,4621,270334,196931,73403,76.0,16.77404,12.21944,4.55461,196931,73403,12.21944,4.55461,2021-04-03
0,1,1,270335,196931,73404,76.0,16.77411,12.21944,4.55467,196931,73404,12.21944,4.55467,2021-04-04
2035,1,2036,272371,198966,73405,76.5,16.90044,12.34571,4.55473,198966,73405,12.34571,4.55473,2021-04-05
5018,2427,7445,279816,203984,75832,70.5,17.36239,12.65707,4.70532,203984,75832,12.65707,4.70532,2021-04-06
7828,5648,13476,293292,211812,81480,73.9,18.19857,13.14279,5.05578,211812,81480,13.14279,5.05578,2021-04-07
8307,5118,13425,306717,220119,86598,77.3,19.03158,13.65824,5.37335,220119,86598,13.65824,5.37335,2021-04-08
7871,4351,12222,318939,227990,90949,80.4,19.78995,14.14663,5.64332,227990,90949,14.14663,5.64332,2021-04-09
8554,1935,10489,329428,236544,92884,83.0,20.44079,14.6774,5.76339,236544,92884,14.6774,5.76339,2021-04-10
4273,1120,5393,334821,240817,94004,84.4,20.77542,14.94253,5.83289,240817,94004,14.94253,5.83289,2021-04-11
5276,1714,6990,341811,246093,95718,86.1,21.20914,15.26991,5.93924,246093,95718,15.26991,5.93924,2021-04-12
5778,1825,7603,349414,251871,97543,88.1,21.6809,15.62843,6.05248,251871,97543,15.62843,6.05248,2021-04-13
6996,1237,8233,357647,258867,98780,81.3,22.19176,16.06252,6.12923,258867,98780,16.06252,6.12923,2021-04-14
6847,4954,11801,369448,265714,103734,83.1,22.924,16.48738,6.43662,265714,103734,16.48738,6.43662,2021-04-15
9098,5343,14441,383889,274812,109077,86.3,23.82005,17.0519,6.76815,274812,109077,17.0519,6.76815,2021-04-16
5465,4597,10062,393951,280277,113674,88.6,24.44439,17.391,7.0534,280277,113674,17.391,7.0534,2021-04-17
2287,2868,5155,399106,282564,116542,89.7,24.76426,17.53291,7.23135,282564,116542,17.53291,7.23135,2021-04-18
8760,1417,10177,409283,291324,117959,89.8,25.39574,18.07646,7.31928,291324,117959,18.07646,7.31928,2021-04-19
7638,3213,10851,420134,298962,121172,92.2,26.06903,18.55039,7.51864,298962,121172,18.55039,7.51864,2021-04-20
6537,5532,12069,432203,305499,126704,83.8,26.81791,18.95601,7.8619,305499,126704,18.95601,7.8619,2021-04-21
5513,4917,10430,442633,311012,131621,85.0,27.46508,19.29809,8.16699,311012,131621,19.29809,8.16699,2021-04-22
7374,5454,12828,455461,318386,137075,87.5,28.26105,19.75564,8.50541,318386,137075,19.75564,8.50541,2021-04-23
8028,2339,10367,465828,326414,139414,89.5,28.90431,20.25377,8.65055,326414,139414,20.25377,8.65055,2021-04-24
3697,779,4476,470304,330111,140193,90.3,29.18205,20.48317,8.69888,330111,140193,20.48317,8.69888,2021-04-25
5944,875,6819,477123,336055,141068,89.9,29.60516,20.85199,8.75317,336055,141068,20.85199,8.75317,2021-04-26
5564,2039,7603,484726,341619,143107,91.3,30.07692,21.19723,8.87969,341619,143107,21.19723,8.87969,2021-04-27
5307,3696,9003,493729,346926,146803,82.6,30.63555,21.52653,9.10903,346926,146803,21.52653,9.10903,2021-04-28
6613,4186,10799,504528,353539,150989,84.4,31.30562,21.93686,9.36877,353539,150989,21.93686,9.36877,2021-04-29
6809,4065,10869,515397,360348,155054,86.3,31.98004,22.35935,9.621,360348,155054,22.35935,9.621,2021-04-30
5429,4821,9850,525247,365777,159875,79.6,32.59122,22.69622,9.92014,365777,159875,22.69622,9.92014,2021-05-01
5293,1191,5874,531121,371070,161066,80.5,32.9557,23.02464,9.99404,371070,161066,23.02464,9.99404,2021-05-02
6580,1597,8177,539298,377650,162663,81.7,33.46308,23.43293,10.09313,377650,162663,23.43293,10.09313,2021-05-03
7675,1931,9528,548826,385325,164594,83.2,34.05428,23.90916,10.21295,385325,164594,23.90916,10.21295,2021-05-04
7905,2444,9914,558740,393230,167038,77.8,34.66944,24.39966,10.3646,393230,167038,24.39966,10.3646,2021-05-05
9368,3081,12377,571117,402598,170119,79.5,35.43743,24.98094,10.55577,402598,170119,24.98094,10.55577,2021-05-06
9615,4424,13939,585056,412213,174543,78.0,36.30233,25.57754,10.83028,412213,174543,25.57754,10.83028,2021-05-07
10673,2615,12821,597877,422886,177158,79.7,37.09787,26.23979,10.99253,422886,177158,26.23979,10.99253,2021-05-08
5195,930,6125,604002,428081,178088,80.5,37.47792,26.56214,11.05024,428081,178088,26.56214,11.05024,2021-05-09
7057,2534,9586,613588,435138,180622,81.8,38.07272,27.00002,11.20747,435138,180622,27.00002,11.20747,2021-05-10
6298,2459,8629,622217,441436,183081,83.0,38.60815,27.39081,11.36005,441436,183081,27.39081,11.36005,2021-05-11
7162,3131,10228,632445,448598,186212,78.2,39.24279,27.8352,11.55433,448598,186212,27.8352,11.55433,2021-05-12
7870,2947,10817,643262,456468,189159,79.6,39.91397,28.32353,11.73719,456468,189159,28.32353,11.73719,2021-05-13
10288,3135,13398,656660,466756,192294,78.1,40.74531,28.9619,11.93171,466756,192294,28.9619,11.93171,2021-05-14
10224,3615,13650,670310,476980,195909,79.7,41.59229,29.59629,12.15602,476980,195909,29.59629,12.15602,2021-05-15
6016,2421,8176,678486,482996,198330,80.7,42.0996,29.96958,12.30624,482996,198330,29.96958,12.30624,2021-05-16
9127,3110,12016,690502,492123,201440,82.1,42.84519,30.5359,12.49922,492123,201440,30.5359,12.49922,2021-05-17
9139,4095,13234,703736,501262,205535,83.7,43.66635,31.10297,12.75331,501262,205535,31.10297,12.75331,2021-05-18
11345,3392,14663,718399,512607,208927,80.0,44.57618,31.80692,12.96378,512607,208927,31.80692,12.96378,2021-05-19
10384,4343,14667,733066,522991,213270,81.6,45.48625,32.45124,13.23326,522991,213270,32.45124,13.23326,2021-05-20
14524,5161,19601,752667,537515,218431,81.9,46.70248,33.35244,13.5535,537515,218431,33.35244,13.5535,2021-05-21
19027,5206,23749,776416,556542,223637,84.5,48.17609,34.53306,13.87653,556542,223637,34.53306,13.87653,2021-05-22
7713,2206,9919,786335,564255,225843,85.6,48.79156,35.01164,14.01341,564255,225843,35.01164,14.01341,2021-05-23
8365,5371,13494,799829,572620,231214,87.0,49.62885,35.53069,14.34667,572620,231214,35.53069,14.34667,2021-05-24
5325,4606,9911,809740,577945,235820,86.4,50.24382,35.8611,14.63247,577945,235820,35.8611,14.63247,2021-05-25
10753,5037,15699,825439,588698,240857,83.0,51.21794,36.52832,14.94501,588698,240857,36.52832,14.94501,2021-05-26
11869,4988,16825,842264,600567,245845,84.7,52.26192,37.26478,15.25452,600567,245845,37.26478,15.25452,2021-05-27
13406,4493,17461,859725,613973,250338,86.4,53.34536,38.09661,15.5333,613973,250338,38.09661,15.5333,2021-05-28
14569,6061,20091,879816,628542,256399,88.5,54.59199,39.00061,15.90939,628542,256399,39.00061,15.90939,2021-05-29
9867,2881,12664,892480,638409,259280,89.7,55.37778,39.61285,16.08815,638409,259280,39.61285,16.08815,2021-05-30
7695,2814,10394,902874,646104,262094,88.8,56.02272,40.09032,16.26276,646104,262094,40.09032,16.26276,2021-05-31
9558,4171,13448,916322,655662,266265,82.8,56.85716,40.68339,16.52156,655662,266265,40.68339,16.52156,2021-06-01
6029,1917,7683,924005,661691,268182,83.5,57.33389,41.05748,16.64051,661691,268182,41.05748,16.64051,2021-06-02
8767,4036,12484,936489,670458,272218,83.8,58.10851,41.60147,16.89094,670458,272218,41.60147,16.89094,2021-06-03
15834,8343,23440,959929,686292,280561,85.9,59.56295,42.58396,17.40862,686292,280561,42.58396,17.40862,2021-06-04
11774,7179,17759,977688,698066,287740,83.5,60.66488,43.31453,17.85407,698066,287740,43.31453,17.85407,2021-06-05
7315,5291,11734,989422,705381,293031,84.5,61.39297,43.76842,18.18238,705381,293031,43.76842,18.18238,2021-06-06
8420,2824,10810,1000232,713801,295855,84.8,62.06372,44.29087,18.3576,713801,295855,44.29087,18.3576,2021-06-07
0,0,0,1000232,713801,295855,84.8,62.06372,44.29087,18.3576,713801,295855,44.29087,18.3576,2021-06-08
