delta_1d,delta_2d,delta_all,sum_doses,sum_1d,sum_2d,perc_doses,perc_inh_tot,perc_inh_1d,perc_inh_2d,sum_monotone_1d,sum_monotone_2d,perc_inh_monotone_1d,perc_inh_monotone_2d,date
0,0,0,0,0,0,0,0,0,0,0,0,0,0,2020-12-26
68,0,68,68,68,0,37.8,0.00422,0.00422,0.0,68,0,0.00422,0.0,2020-12-27
69,1,69,137,137,1,76.1,0.0085,0.0085,6e-05,137,1,0.0085,6e-05,2020-12-28
57,0,57,194,194,1,107.8,0.01204,0.01204,6e-05,194,1,0.01204,6e-05,2020-12-29
0,0,0,194,194,1,107.8,0.01204,0.01204,6e-05,194,1,0.01204,6e-05,2020-12-30
41,0,41,235,235,1,1.8,0.01458,0.01458,6e-05,235,1,0.01458,6e-05,2020-12-31
34,0,34,269,269,1,2.1,0.01669,0.01669,6e-05,269,1,0.01669,6e-05,2021-01-01
62,0,62,331,331,1,2.6,0.02054,0.02054,6e-05,331,1,0.02054,6e-05,2021-01-02
90,0,90,421,421,1,3.3,0.02612,0.02612,6e-05,421,1,0.02612,6e-05,2021-01-03
608,1,608,1029,1029,2,8.0,0.06385,0.06385,0.00012,1029,2,0.06385,0.00012,2021-01-04
1354,0,1354,2383,2383,2,12.1,0.14786,0.14786,0.00012,2383,2,0.14786,0.00012,2021-01-05
1637,0,1637,4020,4020,2,20.4,0.24944,0.24944,0.00012,4020,2,0.24944,0.00012,2021-01-06
3168,5,3168,7188,7188,7,36.5,0.44601,0.44601,0.00043,7188,7,0.44601,0.00043,2021-01-07
3362,6,3362,10550,10550,13,53.6,0.65462,0.65462,0.00081,10550,13,0.65462,0.00081,2021-01-08
4087,1,4087,14637,14637,14,74.4,0.90822,0.90822,0.00087,14637,14,0.90822,0.00087,2021-01-09
2218,2,2218,16855,16855,16,85.6,1.04584,1.04584,0.00099,16855,16,1.04584,0.00099,2021-01-10
1219,3,1219,18074,18074,19,91.8,1.12148,1.12148,0.00118,18074,19,1.12148,0.00118,2021-01-11
890,0,890,18964,18964,19,56.9,1.1767,1.1767,0.00118,18964,19,1.1767,0.00118,2021-01-12
578,0,578,19542,19542,19,58.6,1.21257,1.21257,0.00118,19542,19,1.21257,0.00118,2021-01-13
1129,0,1129,20671,20671,19,62.0,1.28262,1.28262,0.00118,20671,19,1.28262,0.00118,2021-01-14
1576,3,1576,22247,22247,22,66.7,1.38041,1.38041,0.00137,22247,22,1.38041,0.00137,2021-01-15
1499,0,1499,23746,23746,22,71.2,1.47342,1.47342,0.00137,23746,22,1.47342,0.00137,2021-01-16
866,1,867,24613,24612,23,73.8,1.52722,1.52716,0.00143,24612,23,1.52716,0.00143,2021-01-17
783,129,912,25525,25395,152,76.6,1.58381,1.57574,0.00943,25395,152,1.57574,0.00943,2021-01-18
695,56,750,26275,26090,208,65.1,1.63035,1.61887,0.01291,26090,208,1.61887,0.01291,2021-01-19
212,2,214,26489,26302,210,65.6,1.64362,1.63202,0.01303,26302,210,1.63202,0.01303,2021-01-20
97,42,139,26628,26399,252,66.0,1.65225,1.63804,0.01564,26399,252,1.63804,0.01564,2021-01-21
56,28,84,26712,26455,280,66.2,1.65746,1.64151,0.01737,26455,280,1.64151,0.01737,2021-01-22
0,62,62,26774,26455,342,66.4,1.66131,1.64151,0.02122,26455,342,1.64151,0.02122,2021-01-23
5,87,92,26866,26460,429,66.6,1.66702,1.64183,0.02662,26460,429,1.64183,0.02662,2021-01-24
23,588,611,27477,26483,1017,68.1,1.70493,1.64325,0.0631,26483,1017,1.64325,0.0631,2021-01-25
27,1354,1381,28858,26510,2371,54.2,1.79062,1.64493,0.14712,26510,2371,1.64493,0.14712,2021-01-26
78,1359,1437,30295,26588,3730,56.9,1.87978,1.64977,0.23144,26588,3730,1.64977,0.23144,2021-01-27
68,2972,3040,33335,26656,6702,62.6,2.06841,1.65399,0.41585,26656,6702,1.65399,0.41585,2021-01-28
47,3004,3049,36384,26703,9706,68.4,2.2576,1.6569,0.60225,26703,9706,1.6569,0.60225,2021-01-29
366,3579,3945,40329,27069,13285,75.8,2.50239,1.67961,0.82433,27069,13285,1.67961,0.82433,2021-01-30
45,2112,2157,42486,27114,15397,79.8,2.63623,1.68241,0.95537,27114,15397,1.68241,0.95537,2021-01-31
226,1330,1556,44042,27340,16727,80.0,2.73278,1.69643,1.0379,27340,16727,1.69643,1.0379,2021-02-01
258,1276,1534,45576,27598,18003,70.8,2.82796,1.71244,1.11707,27598,18003,1.71244,1.11707,2021-02-02
428,697,1124,46700,28026,18700,72.5,2.8977,1.73899,1.16032,28026,18700,1.73899,1.16032,2021-02-03
918,1392,2305,49005,28944,20092,76.1,3.04073,1.79596,1.2467,28944,20092,1.79596,1.2467,2021-02-04
437,1492,1927,50932,29381,21584,79.1,3.1603,1.82307,1.33927,29381,21584,1.82307,1.33927,2021-02-05
570,1420,1986,52918,29951,23004,82.2,3.28353,1.85844,1.42738,29951,23004,1.85844,1.42738,2021-02-06
229,900,1128,54046,30180,23904,83.9,3.35352,1.87265,1.48323,30180,23904,1.87265,1.48323,2021-02-07
858,620,1477,55523,31038,24524,86.2,3.44516,1.92589,1.5217,31038,24524,1.92589,1.5217,2021-02-08
1293,1011,2299,57822,32331,25535,80.9,3.58782,2.00612,1.58443,32331,25535,2.00612,1.58443,2021-02-09
1449,534,1976,59798,33780,26069,69.9,3.71043,2.09603,1.61756,33780,26069,2.09603,1.61756,2021-02-10
1207,115,1322,61120,34987,26184,71.4,3.79245,2.17092,1.6247,34987,26184,2.17092,1.6247,2021-02-11
2193,67,2253,63373,37180,26251,74.1,3.93225,2.30699,1.62886,37180,26251,2.30699,1.62886,2021-02-12
1454,6,1456,64829,38634,26257,66.6,4.0226,2.39721,1.62923,38634,26257,2.39721,1.62923,2021-02-13
540,2,542,65371,39174,26259,67.2,4.05623,2.43072,1.62935,39174,26259,2.43072,1.62935,2021-02-14
934,41,965,66336,40108,26300,68.1,4.1161,2.48867,1.6319,40108,26300,2.48867,1.6319,2021-02-15
677,37,704,67040,40785,26337,68.9,4.15979,2.53068,1.63419,40785,26337,2.53068,1.63419,2021-02-16
1350,141,1424,68464,42135,26478,70.3,4.24815,2.61445,1.64294,42135,26478,2.61445,1.64294,2021-02-17
1834,101,1898,70362,43969,26579,61.9,4.36591,2.72825,1.64921,43969,26579,2.72825,1.64921,2021-02-18
1463,109,1519,71881,45432,26688,56.1,4.46017,2.81903,1.65597,45432,26688,2.81903,1.65597,2021-02-19
1706,362,2043,73924,47138,27050,57.7,4.58693,2.92488,1.67843,47138,27050,2.92488,1.67843,2021-02-20
1561,31,1591,75515,48699,27081,59.0,4.68566,3.02174,1.68036,48699,27081,3.02174,1.68036,2021-02-21
1418,258,1652,77167,50117,27339,60.3,4.78816,3.10973,1.69637,50117,27339,3.10973,1.69637,2021-02-22
1297,300,1579,78746,51414,27639,54.5,4.88614,3.1902,1.71498,51414,27639,3.1902,1.71498,2021-02-23
2258,245,2456,81202,53672,27884,56.2,5.03853,3.33031,1.73018,53672,27884,3.33031,1.73018,2021-02-24
2340,655,2948,84150,56012,28539,58.3,5.22145,3.47551,1.77083,56012,28539,3.47551,1.77083,2021-02-25
2529,373,2837,86987,58541,28912,60.2,5.39748,3.63243,1.79397,58541,28912,3.63243,1.79397,2021-02-26
1369,607,1931,88918,59910,29519,56.8,5.5173,3.71738,1.83163,59910,29519,3.71738,1.83163,2021-02-27
142,231,369,89287,60052,29750,57.0,5.5402,3.72619,1.84597,60052,29750,3.72619,1.84597,2021-02-28
1631,702,2299,91586,61683,30452,56.1,5.68285,3.82739,1.88953,61683,30452,3.82739,1.88953,2021-03-01
1900,1242,3064,94650,63583,31694,52.3,5.87297,3.94528,1.96659,63583,31694,3.94528,1.96659,2021-03-02
2834,1406,4146,98796,66417,33100,54.5,6.13023,4.12113,2.05383,66417,33100,4.12113,2.05383,2021-03-03
3137,1341,4409,103205,69554,34441,56.8,6.4038,4.31578,2.13704,69554,34441,4.31578,2.13704,2021-03-04
2870,2422,5246,108451,72424,36863,59.7,6.72931,4.49386,2.28732,72424,36863,4.49386,2.28732,2021-03-05
1159,1877,2956,111407,73583,38740,61.3,6.91273,4.56578,2.40379,73583,38740,4.56578,2.40379,2021-03-06
1118,551,1664,113071,74701,39291,62.2,7.01598,4.63515,2.43798,74701,39291,4.63515,2.43798,2021-03-07
3512,1293,4741,117812,78213,40584,64.6,7.31016,4.85306,2.51821,78213,40584,4.85306,2.51821,2021-03-08
4836,822,5568,123380,83049,41406,61.2,7.65565,5.15313,2.56921,83049,41406,5.15313,2.56921,2021-03-09
5236,949,6093,129473,88285,42355,58.8,8.03371,5.47802,2.6281,88285,42355,5.47802,2.6281,2021-03-10
5262,1301,6470,135943,93547,43656,61.6,8.43517,5.80453,2.70883,93547,43656,5.80453,2.70883,2021-03-11
4725,1487,6043,141986,98272,45143,64.3,8.81014,6.09771,2.80109,98272,45143,6.09771,2.80109,2021-03-12
2496,331,2777,144763,100768,45474,63.5,8.98245,6.25259,2.82163,100768,45474,6.25259,2.82163,2021-03-13
614,11,616,145379,101382,45485,63.8,9.02067,6.29068,2.82231,101382,45485,6.29068,2.82231,2021-03-14
2456,428,2833,148212,103838,45913,60.1,9.19645,6.44308,2.84887,103838,45913,6.44308,2.84887,2021-03-15
3520,991,4452,152664,107358,46904,61.9,9.4727,6.66149,2.91036,107358,46904,6.66149,2.91036,2021-03-16
5009,1691,6643,159307,112367,48595,64.6,9.88489,6.9723,3.01529,112367,48595,6.9723,3.01529,2021-03-17
5677,1729,7320,166627,118044,50324,67.5,10.33909,7.32455,3.12257,118044,50324,7.32455,3.12257,2021-03-18
5093,2320,7339,173966,123137,52644,70.5,10.79447,7.64057,3.26652,123137,52644,7.64057,3.26652,2021-03-19
2938,2316,5226,179192,126075,54960,72.6,11.11874,7.82287,3.41023,126075,54960,7.82287,3.41023,2021-03-20
2613,1472,4055,183247,128688,56432,74.3,11.37035,7.985,3.50157,128688,56432,7.985,3.50157,2021-03-21
3223,616,3749,186996,131911,57048,68.1,11.60298,8.18499,3.53979,131911,57048,8.18499,3.53979,2021-03-22
5409,1278,6500,193496,137320,58326,70.4,12.0063,8.52061,3.61909,137320,58326,8.52061,3.61909,2021-03-23
6155,1534,7520,201016,143475,59860,73.1,12.47291,8.90253,3.71427,143475,59860,8.90253,3.71427,2021-03-24
7984,1482,9295,210311,151459,61342,74.4,13.04966,9.39793,3.80623,151459,61342,9.39793,3.80623,2021-03-25
7116,1697,8649,218960,158575,63039,77.4,13.58632,9.83947,3.91153,158575,63039,9.83947,3.91153,2021-03-26
5419,531,5842,224802,163994,63570,79.4,13.94881,10.17572,3.94448,163994,63570,10.17572,3.94448,2021-03-27
4567,153,4646,229448,168561,63723,81.1,14.23709,10.4591,3.95397,168561,63723,10.4591,3.95397,2021-03-28
4267,699,4863,234311,172828,64422,75.2,14.53884,10.72386,3.99734,172828,64422,10.72386,3.99734,2021-03-29
6647,2471,8937,243248,179475,66893,78.1,15.09337,11.1363,4.15067,179475,66893,11.1363,4.15067,2021-03-30
8198,2599,10639,253887,187673,69492,81.5,15.75352,11.64498,4.31193,187673,69492,11.64498,4.31193,2021-03-31
7283,3201,10316,264203,194956,72693,84.7,16.39362,12.09689,4.51055,194956,72693,12.09689,4.51055,2021-04-01
6085,3466,9363,273566,201041,76159,84.2,16.97459,12.47446,4.72561,201041,76159,12.47446,4.72561,2021-04-02
2750,2069,4745,278311,203791,78228,77.1,17.26901,12.64509,4.85399,203791,78228,12.64509,4.85399,2021-04-03
0,2,2,278313,203791,78230,77.1,17.26913,12.64509,4.85412,203791,78230,12.64509,4.85412,2021-04-04
2096,52,2097,280410,205887,78282,77.7,17.39925,12.77515,4.85735,205887,78282,12.77515,4.85735,2021-04-05
5149,2525,7591,288001,211036,80807,71.7,17.87027,13.09464,5.01402,211036,80807,13.09464,5.01402,2021-04-06
8013,5860,13773,301774,219049,86667,75.1,18.72487,13.59184,5.37763,219049,86667,13.59184,5.37763,2021-04-07
8465,5288,13629,315403,227514,91955,78.5,19.57054,14.11709,5.70575,227514,91955,14.11709,5.70575,2021-04-08
8105,4581,12531,327934,235619,96536,81.6,20.34808,14.62,5.98999,235619,96536,14.62,5.98999,2021-04-09
8657,2092,10631,338565,244276,98628,84.3,21.00773,15.15716,6.1198,244276,98628,15.15716,6.1198,2021-04-10
4297,1155,5421,343986,248573,99783,85.6,21.3441,15.42379,6.19147,248573,99783,15.42379,6.19147,2021-04-11
5337,1803,7068,351054,253910,101586,87.4,21.78266,15.75494,6.30334,253910,101586,15.75494,6.30334,2021-04-12
5861,1927,7716,358770,259771,103513,89.3,22.26144,16.11862,6.42291,259771,103513,16.11862,6.42291,2021-04-13
7097,1341,8375,367145,266868,104854,82.5,22.7811,16.55898,6.50612,266868,104854,16.55898,6.50612,2021-04-14
6947,5159,11977,379122,273815,110013,84.3,23.52427,16.99004,6.82623,273815,110013,16.99004,6.82623,2021-04-15
9196,5620,14631,393753,283011,115633,87.6,24.43211,17.56064,7.17495,283011,115633,17.56064,7.17495,2021-04-16
5514,4779,10199,403952,288525,120412,89.8,25.06495,17.90278,7.47148,288525,120412,17.90278,7.47148,2021-04-17
2269,2920,5162,409114,290794,123332,91.0,25.38525,18.04357,7.65267,290794,123332,18.04357,7.65267,2021-04-18
8825,1607,10277,419391,299619,124939,91.0,26.02293,18.59116,7.75238,299619,124939,18.59116,7.75238,2021-04-19
7912,3428,11226,430617,307531,128367,93.4,26.7195,19.08209,7.96509,307531,128367,19.08209,7.96509,2021-04-20
6588,5704,12194,442811,314119,134071,85.0,27.47612,19.49087,8.31902,314119,134071,19.49087,8.31902,2021-04-21
5643,5104,10647,453458,319762,139175,86.3,28.13676,19.84102,8.63572,319762,139175,19.84102,8.63572,2021-04-22
7533,5731,13096,466554,327295,144906,88.8,28.94936,20.30843,8.99132,327295,144906,20.30843,8.99132,2021-04-23
8116,2652,10619,477173,335411,147558,90.8,29.60826,20.81203,9.15587,335411,147558,20.81203,9.15587,2021-04-24
3766,824,4553,481726,339177,148382,91.6,29.89077,21.0457,9.207,339177,148382,21.0457,9.207,2021-04-25
6038,1028,6967,488693,345215,149410,91.2,30.32307,21.42036,9.27079,345215,149410,21.42036,9.27079,2021-04-26
5701,2176,7774,496467,350916,151586,92.7,30.80544,21.7741,9.40581,350916,151586,21.7741,9.40581,2021-04-27
5371,3928,9156,505623,356287,155514,83.9,31.37357,22.10737,9.64954,356287,155514,22.10737,9.64954,2021-04-28
6865,4594,11309,516932,363152,160108,85.8,32.07528,22.53334,9.93459,363152,160108,22.53334,9.93459,2021-04-29
7032,4504,11340,528272,370184,164612,87.7,32.77892,22.96967,10.21406,370184,164612,22.96967,10.21406,2021-04-30
5530,4978,10022,538294,375714,169590,81.0,33.40078,23.3128,10.52295,375714,169590,23.3128,10.52295,2021-05-01
5402,1386,6086,544380,381116,170976,81.9,33.77841,23.64799,10.60895,381116,170976,23.64799,10.60895,2021-05-02
6719,1733,8348,552728,387835,172709,83.1,34.2964,24.0649,10.71648,387835,172709,24.0649,10.71648,2021-05-03
7788,2139,9694,562422,395623,174848,84.6,34.89791,24.54814,10.8492,395623,174848,24.54814,10.8492,2021-05-04
8235,2694,10309,572731,403858,177542,79.2,35.53757,25.05912,11.01636,403858,177542,25.05912,11.01636,2021-05-05
9994,3503,13193,585924,413852,181045,81.0,36.35619,25.67924,11.23372,413852,181045,25.67924,11.23372,2021-05-06
10084,4933,14649,600573,423936,185978,79.5,37.26515,26.30494,11.53981,423936,185978,26.30494,11.53981,2021-05-07
10942,2939,13235,613808,434878,188917,81.3,38.08637,26.98389,11.72217,434878,188917,26.98389,11.72217,2021-05-08
5254,1006,6179,619987,440132,189923,82.1,38.46978,27.30989,11.78459,440132,189923,27.30989,11.78459,2021-05-09
7394,2745,9958,629945,447526,192668,83.4,39.08766,27.76869,11.95492,447526,192668,27.76869,11.95492,2021-05-10
6609,2794,9133,639078,454135,195462,84.6,39.65436,28.17877,12.12829,454135,195462,28.17877,12.12829,2021-05-11
8120,3724,11276,650354,462255,199186,79.9,40.35403,28.68261,12.35936,462255,199186,28.68261,12.35936,2021-05-12
8987,3689,12460,662814,471242,202875,81.4,41.12716,29.24025,12.58826,471242,202875,29.24025,12.58826,2021-05-13
11036,3921,14694,677508,482278,206796,80.1,42.03892,29.92503,12.83155,482278,206796,29.92503,12.83155,2021-05-14
10446,3818,13891,691399,492724,210614,81.7,42.90084,30.57319,13.06846,492724,210614,30.57319,13.06846,2021-05-15
6094,2513,8257,699656,498818,213127,82.7,43.41318,30.95132,13.22439,498818,213127,30.95132,13.22439,2021-05-16
9288,3933,12848,712504,508106,217060,84.2,44.21039,31.52764,13.46843,508106,217060,31.52764,13.46843,2021-05-17
9562,5406,14804,727308,517668,222466,85.9,45.12897,32.12095,13.80387,517668,222466,32.12095,13.80387,2021-05-18
12806,4546,17089,744397,530474,227012,82.4,46.18933,32.91556,14.08594,530474,227012,32.91556,14.08594,2021-05-19
11499,5181,16418,760815,541973,232193,84.2,47.20806,33.62906,14.40742,541973,232193,33.62906,14.40742,2021-05-20
16679,6485,22818,783633,558652,238678,84.8,48.6239,34.66398,14.80981,558652,238678,34.66398,14.80981,2021-05-21
19876,5969,25077,808710,578528,244647,87.5,50.17991,35.89727,15.18018,578528,244647,35.89727,15.18018,2021-05-22
7779,2346,10036,818746,586307,246993,88.5,50.80264,36.37996,15.32575,586307,246993,36.37996,15.32575,2021-05-23
8498,6375,14500,833246,594805,253368,88.4,51.70235,36.90725,15.72131,594805,253368,36.90725,15.72131,2021-05-24
8669,6668,15159,848405,603474,260036,89.9,52.64296,37.44516,16.13506,603474,260036,37.44516,16.13506,2021-05-25
9889,5857,15552,863957,613363,265893,86.3,53.60795,38.05876,16.49848,613363,265893,38.05876,16.49848,2021-05-26
12320,6167,17869,881826,625683,272060,88.0,54.71671,38.82321,16.88114,625683,272060,38.82321,16.88114,2021-05-27
13715,4799,18018,899844,639398,276859,89.8,55.83472,39.67422,17.17891,639398,276859,39.67422,17.17891,2021-05-28
13421,4968,18037,917881,652819,281827,91.6,56.9539,40.50698,17.48718,652819,281827,40.50698,17.48718,2021-05-29
7379,2450,9745,927626,660198,284277,90.6,57.55857,40.96484,17.6392,660198,284277,40.96484,17.6392,2021-05-30
8259,3210,11371,938997,668457,287487,91.7,58.26413,41.47731,17.83838,668457,287487,41.47731,17.83838,2021-05-31
9729,5116,14325,953322,678186,292603,85.5,59.15299,42.08099,18.15582,678186,292603,42.08099,18.15582,2021-06-01
8146,1942,9786,963108,686332,294545,86.4,59.7602,42.58644,18.27632,686332,294545,42.58644,18.27632,2021-06-02
10707,6501,16403,979511,697039,301046,87.0,60.778,43.2508,18.6797,697039,301046,43.2508,18.6797,2021-06-03
9946,5384,14528,994039,706985,306430,84.3,61.67945,43.86794,19.01378,706985,306430,43.86794,19.01378,2021-06-04
11417,7689,17889,1011928,718402,314119,85.8,62.78945,44.57636,19.49087,718402,314119,44.57636,19.49087,2021-06-05
6387,4550,10038,1021966,724789,318669,86.0,63.4123,44.97267,19.7732,724789,318669,44.97267,19.7732,2021-06-06
9561,3495,12572,1034538,734350,322164,87.0,64.19239,45.56592,19.99006,734350,322164,45.56592,19.99006,2021-06-07
11326,3897,14839,1049377,745676,326061,88.2,65.11314,46.26869,20.23187,745676,326061,46.26869,20.23187,2021-06-08
11726,4361,15481,1064858,757402,330422,83.9,66.07372,46.99629,20.50246,757402,330422,46.99629,20.50246,2021-06-09
11770,6555,17819,1082677,769172,336977,85.3,67.17938,47.72661,20.9092,769172,336977,47.72661,20.9092,2021-06-10
9244,6259,14790,1097467,778416,343236,86.2,68.09709,48.30019,21.29756,778416,343236,48.30019,21.29756,2021-06-11
10054,5369,14763,1112230,788470,348605,87.3,69.01312,48.92403,21.63071,788470,348605,48.92403,21.63071,2021-06-12
6242,3814,9503,1121733,794712,352419,88.1,69.60278,49.31135,21.86736,794712,352419,49.31135,21.86736,2021-06-13
9928,4270,13752,1135485,804640,356689,88.5,70.45608,49.92737,22.13231,804640,356689,49.92737,22.13231,2021-06-14
9945,5376,14692,1150177,814585,362065,89.6,71.36771,50.54445,22.46589,814585,362065,50.54445,22.46589,2021-06-15
12327,6106,17643,1167820,826912,368171,84.8,72.46245,51.30933,22.84476,826912,368171,51.30933,22.84476,2021-06-16
10038,9019,18490,1186310,836950,377190,86.1,73.60974,51.93219,23.40439,836950,377190,51.93219,23.40439,2021-06-17
8719,8195,16492,1202802,845669,385385,86.5,74.63306,52.47319,23.91288,845669,385385,52.47319,23.91288,2021-06-18
9215,6656,15356,1218158,854884,392041,87.6,75.58589,53.04498,24.32588,854884,392041,53.04498,24.32588,2021-06-19
3666,2813,6296,1224454,858550,394854,86.5,75.97655,53.27245,24.50043,858550,394854,53.27245,24.50043,2021-06-20
5197,9044,14042,1238496,863747,403898,87.4,76.84784,53.59492,25.0616,863747,403898,53.59492,25.0616,2021-06-21
7266,12337,19348,1257844,871013,416235,88.8,78.04837,54.04577,25.8271,871013,416235,54.04577,25.8271,2021-06-22
6285,14471,20551,1278395,877298,430706,85.0,79.32355,54.43575,26.72502,877298,430706,54.43575,26.72502,2021-06-23
8217,11311,19206,1297601,885515,442017,86.3,80.51527,54.94561,27.42686,885515,442017,54.94561,27.42686,2021-06-24
3946,12745,16535,1314136,889461,454762,87.4,81.54126,55.19046,28.21768,889461,454762,55.19046,28.21768,2021-06-25
5518,13908,19161,1333297,894979,468670,87.8,82.73018,55.53285,29.08066,894979,468670,55.53285,29.08066,2021-06-26
2984,6190,9019,1342316,897963,474860,88.3,83.28981,55.718,29.46474,897963,474860,55.718,29.46474,2021-06-27
3113,12035,14995,1357311,901076,486895,89.3,84.22024,55.91116,30.21151,901076,486895,55.91116,30.21151,2021-06-28
3807,14225,17904,1375215,904883,501120,90.5,85.33117,56.14738,31.09416,904883,501120,56.14738,31.09416,2021-06-29
4885,13028,17775,1392990,909768,514148,86.1,86.43409,56.45049,31.90254,909768,514148,56.45049,31.90254,2021-06-30
7347,12720,19840,1412830,917115,526868,87.3,87.66515,56.90637,32.69181,917115,526868,56.90637,32.69181,2021-07-01
4492,14655,18946,1431776,921607,541523,88.5,88.84074,57.1851,33.60114,921607,541523,57.1851,33.60114,2021-07-02
3266,12672,15846,1447622,924873,554195,88.6,89.82397,57.38775,34.38743,924873,554195,57.38775,34.38743,2021-07-03
2080,6232,8212,1455834,926953,560427,89.1,90.33352,57.51681,34.77412,926953,560427,57.51681,34.77412,2021-07-04
3376,12303,15585,1471419,930329,572730,90.0,91.30056,57.72629,35.53751,930329,572730,57.72629,35.53751,2021-07-05
4756,11313,15942,1487361,935085,584043,91.0,92.28975,58.0214,36.23948,935085,584043,58.0214,36.23948,2021-07-06
4131,11863,15908,1503269,939216,595906,89.0,93.27683,58.27772,36.97557,939216,595906,58.27772,36.97557,2021-07-07
3918,14707,18450,1521719,943134,610613,90.1,94.42164,58.52083,37.88813,943134,610613,58.52083,37.88813,2021-07-08
3517,12542,15888,1537607,946651,623155,91.1,95.40748,58.73906,38.66635,946651,623155,58.73906,38.66635,2021-07-09
2736,11603,14242,1551849,949387,634758,91.2,96.29119,58.90883,39.38631,949387,634758,58.90883,39.38631,2021-07-10
1459,5020,6379,1558228,950846,639778,91.6,96.687,58.99936,39.69779,950846,639778,58.99936,39.69779,2021-07-11
2457,13050,15335,1573563,953303,652828,92.5,97.63853,59.15181,40.50754,953303,652828,59.15181,40.50754,2021-07-12
3328,14628,17809,1591372,956631,667456,93.6,98.74356,59.35831,41.4152,956631,667456,59.35831,41.4152,2021-07-13
3883,13239,16915,1608287,960514,680695,91.7,99.79313,59.59925,42.23667,960514,680695,59.59925,42.23667,2021-07-14
4745,14244,18777,1627064,965259,694939,92.7,100.95823,59.89367,43.1205,965259,694939,59.89367,43.1205,2021-07-15
4687,12494,16935,1643999,969946,707433,93.7,102.00903,60.1845,43.89574,969946,707433,60.1845,43.89574,2021-07-16
3244,9784,12871,1656870,973190,717217,94.4,102.80767,60.38579,44.50283,973190,717217,60.38579,44.50283,2021-07-17
990,4733,5691,1662561,974180,721950,92.4,103.16079,60.44721,44.79651,974180,721950,60.44721,44.79651,2021-07-18
2846,12553,15235,1677796,977026,734503,93.2,104.10611,60.62381,45.57542,977026,734503,60.62381,45.57542,2021-07-19
3743,12578,16146,1693942,980769,747081,94.1,105.10796,60.85606,46.35587,980769,747081,60.85606,46.35587,2021-07-20
3991,15610,19394,1713336,984760,762691,92.4,106.31135,61.1037,47.32446,984760,762691,61.1037,47.32446,2021-07-21
4616,13999,18343,1731679,989376,776690,93.4,107.44952,61.39012,48.19309,989376,776690,61.39012,48.19309,2021-07-22
3482,12504,15763,1747442,992858,789194,94.3,108.4276,61.60617,48.96896,992858,789194,61.60617,48.96896,2021-07-23
2019,10496,12380,1759822,994877,799690,94.9,109.19577,61.73145,49.62023,994877,799690,61.73145,49.62023,2021-07-24
877,3523,4343,1764165,995754,803213,95.2,109.46525,61.78587,49.83883,995754,803213,61.78587,49.83883,2021-07-25
4199,10719,14618,1778783,999953,813932,94.5,110.37229,62.04641,50.50393,999953,813932,62.04641,50.50393,2021-07-26
4324,12498,16533,1795316,1004277,826430,95.4,111.39815,62.31471,51.27943,1004277,826430,62.31471,51.27943,2021-07-27
6464,10674,16794,1812110,1010741,837104,92.8,112.44021,62.7158,51.94174,1010741,837104,62.7158,51.94174,2021-07-28
6690,11531,17898,1830008,1017431,848635,93.7,113.55077,63.13091,52.65723,1017431,848635,63.13091,52.65723,2021-07-29
6788,8734,15206,1845214,1024219,857369,94.5,114.49429,63.5521,53.19917,1024219,857369,63.5521,53.19917,2021-07-30
5356,5163,10321,1855535,1029575,862532,95.0,115.1347,63.88444,53.51953,1029575,862532,63.88444,53.51953,2021-07-31
1066,2053,3054,1858589,1030641,864585,95.2,115.3242,63.95058,53.64692,1030641,864585,63.95058,53.64692,2021-08-01
6387,7082,13117,1871706,1037028,871667,95.8,116.1381,64.34689,54.08635,1037028,871667,64.34689,54.08635,2021-08-02
7710,7277,14574,1886280,1044738,878944,95.9,117.04241,64.82529,54.53788,1044738,878944,64.82529,54.53788,2021-08-03
9861,6808,16213,1902493,1054599,885752,94.1,118.04841,65.43716,54.96032,1054599,885752,65.43716,54.96032,2021-08-04
8848,7142,15649,1918142,1063447,892894,94.9,119.01942,65.98617,55.40347,1063447,892894,65.98617,55.40347,2021-08-05
8164,6067,13831,1931973,1071611,898961,95.5,119.87763,66.49274,55.77993,1071611,898961,66.49274,55.77993,2021-08-06
5502,3019,8207,1940180,1077113,901980,95.9,120.38687,66.83414,55.96725,1077113,901980,66.83414,55.96725,2021-08-07
1039,869,1881,1942061,1078152,902849,95.3,120.50358,66.89861,56.02117,1078152,902849,66.89861,56.02117,2021-08-08
6623,7141,13416,1955477,1084775,909990,95.9,121.33603,67.30956,56.46427,1084775,909990,67.30956,56.46427,2021-08-09
6413,8164,14241,1969718,1091188,918154,96.6,122.21968,67.70748,56.97084,1091188,918154,67.70748,56.97084,2021-08-10
6326,5938,11928,1981646,1097514,924092,94.7,122.9598,68.10001,57.33929,1097514,924092,68.10001,57.33929,2021-08-11
6796,5986,12482,1994128,1104310,930078,95.3,123.7343,68.52169,57.71071,1104310,930078,68.52169,57.71071,2021-08-12
6433,3781,9952,2004080,1110743,933859,95.0,124.35182,68.92086,57.94532,1110743,933859,68.92086,57.94532,2021-08-13
999,830,1792,2005872,1111742,934689,95.1,124.46301,68.98284,57.99682,1111742,934689,68.98284,57.99682,2021-08-14
9,10,19,2005891,1111751,934699,95.1,124.46419,68.9834,57.99744,1111751,934699,68.9834,57.99744,2021-08-15
4665,4067,8460,2014351,1116416,938766,95.5,124.98913,69.27286,58.2498,1116416,938766,69.27286,58.2498,2021-08-16
6219,4676,10609,2024960,1122635,943442,95.3,125.64741,69.65875,58.53994,1122635,943442,69.65875,58.53994,2021-08-17
5836,5131,10692,2035652,1128471,948573,91.9,126.31084,70.02087,58.85832,1128471,948573,70.02087,58.85832,2021-08-18
5864,5146,10760,2046412,1134335,953719,92.4,126.97849,70.38472,59.17762,1134335,953719,70.38472,59.17762,2021-08-19
4943,5453,10173,2056585,1139278,959172,92.8,127.60972,70.69143,59.51598,1139278,959172,70.69143,59.51598,2021-08-20
3727,2030,5620,2062205,1143005,961202,93.1,127.95843,70.92269,59.64194,1143005,961202,70.92269,59.64194,2021-08-21
406,765,1158,2063363,1143411,961967,93.1,128.03029,70.94788,59.68941,1143411,961967,70.94788,59.68941,2021-08-22
5811,4963,10521,2073884,1149222,966930,93.6,128.68311,71.30845,59.99736,1149222,966930,71.30845,59.99736,2021-08-23
4963,5368,10102,2083986,1154185,972298,92.0,129.30993,71.6164,60.33044,1154185,972298,71.6164,60.33044,2021-08-24
4355,5908,10068,2094054,1158540,978206,88.7,129.93464,71.88663,60.69702,1158540,978206,71.88663,60.69702,2021-08-25
5483,4139,9431,2103485,1164023,982345,89.1,130.51983,72.22684,60.95385,1164023,982345,72.22684,60.95385,2021-08-26
5050,3544,8383,2111868,1169073,985889,89.5,131.03999,72.54019,61.17375,1169073,985889,72.54019,61.17375,2021-08-27
2911,1338,4162,2116030,1171984,987227,89.6,131.29824,72.72082,61.25677,1171984,987227,72.72082,61.25677,2021-08-28
369,113,467,2116497,1172353,987340,89.7,131.32722,72.74372,61.26378,1172353,987340,72.74372,61.26378,2021-08-29
4994,4003,8754,2125251,1177347,991343,90.0,131.8704,73.05359,61.51217,1177347,991343,73.05359,61.51217,2021-08-30
4910,4607,9302,2134553,1182257,995950,90.4,132.44758,73.35825,61.79803,1182257,995950,73.35825,61.79803,2021-08-31
3205,5164,8246,2142799,1185462,1001114,88.7,132.95924,73.55712,62.11845,1185462,1001114,73.55712,62.11845,2021-09-01
4080,6391,10325,2153124,1189542,1007505,89.1,133.5999,73.81028,62.51501,1189542,1007505,73.81028,62.51501,2021-09-02
3172,5663,8710,2161834,1192714,1013168,89.5,134.14035,74.0071,62.86639,1192714,1013168,74.0071,62.86639,2021-09-03
1602,3576,5114,2166948,1194316,1016744,89.7,134.45767,74.10651,63.08828,1194316,1016744,74.10651,63.08828,2021-09-04
139,531,664,2167612,1194455,1017275,89.7,134.49887,74.11513,63.12123,1194455,1017275,74.11513,63.12123,2021-09-05
2661,6754,9285,2176897,1197116,1024029,90.1,135.075,74.28024,63.54031,1197116,1024029,74.28024,63.54031,2021-09-06
2659,7047,9560,2186457,1199775,1031076,88.8,135.66819,74.44523,63.97757,1199775,1031076,74.44523,63.97757,2021-09-07
3330,9092,12252,2198709,1203105,1040168,87.3,136.42842,74.65186,64.54173,1203105,1040168,74.65186,64.54173,2021-09-08
2366,9501,11710,2210419,1205471,1049669,87.8,137.15501,74.79867,65.13126,1205471,1049669,74.79867,65.13126,2021-09-09
2817,7674,10289,2220708,1208288,1057343,88.2,137.79344,74.97346,65.60742,1208288,1057343,74.97346,65.60742,2021-09-10
1244,5299,6498,2227206,1209532,1062642,88.5,138.19664,75.05065,65.93622,1209532,1062642,75.05065,65.93622,2021-09-11
648,2613,3234,2230440,1210180,1065255,88.6,138.3973,75.09086,66.09836,1210180,1065255,75.09086,66.09836,2021-09-12
2587,7995,10458,2240898,1212767,1073250,89.0,139.04621,75.25138,66.59444,1212767,1073250,75.25138,66.59444,2021-09-13
2071,8636,10545,2251443,1214838,1081886,89.4,139.70053,75.37988,67.1303,1214838,1081886,75.37988,67.1303,2021-09-14
2152,8188,10214,2261657,1216990,1090074,89.2,140.3343,75.51341,67.63836,1216990,1090074,75.51341,67.63836,2021-09-15
2094,8597,10568,2272225,1219084,1098671,89.6,140.99003,75.64334,68.1718,1219084,1098671,75.64334,68.1718,2021-09-16
2273,7791,9942,2282167,1221357,1106462,88.7,141.60693,75.78438,68.65522,1221357,1106462,75.78438,68.65522,2021-09-17
1714,4522,6185,2288352,1223071,1110984,89.0,141.9907,75.89073,68.93581,1223071,1110984,75.89073,68.93581,2021-09-18
1020,912,1895,2290247,1224091,1111896,89.0,142.10829,75.95402,68.9924,1224091,1111896,75.95402,68.9924,2021-09-19
2867,7101,9814,2300061,1226958,1118997,89.4,142.71724,76.13192,69.43301,1226958,1118997,76.13192,69.43301,2021-09-20
2537,7046,9444,2309505,1229495,1126043,88.5,143.30323,76.28934,69.87021,1229495,1126043,76.28934,69.87021,2021-09-21
2533,8081,10466,2319971,1232028,1134124,88.5,143.95264,76.44651,70.37163,1232028,1134124,76.44651,70.37163,2021-09-22
2882,7411,10147,2330118,1234910,1141535,88.9,144.58226,76.62534,70.83148,1234910,1141535,76.62534,70.83148,2021-09-23
2563,5633,8063,2338181,1237473,1147168,89.2,145.08256,76.78437,71.181,1237473,1147168,76.78437,71.181,2021-09-24
1491,3692,5097,2343278,1238964,1150860,89.4,145.39883,76.87688,71.41009,1238964,1150860,76.87688,71.41009,2021-09-25
653,1470,2090,2345368,1239617,1152330,89.5,145.52851,76.9174,71.5013,1239617,1152330,76.9174,71.5013,2021-09-26
2161,5575,7621,2352989,1241778,1157905,89.8,146.00139,77.05149,71.84723,1241778,1157905,77.05149,71.84723,2021-09-27
1726,5256,6869,2359858,1243504,1163161,91.1,146.4276,77.15859,72.17336,1243504,1163161,77.15859,72.17336,2021-09-28
1672,5973,7563,2367421,1245176,1169134,87.0,146.89688,77.26233,72.54398,1245176,1169134,77.26233,72.54398,2021-09-29
1792,5221,6919,2374340,1246968,1174355,87.3,147.3262,77.37353,72.86794,1246968,1174355,77.37353,72.86794,2021-09-30
2266,4339,6487,2380827,1249234,1178694,87.5,147.72872,77.51413,73.13717,1249234,1178694,77.51413,73.13717,2021-10-01
1564,1123,2607,2383434,1250798,1179817,87.6,147.89048,77.61118,73.20685,1250798,1179817,77.61118,73.20685,2021-10-02
81,197,275,2383709,1250879,1180014,87.6,147.90754,77.6162,73.21908,1250879,1180014,77.6162,73.21908,2021-10-03
1332,3471,4727,2388436,1252211,1183485,87.8,148.20085,77.69885,73.43445,1252211,1183485,77.69885,73.43445,2021-10-04
1486,1755,3115,2391551,1253697,1185240,87.9,148.39413,77.79106,73.54335,1253697,1185240,77.79106,73.54335,2021-10-05
1469,1344,2726,2394277,1255166,1186584,88.0,148.56328,77.88221,73.62674,1255166,1186584,77.88221,73.62674,2021-10-06
1279,1381,2562,2396839,1256445,1187965,87.1,148.72225,77.96157,73.71243,1256445,1187965,77.96157,73.71243,2021-10-07
2061,3690,5624,2402463,1258506,1191655,87.3,149.07121,78.08945,73.94139,1258506,1191655,78.08945,73.94139,2021-10-08
418,346,738,2403201,1258924,1192001,87.3,149.11701,78.11539,73.96286,1258924,1192001,78.11539,73.96286,2021-10-09
217,1425,1620,2404821,1259141,1193426,87.4,149.21753,78.12885,74.05128,1259141,1193426,78.12885,74.05128,2021-10-10
1689,2164,3758,2408579,1260830,1195590,87.5,149.45071,78.23365,74.18556,1260830,1195590,78.23365,74.18556,2021-10-11
1460,1839,3201,2411780,1262290,1197429,87.6,149.64933,78.32425,74.29966,1262290,1197429,78.32425,74.29966,2021-10-12
1582,2517,4022,2415802,1263872,1199946,87.8,149.89889,78.42241,74.45584,1263872,1199946,78.42241,74.45584,2021-10-13
1529,2088,3535,2419337,1265401,1202034,87.9,150.11823,78.51728,74.5854,1265401,1202034,78.51728,74.5854,2021-10-14
1955,4602,6456,2425793,1267356,1206636,88.2,150.51883,78.63859,74.87095,1267356,1206636,78.63859,74.87095,2021-10-15
635,1294,1908,2427701,1267991,1207930,88.2,150.63722,78.67799,74.95124,1267991,1207930,78.67799,74.95124,2021-10-16
146,224,363,2428064,1268137,1208154,88.2,150.65974,78.68705,74.96514,1268137,1208154,78.68705,74.96514,2021-10-17
1534,3383,4845,2432909,1269671,1211537,88.4,150.96037,78.78223,75.17506,1269671,1211537,78.78223,75.17506,2021-10-18
924,2061,2923,2435832,1270595,1213598,88.5,151.14174,78.83957,75.30294,1270595,1213598,78.83957,75.30294,2021-10-19
968,1491,2404,2438236,1271563,1215089,88.6,151.29091,78.89963,75.39546,1271563,1215089,78.89963,75.39546,2021-10-20
831,1863,2657,2440893,1272394,1216952,88.7,151.45577,78.95119,75.51105,1272394,1216952,78.95119,75.51105,2021-10-21
697,2864,3511,2444404,1273091,1219816,88.8,151.67363,78.99444,75.68876,1273091,1219816,78.99444,75.68876,2021-10-22
330,981,1295,2445699,1273421,1220797,88.9,151.75398,79.01492,75.74963,1273421,1220797,79.01492,75.74963,2021-10-23
91,709,796,2446495,1273512,1221506,88.9,151.80337,79.02056,75.79363,1273512,1221506,79.02056,75.79363,2021-10-24
713,1130,1800,2448295,1274225,1222636,89.0,151.91506,79.0648,75.86374,1274225,1222636,79.0648,75.86374,2021-10-25
460,1400,1827,2450122,1274685,1224036,89.0,152.02842,79.09335,75.95061,1274685,1224036,79.09335,75.95061,2021-10-26
477,1042,1492,2451614,1275162,1225078,89.1,152.121,79.12295,76.01527,1275162,1225078,79.12295,76.01527,2021-10-27
545,1279,1788,2453402,1275707,1226357,89.2,152.23195,79.15676,76.09463,1275707,1226357,79.15676,76.09463,2021-10-28
517,2631,3114,2456516,1276224,1228988,89.3,152.42517,79.18884,76.25788,1276224,1228988,79.18884,76.25788,2021-10-29
141,475,605,2457121,1276365,1229463,89.3,152.46271,79.19759,76.28735,1276365,1229463,79.19759,76.28735,2021-10-30
60,616,668,2457789,1276425,1230079,89.3,152.50416,79.20131,76.32558,1276425,1230079,79.20131,76.32558,2021-10-31
0,0,0,2457789,1276425,1230079,89.3,152.50416,79.20131,76.32558,1276425,1230079,79.20131,76.32558,2021-11-01
438,1750,2161,2459950,1276863,1231829,89.4,152.63824,79.22849,76.43416,1276863,1231829,79.22849,76.43416,2021-11-02
450,1350,1778,2461728,1277313,1233179,89.5,152.74857,79.25641,76.51793,1277313,1233179,79.25641,76.51793,2021-11-03
476,1470,1930,2463658,1277789,1234649,89.5,152.86832,79.28595,76.60914,1277789,1234649,79.28595,76.60914,2021-11-04
576,1879,2425,2466083,1278365,1236528,89.6,153.01879,79.32169,76.72573,1278365,1236528,79.32169,76.72573,2021-11-05
181,870,1044,2467127,1278546,1237398,89.7,153.08357,79.33292,76.77971,1278546,1237398,79.33292,76.77971,2021-11-06
48,169,212,2467339,1278594,1237567,89.7,153.09673,79.3359,76.7902,1278594,1237567,79.3359,76.7902,2021-11-07
496,1259,1730,2469069,1279090,1238826,89.7,153.20407,79.36667,76.86832,1279090,1238826,79.36667,76.86832,2021-11-08
468,1253,1692,2470761,1279558,1240079,89.8,153.30906,79.39571,76.94607,1279558,1240079,79.39571,76.94607,2021-11-09
470,704,1138,2471899,1280028,1240783,89.8,153.37967,79.42488,76.98975,1280028,1240783,79.42488,76.98975,2021-11-10
509,1405,1887,2473786,1280537,1242188,89.9,153.49676,79.45646,77.07693,1280537,1242188,79.45646,77.07693,2021-11-11
547,951,1480,2475266,1281084,1243139,90.0,153.58859,79.4904,77.13594,1281084,1243139,79.4904,77.13594,2021-11-12
236,509,730,2475996,1281320,1243648,90.0,153.63389,79.50504,77.16752,1281320,1243648,79.50504,77.16752,2021-11-13
50,291,334,2476330,1281370,1243939,90.0,153.65461,79.50815,77.18558,1281370,1243939,79.50815,77.18558,2021-11-14
483,919,1378,2477708,1281853,1244858,90.0,153.74012,79.53812,77.2426,1281853,1244858,79.53812,77.2426,2021-11-15
471,582,1037,2478745,1282324,1245440,90.1,153.80446,79.56734,77.27872,1282324,1245440,79.56734,77.27872,2021-11-16
514,825,1321,2480066,1282838,1246265,90.1,153.88643,79.59924,77.32991,1282838,1246265,79.59924,77.32991,2021-11-17
542,654,1186,2481252,1283380,1246919,90.2,153.96002,79.63287,77.37049,1283380,1246919,79.63287,77.37049,2021-11-18
562,953,1501,2482753,1283942,1247872,90.2,154.05316,79.66774,77.42962,1283942,1247872,79.66774,77.42962,2021-11-19
249,144,386,2483139,1284191,1248016,90.2,154.07711,79.68319,77.43855,1284191,1248016,79.68319,77.43855,2021-11-20
66,117,181,2483320,1284257,1248133,90.2,154.08834,79.68728,77.44581,1284257,1248133,79.68728,77.44581,2021-11-21
659,534,1165,2484485,1284916,1248667,88.5,154.16062,79.72817,77.47895,1284916,1248667,79.72817,77.47895,2021-11-22
587,576,1134,2485619,1285503,1249243,88.6,154.23099,79.7646,77.51469,1285503,1249243,79.7646,77.51469,2021-11-23
524,815,1321,2486940,1286027,1250058,88.6,154.31296,79.79711,77.56526,1286027,1250058,79.79711,77.56526,2021-11-24
700,737,1420,2488360,1286727,1250795,88.7,154.40107,79.84055,77.61099,1286727,1250795,79.84055,77.61099,2021-11-25
742,688,1416,2489776,1287469,1251483,88.7,154.48893,79.88659,77.65368,1287469,1251483,79.88659,77.65368,2021-11-26
372,252,610,2490386,1287841,1251735,88.8,154.52678,79.90967,77.66932,1287841,1251735,79.90967,77.66932,2021-11-27
68,63,131,2490517,1287909,1251798,88.8,154.53491,79.91389,77.67322,1287909,1251798,79.91389,77.67322,2021-11-28
712,515,1204,2491721,1288621,1252313,88.8,154.60961,79.95807,77.70518,1288621,1252313,79.95807,77.70518,2021-11-29
900,571,1435,2493156,1289521,1252884,88.8,154.69865,80.01391,77.74061,1289521,1252884,80.01391,77.74061,2021-11-30
670,526,1176,2494332,1290191,1253410,86.5,154.77162,80.05548,77.77325,1290191,1253410,80.05548,77.77325,2021-12-01
895,737,1604,2495936,1291086,1254147,85.9,154.87115,80.11102,77.81898,1291086,1254147,80.11102,77.81898,2021-12-02
861,771,1601,2497537,1291947,1254918,86.0,154.97049,80.16444,77.86682,1291947,1254918,80.16444,77.86682,2021-12-03
518,381,880,2498417,1292465,1255299,86.0,155.0251,80.19658,77.89046,1292465,1255299,80.19658,77.89046,2021-12-04
298,193,475,2498892,1292763,1255492,86.0,155.05457,80.21508,77.90243,1292763,1255492,80.21508,77.90243,2021-12-05
1082,534,1573,2500465,1293845,1256026,86.1,155.15217,80.28221,77.93557,1293845,1256026,80.28221,77.93557,2021-12-06
1052,593,1611,2502076,1294897,1256619,86.1,155.25213,80.34749,77.97236,1294897,1256619,80.34749,77.97236,2021-12-07
42,30,68,2502144,1294939,1256649,86.1,155.25635,80.35009,77.97423,1294939,1256649,80.35009,77.97423,2021-12-08
1168,1015,2150,2504294,1296107,1257664,86.2,155.38976,80.42257,78.03721,1296107,1257664,80.42257,78.03721,2021-12-09
1011,857,1849,2506143,1297118,1258521,85.6,155.50449,80.4853,78.09038,1297118,1258521,80.4853,78.09038,2021-12-10
535,433,946,2507089,1297653,1258954,85.6,155.56319,80.5185,78.11725,1297653,1258954,80.5185,78.11725,2021-12-11
347,225,552,2507641,1298000,1259179,85.7,155.59744,80.54003,78.13121,1298000,1259179,80.54003,78.13121,2021-12-12
885,763,1595,2509236,1298885,1259942,85.7,155.69641,80.59494,78.17855,1298885,1259942,80.59494,78.17855,2021-12-13
765,635,1362,2510598,1299650,1260577,83.4,155.78092,80.64241,78.21796,1299650,1260577,80.64241,78.21796,2021-12-14
662,507,1139,2511737,1300312,1261084,83.5,155.85159,80.68349,78.24941,1300312,1261084,80.68349,78.24941,2021-12-15
1067,850,1875,2513612,1301379,1261934,82.4,155.96794,80.74969,78.30216,1301379,1261934,80.74969,78.30216,2021-12-16
791,1002,1764,2515376,1302170,1262936,82.5,156.07739,80.79877,78.36433,1302170,1262936,80.79877,78.36433,2021-12-17
0,0,0,2515376,1302170,1262936,82.5,156.07739,80.79877,78.36433,1302170,1262936,80.79877,78.36433,2021-12-18
953,515,102158,2617534,1303123,1263451,95.9,162.41623,80.85791,78.39629,1303123,1263451,80.85791,78.39629,2021-12-19
953,515,102158,2719692,1304076,1263966,95.9,168.75506,80.91704,78.42824,1304076,1263966,80.91704,78.42824,2021-12-20
953,515,102158,2821850,1305029,1264481,95.9,175.0939,80.97617,78.4602,1305029,1264481,80.97617,78.4602,2021-12-21
954,515,102158,2924008,1305983,1264996,95.9,181.43273,81.03537,78.49215,1305983,1264996,81.03537,78.49215,2021-12-22
1522,1070,22610,2946618,1307505,1266066,94.7,182.83567,81.12981,78.55854,1307505,1266066,81.12981,78.55854,2021-12-23
929,323,8760,2955378,1308434,1266389,94.9,183.37922,81.18745,78.57859,1308434,1266389,81.18745,78.57859,2021-12-24
7,-47,266,2955644,1308441,1266342,95.0,183.39572,81.18788,78.57567,1308441,1266342,81.18788,78.57567,2021-12-25
321,5,338,2955982,1308762,1266347,95.0,183.4167,81.2078,78.57598,1308762,1266347,81.2078,78.57598,2021-12-26
806,733,8995,2964977,1309568,1267080,94.4,183.97483,81.25781,78.62146,1309568,1267080,81.25781,78.62146,2021-12-27
1154,952,15547,2980524,1310722,1268032,94.9,184.93951,81.32942,78.68053,1310722,1268032,81.32942,78.68053,2021-12-28
1312,752,17912,2998436,1312034,1268784,95.5,186.05094,81.41083,78.72719,1312034,1268784,81.41083,78.72719,2021-12-29
1308,801,16839,3015275,1313342,1269585,96.0,187.09579,81.49199,78.7769,1313342,1269585,81.49199,78.7769,2021-12-30
867,416,13215,3028490,1314209,1270001,96.4,187.91577,81.54579,78.80271,1314209,1270001,81.54579,78.80271,2021-12-31
3,-100,247,3028737,1314212,1269901,96.4,187.9311,81.54597,78.7965,1314212,1269901,81.54597,78.7965,2022-01-01
491,79,1555,3030292,1314703,1269980,96.5,188.02758,81.57644,78.80141,1314703,1269980,81.57644,78.80141,2022-01-02
1435,752,9873,3040165,1316138,1270732,96.8,188.6402,81.66548,78.84807,1316138,1270732,81.66548,78.84807,2022-01-03
1585,1109,17976,3058141,1317723,1271841,97.4,189.75559,81.76383,78.91688,1317723,1271841,81.76383,78.91688,2022-01-04
1211,1258,18426,3076567,1318934,1273099,95.6,190.89891,81.83897,78.99494,1318934,1273099,81.83897,78.99494,2022-01-05
799,102,7515,3084082,1319733,1273201,95.9,191.36522,81.88855,79.00127,1319733,1273201,81.88855,79.00127,2022-01-06
1167,1060,10352,3094434,1320900,1274261,96.2,192.00755,81.96096,79.06704,1320900,1274261,81.96096,79.06704,2022-01-07
2179,1000,14873,3109307,1323079,1275261,96.7,192.93041,82.09616,79.12909,1323079,1275261,82.09616,79.12909,2022-01-08
2008,391,9212,3118519,1325087,1275652,96.9,193.50201,82.22076,79.15335,1325087,1275652,82.22076,79.15335,2022-01-09
3614,2475,16207,3134726,1328701,1278127,97.5,194.50764,82.445,79.30692,1328701,1278127,82.445,79.30692,2022-01-10
1944,1368,17565,3152291,1330645,1279495,98.0,195.59754,82.56563,79.3918,1330645,1279495,82.56563,79.3918,2022-01-11
1991,1411,19630,3171921,1332636,1280906,96.3,196.81557,82.68917,79.47936,1332636,1280906,82.68917,79.47936,2022-01-12
1808,1617,17958,3189879,1334444,1282523,96.1,197.92985,82.80135,79.57969,1334444,1282523,82.80135,79.57969,2022-01-13
1712,1113,18068,3207947,1336156,1283636,96.6,199.05096,82.90758,79.64875,1336156,1283636,82.90758,79.64875,2022-01-14
2176,1378,20290,3228237,1338332,1285014,97.2,200.30994,83.0426,79.73426,1338332,1285014,83.0426,79.73426,2022-01-15
2551,891,12128,3240365,1340883,1285905,97.6,201.06247,83.20089,79.78954,1340883,1285905,83.20089,79.78954,2022-01-16
2131,1119,14143,3254508,1343014,1287024,98.0,201.94003,83.33312,79.85897,1343014,1287024,83.33312,79.85897,2022-01-17
1792,1050,16139,3270647,1344806,1288074,98.5,202.94145,83.44431,79.92413,1344806,1288074,83.44431,79.92413,2022-01-18
1574,1389,17789,3288436,1346380,1289463,97.4,204.04524,83.54197,80.01031,1346380,1289463,83.54197,80.01031,2022-01-19
1398,1467,16804,3305240,1347778,1290930,97.2,205.08792,83.62872,80.10134,1347778,1290930,83.62872,80.10134,2022-01-20
-34917,-37165,-91615,3213625,1312861,1253765,94.5,199.40327,81.46214,77.79528,1312861,1253765,81.46214,77.79528,2022-01-21
-5117,-2908,-11866,3201759,1307744,1250857,94.2,198.66699,81.14464,77.61484,1307744,1250857,81.14464,77.61484,2022-01-22
-5813,-8464,-6760,3194999,1301931,1242393,94.0,198.24754,80.78394,77.08965,1301931,1242393,80.78394,77.08965,2022-01-23
-142,-19,-86,3194913,1301789,1242374,94.0,198.2422,80.77513,77.08847,1301789,1242374,80.77513,77.08847,2022-01-24
-4001,-3547,27609,3222522,1297788,1238827,94.8,199.95532,80.52687,76.86838,1297788,1238827,80.52687,76.86838,2022-01-25
-6470,-2109,8895,3231417,1291318,1236718,94.4,200.50725,80.12541,76.73752,1291318,1236718,80.12541,76.73752,2022-01-26
-1278,-737,12445,3243862,1290040,1235981,94.0,201.27946,80.04612,76.69179,1290040,1235981,80.04612,76.69179,2022-01-27
68402,62780,185266,3429128,1358442,1298761,98.6,212.77509,84.29041,80.58725,1358442,1298761,84.29041,80.58725,2022-01-28
2457,3328,20571,3449699,1360899,1302089,99.2,214.0515,84.44287,80.79375,1360899,1302089,84.44287,80.79375,2022-01-29
1217,1966,11769,3461468,1362116,1304055,99.5,214.78176,84.51838,80.91574,1362116,1304055,84.51838,80.91574,2022-01-30
976,1528,11270,3472738,1363092,1305583,99.9,215.48106,84.57894,81.01055,1363092,1305583,84.57894,81.01055,2022-01-31
662,923,13584,3486322,1363754,1306506,100.2,216.32394,84.62002,81.06782,1363754,1306506,84.62002,81.06782,2022-02-01
1216,1474,14433,3500755,1364970,1307980,98.9,217.2195,84.69547,81.15928,1364970,1307980,84.69547,81.15928,2022-02-02
1335,2139,16212,3516967,1366305,1310119,98.6,218.22544,84.77831,81.292,1366305,1310119,84.77831,81.292,2022-02-03
805,792,8884,3525851,1367110,1310911,98.8,218.77669,84.82826,81.34115,1367110,1310911,84.82826,81.34115,2022-02-04
1428,2760,20609,3546460,1368538,1313671,99.4,220.05546,84.91686,81.5124,1368538,1313671,84.91686,81.5124,2022-02-05
1224,2198,8398,3554858,1369762,1315869,99.6,220.57655,84.99281,81.64879,1369762,1315869,84.99281,81.64879,2022-02-06
929,1484,9168,3564026,1370691,1317353,99.9,221.14542,85.05046,81.74087,1370691,1317353,85.05046,81.74087,2022-02-07
742,1263,10382,3574408,1371433,1318616,100.2,221.78961,85.0965,81.81924,1371433,1318616,85.0965,81.81924,2022-02-08
627,1298,11110,3585518,1372060,1319914,98.4,222.47898,85.1354,81.89978,1372060,1319914,85.1354,81.89978,2022-02-09
849,1565,8967,3594485,1372909,1321479,98.6,223.03538,85.18808,81.99688,1372909,1321479,85.18808,81.99688,2022-02-10
588,1724,9752,3604237,1373497,1323203,98.9,223.64048,85.22457,82.10386,1373497,1323203,85.22457,82.10386,2022-02-11
722,2192,9280,3613517,1374219,1325395,99.2,224.2163,85.26937,82.23987,1374219,1325395,85.26937,82.23987,2022-02-12
873,2003,5259,3618776,1375092,1327398,99.3,224.54262,85.32353,82.36415,1375092,1327398,85.32353,82.36415,2022-02-13
411,1278,6274,3625050,1375503,1328676,99.5,224.93192,85.34904,82.44345,1375503,1328676,85.34904,82.44345,2022-02-14
357,1202,6988,3632038,1375860,1329878,99.7,225.36552,85.37119,82.51804,1375860,1329878,85.37119,82.51804,2022-02-15
483,1297,7416,3639454,1376343,1331175,85.2,225.82567,85.40116,82.59851,1376343,1331175,85.40116,82.59851,2022-02-16
429,1438,6296,3645750,1376772,1332613,98.9,226.21634,85.42778,82.68774,1376772,1332613,85.42778,82.68774,2022-02-17
346,1483,6437,3652187,1377118,1334096,99.0,226.61575,85.44925,82.77976,1377118,1334096,85.44925,82.77976,2022-02-18
547,1846,6469,3658656,1377665,1335942,99.2,227.01715,85.48319,82.8943,1377665,1335942,85.48319,82.8943,2022-02-19
221,932,2074,3660730,1377886,1336874,99.3,227.14584,85.4969,82.95213,1377886,1336874,85.4969,82.95213,2022-02-20
239,915,4014,3664744,1378125,1337789,99.4,227.3949,85.51173,83.00891,1378125,1337789,85.51173,83.00891,2022-02-21
201,906,4562,3669306,1378326,1338695,99.5,227.67797,85.5242,83.06513,1378326,1338695,85.5242,83.06513,2022-02-22
194,1630,5066,3674372,1378520,1340325,98.3,227.99231,85.53624,83.16627,1378520,1340325,85.53624,83.16627,2022-02-23
139,1000,3457,3677829,1378659,1341325,98.4,228.20682,85.54486,83.22831,1378659,1341325,85.54486,83.22831,2022-02-24
223,996,4209,3682038,1378882,1342321,98.5,228.46798,85.5587,83.29012,1378882,1342321,85.5587,83.29012,2022-02-25
275,1125,4617,3686655,1379157,1343446,98.6,228.75447,85.57577,83.35992,1379157,1343446,85.57577,83.35992,2022-02-26
142,1579,2548,3689203,1379299,1345025,98.7,228.91257,85.58458,83.4579,1379299,1345025,85.58458,83.4579,2022-02-27
149,963,3622,3692825,1379448,1345988,98.8,229.13731,85.59382,83.51765,1379448,1345988,85.59382,83.51765,2022-02-28
146,702,3184,3696009,1379594,1346690,98.2,229.33487,85.60288,83.56121,1379594,1346690,85.60288,83.56121,2022-03-01
129,699,2834,3698843,1379723,1347389,96.7,229.51072,85.61088,83.60458,1379723,1347389,85.61088,83.60458,2022-03-02
128,1158,3203,3702046,1379851,1348547,96.8,229.70947,85.61883,83.67644,1379851,1348547,85.61883,83.67644,2022-03-03
191,930,3394,3705440,1380042,1349477,96.9,229.92006,85.63068,83.73414,1380042,1349477,85.63068,83.73414,2022-03-04
147,734,2424,3707864,1380189,1350211,97.0,230.07047,85.6398,83.77969,1380189,1350211,85.6398,83.77969,2022-03-05
54,566,1077,3708941,1380243,1350777,97.0,230.1373,85.64315,83.81481,1380243,1350777,85.64315,83.81481,2022-03-06
73,435,2308,3711249,1380316,1351212,97.1,230.28051,85.64768,83.8418,1380316,1351212,85.64768,83.8418,2022-03-07
128,597,2571,3713820,1380444,1351809,97.1,230.44004,85.65562,83.87884,1380444,1351809,85.65562,83.87884,2022-03-08
97,562,2661,3716481,1380541,1352371,95.7,230.60515,85.66164,83.91371,1380541,1352371,85.66164,83.91371,2022-03-09
96,429,2196,3718677,1380637,1352800,95.8,230.74141,85.6676,83.94033,1380637,1352800,85.6676,83.94033,2022-03-10
141,419,2964,3721641,1380778,1353219,95.9,230.92532,85.67635,83.96633,1380778,1353219,85.67635,83.96633,2022-03-11
92,357,1366,3723007,1380870,1353576,95.9,231.01008,85.68206,83.98848,1380870,1353576,85.68206,83.98848,2022-03-12
64,518,1861,3724868,1380934,1354094,95.9,231.12556,85.68603,84.02062,1380934,1354094,85.68603,84.02062,2022-03-13
56,177,1527,3726395,1380990,1354271,96.0,231.22031,85.6895,84.03161,1380990,1354271,85.6895,84.03161,2022-03-14
49,400,2382,3728777,1381039,1354671,96.0,231.36811,85.69254,84.05643,1381039,1354671,85.69254,84.05643,2022-03-15
85,300,2109,3730886,1381124,1354971,96.1,231.49897,85.69782,84.07504,1381124,1354971,85.69782,84.07504,2022-03-16
93,264,2094,3732980,1381217,1355235,96.1,231.6289,85.70359,84.09142,1381217,1355235,85.70359,84.09142,2022-03-17
93,392,2340,3735320,1381310,1355627,96.2,231.7741,85.70936,84.11574,1381310,1355627,85.70936,84.11574,2022-03-18
62,308,1586,3736906,1381372,1355935,96.2,231.87251,85.7132,84.13486,1381372,1355935,85.7132,84.13486,2022-03-19
11,98,360,3737266,1381383,1356033,96.3,231.89484,85.71389,84.14094,1381383,1356033,85.71389,84.14094,2022-03-20
34,178,1454,3738720,1381417,1356211,96.3,231.98506,85.716,84.15198,1381417,1356211,85.716,84.15198,2022-03-21
56,245,1747,3740467,1381473,1356456,96.3,232.09346,85.71947,84.16718,1381473,1356456,85.71947,84.16718,2022-03-22
28,114,1373,3741840,1381501,1356570,96.4,232.17866,85.72121,84.17426,1381501,1356570,85.72121,84.17426,2022-03-23
41,195,1303,3743143,1381542,1356765,96.4,232.25951,85.72375,84.18636,1381542,1356765,85.72375,84.18636,2022-03-24
135,382,2050,3745193,1381677,1357147,96.5,232.38671,85.73213,84.21006,1381677,1357147,85.73213,84.21006,2022-03-25
63,303,1481,3746674,1381740,1357450,96.5,232.4786,85.73604,84.22886,1381740,1357450,85.73604,84.22886,2022-03-26
28,117,578,3747252,1381768,1357567,96.5,232.51447,85.73778,84.23612,1381768,1357567,85.73778,84.23612,2022-03-27
24,178,1106,3748358,1381792,1357745,96.5,232.58309,85.73927,84.24716,1381792,1357745,85.73927,84.24716,2022-03-28
54,116,1336,3749694,1381846,1357861,96.6,232.66599,85.74262,84.25436,1381846,1357861,85.74262,84.25436,2022-03-29
37,145,1228,3750922,1381883,1358006,96.6,232.74219,85.74491,84.26336,1381883,1358006,85.74491,84.26336,2022-03-30
37,64,1009,3751931,1381920,1358070,96.6,232.8048,85.74721,84.26733,1381920,1358070,85.74721,84.26733,2022-03-31
39,172,1063,3752994,1381959,1358242,96.7,232.87076,85.74963,84.278,1381959,1358242,85.74963,84.278,2022-04-01
57,139,860,3753854,1382016,1358381,96.7,232.92412,85.75316,84.28663,1382016,1358381,85.75316,84.28663,2022-04-02
7,39,130,3753984,1382023,1358420,96.7,232.93218,85.7536,84.28905,1382023,1358420,85.7536,84.28905,2022-04-03
17,56,515,3754499,1382040,1358476,96.7,232.96414,85.75465,84.29252,1382040,1358476,85.75465,84.29252,2022-04-04
13,67,727,3755226,1382053,1358543,96.7,233.00925,85.75546,84.29668,1382053,1358543,85.75546,84.29668,2022-04-05
24,110,753,3755979,1382077,1358653,96.7,233.05597,85.75695,84.30351,1382077,1358653,85.75695,84.30351,2022-04-06
13,111,601,3756580,1382090,1358764,96.8,233.09326,85.75776,84.31039,1382090,1358764,85.75776,84.31039,2022-04-07
24,98,594,3757174,1382114,1358862,96.8,233.13012,85.75924,84.31647,1382114,1358862,85.75924,84.31647,2022-04-08
34,87,622,3757796,1382148,1358949,96.8,233.16872,85.76135,84.32187,1382148,1358949,85.76135,84.32187,2022-04-09
6,15,161,3757957,1382154,1358964,96.8,233.17871,85.76173,84.3228,1382154,1358964,85.76173,84.3228,2022-04-10
14,49,550,3758507,1382168,1359013,96.8,233.21283,85.7626,84.32584,1382168,1359013,85.7626,84.32584,2022-04-11
31,107,700,3759207,1382199,1359120,96.8,233.25627,85.76452,84.33248,1382199,1359120,85.76452,84.33248,2022-04-12
19,65,784,3759991,1382218,1359185,96.8,233.30491,85.7657,84.33652,1382218,1359185,85.7657,84.33652,2022-04-13
42,119,881,3760872,1382260,1359304,96.9,233.35958,85.7683,84.3439,1382260,1359304,85.7683,84.3439,2022-04-14
17,88,661,3761533,1382277,1359392,96.9,233.40059,85.76936,84.34936,1382277,1359392,85.76936,84.34936,2022-04-15
13,51,465,3761998,1382290,1359443,96.9,233.42945,85.77017,84.35252,1382290,1359443,85.77017,84.35252,2022-04-16
3,15,36,3762034,1382293,1359458,96.9,233.43168,85.77035,84.35346,1382293,1359458,85.77035,84.35346,2022-04-17
1,24,34,3762068,1382294,1359482,96.9,233.43379,85.77041,84.35494,1382294,1359482,85.77041,84.35494,2022-04-18
19,58,633,3762701,1382313,1359540,96.9,233.47307,85.77159,84.35854,1382313,1359540,85.77159,84.35854,2022-04-19
18,81,922,3763623,1382331,1359621,96.9,233.53028,85.77271,84.36357,1382331,1359621,85.77271,84.36357,2022-04-20
23,41,721,3764344,1382354,1359662,97.0,233.57502,85.77414,84.36611,1382354,1359662,85.77414,84.36611,2022-04-21
22,74,746,3765090,1382376,1359736,97.0,233.6213,85.7755,84.37071,1382376,1359736,85.7755,84.37071,2022-04-22
