delta_1d,delta_2d,delta_all,sum_doses,sum_1d,sum_2d,perc_doses,perc_inh_tot,perc_inh_1d,perc_inh_2d,sum_monotone_1d,sum_monotone_2d,perc_inh_monotone_1d,perc_inh_monotone_2d,date
0,0,0,0,0,0,0,0,0,0,0,0,0,0,2020-12-26
148,0,148,148,148,0,21.6,0.00304,0.00304,0.0,148,0,0.00304,0.0,2020-12-27
270,0,270,418,418,0,61.0,0.00857,0.00857,0.0,418,0,0.00857,0.0,2020-12-28
299,1,299,717,717,1,104.7,0.01471,0.01471,2e-05,717,1,0.01471,2e-05,2020-12-29
231,0,231,948,948,1,138.4,0.01944,0.01944,2e-05,948,1,0.01944,2e-05,2020-12-30
1001,1,1001,1949,1949,2,4.2,0.03998,0.03998,4e-05,1949,2,0.03998,4e-05,2020-12-31
857,0,857,2806,2806,2,6.0,0.05756,0.05756,4e-05,2806,2,0.05756,4e-05,2021-01-01
5139,10,5139,7945,7945,12,17.1,0.16296,0.16296,0.00025,7945,12,0.16296,0.00025,2021-01-02
5146,6,5146,13091,13091,18,28.1,0.26852,0.26852,0.00037,13091,18,0.26852,0.00037,2021-01-03
8914,12,8914,22005,22005,30,47.3,0.45136,0.45136,0.00062,22005,30,0.45136,0.00062,2021-01-04
10974,20,10974,32979,32979,50,41.9,0.67645,0.67645,0.00103,32979,50,0.67645,0.00103,2021-01-05
6623,6,6623,39602,39602,56,50.3,0.8123,0.8123,0.00115,39602,56,0.8123,0.00115,2021-01-06
9446,13,9446,49048,49048,69,62.3,1.00605,1.00605,0.00142,49048,69,1.00605,0.00142,2021-01-07
8623,17,8623,57671,57671,86,73.3,1.18292,1.18292,0.00176,57671,86,1.18292,0.00176,2021-01-08
7872,27,7872,65543,65543,113,83.3,1.34439,1.34439,0.00232,65543,113,1.34439,0.00232,2021-01-09
3791,6,3791,69334,69334,119,88.1,1.42215,1.42215,0.00244,69334,119,1.42215,0.00244,2021-01-10
6060,11,6060,75394,75394,130,95.8,1.54645,1.54645,0.00267,75394,130,1.54645,0.00267,2021-01-11
4571,12,4571,79965,79965,142,64.2,1.64021,1.64021,0.00291,79965,142,1.64021,0.00291,2021-01-12
5625,10,5625,85590,85590,152,64.8,1.75559,1.75559,0.00312,85590,152,1.75559,0.00312,2021-01-13
5568,9,5568,91158,91158,161,69.0,1.8698,1.8698,0.0033,91158,161,1.8698,0.0033,2021-01-14
5452,7,5452,96610,96610,168,73.1,1.98163,1.98163,0.00345,96610,168,1.98163,0.00345,2021-01-15
2811,6,2811,99421,99421,174,75.3,2.03928,2.03928,0.00357,99421,174,2.03928,0.00357,2021-01-16
1380,68,1448,100869,100801,242,76.4,2.06898,2.06759,0.00496,100801,242,2.06759,0.00496,2021-01-17
1533,169,1702,102571,102334,411,77.7,2.1039,2.09903,0.00843,102334,411,2.09903,0.00843,2021-01-18
1350,256,1603,104174,103684,667,62.3,2.13678,2.12672,0.01368,103684,667,2.12672,0.01368,2021-01-19
836,289,1124,105298,104520,956,63.0,2.15983,2.14387,0.01961,104520,956,2.14387,0.01961,2021-01-20
600,969,1567,106865,105120,1925,63.0,2.19197,2.15618,0.03948,105120,1925,2.15618,0.03948,2021-01-21
262,1044,1304,108169,105382,2969,63.8,2.21872,2.16155,0.0609,105382,2969,2.16155,0.0609,2021-01-22
217,4311,4526,112695,105599,7280,66.5,2.31155,2.166,0.14932,105599,7280,2.166,0.14932,2021-01-23
123,4226,4349,117044,105722,11506,69.0,2.40076,2.16853,0.23601,105722,11506,2.16853,0.23601,2021-01-24
266,7203,7467,124511,105988,18709,73.4,2.55392,2.17398,0.38375,105988,18709,2.17398,0.38375,2021-01-25
202,9384,9586,134097,106190,28093,74.0,2.75054,2.17813,0.57623,106190,28093,2.17813,0.57623,2021-01-26
163,7136,7299,141396,106353,35229,70.3,2.90026,2.18147,0.7226,106353,35229,2.18147,0.7226,2021-01-27
352,8689,9038,150434,106705,43918,74.8,3.08564,2.18869,0.90083,106705,43918,2.18869,0.90083,2021-01-28
409,8778,9186,159620,107114,52696,79.4,3.27406,2.19708,1.08088,107114,52696,2.19708,1.08088,2021-01-29
135,7607,7740,167360,107249,60303,83.2,3.43282,2.19985,1.23691,107249,60303,2.19985,1.23691,2021-01-30
109,3953,4062,171422,107358,64256,85.2,3.51614,2.20208,1.31799,107358,64256,2.20208,1.31799,2021-01-31
297,5666,5961,177383,107655,69922,85.9,3.63841,2.20818,1.43421,107655,69922,2.20818,1.43421,2021-02-01
617,4715,5329,182712,108272,74637,79.5,3.74772,2.22083,1.53092,108272,74637,2.22083,1.53092,2021-02-02
709,5242,5949,188661,108981,79879,78.1,3.86974,2.23537,1.63845,108981,79879,2.23537,1.63845,2021-02-03
1445,5335,6779,195440,110426,85214,80.9,4.00879,2.26501,1.74788,110426,85214,2.26501,1.74788,2021-02-04
2119,4681,6795,202235,112545,89895,83.7,4.14816,2.30848,1.84389,112545,89895,2.30848,1.84389,2021-02-05
1469,3261,4725,206960,114014,93156,85.7,4.24508,2.33861,1.91078,114014,93156,2.33861,1.91078,2021-02-06
673,1652,2323,209283,114687,94808,86.6,4.29273,2.35241,1.94466,114687,94808,2.35241,1.94466,2021-02-07
2130,1766,3890,213173,116817,96574,80.4,4.37252,2.3961,1.98089,116817,96574,2.3961,1.98089,2021-02-08
3312,1057,4351,217524,120129,97631,75.3,4.46177,2.46404,2.00257,120129,97631,2.46404,2.00257,2021-02-09
3971,397,4355,221879,124100,98028,72.9,4.55109,2.54549,2.01071,124100,98028,2.54549,2.01071,2021-02-10
4774,485,5239,227118,128874,98513,74.7,4.65855,2.64341,2.02066,128874,98513,2.64341,2.02066,2021-02-11
4319,315,4605,231723,133193,98828,76.2,4.75301,2.732,2.02712,133193,98828,2.732,2.02712,2021-02-12
2723,266,2979,234702,135916,99094,69.5,4.81411,2.78785,2.03258,135916,99094,2.78785,2.03258,2021-02-13
915,147,1055,235757,136831,99241,69.8,4.83575,2.80662,2.03559,136831,99241,2.80662,2.03559,2021-02-14
3213,603,3777,239534,140044,99844,70.9,4.91323,2.87253,2.04796,140044,99844,2.87253,2.04796,2021-02-15
3734,516,4201,243735,143778,100360,72.2,4.99939,2.94912,2.05854,143778,100360,2.94912,2.05854,2021-02-16
4554,717,5224,248959,148332,101077,71.3,5.10655,3.04253,2.07325,148332,101077,3.04253,2.07325,2021-02-17
4912,500,5343,254302,153244,101577,66.8,5.21614,3.14328,2.08351,153244,101577,3.14328,2.08351,2021-02-18
4417,644,4981,259283,157661,102221,68.1,5.31831,3.23388,2.09672,157661,102221,3.23388,2.09672,2021-02-19
6902,340,7175,266458,164563,102561,63.1,5.46548,3.37545,2.10369,164563,102561,3.37545,2.10369,2021-02-20
5063,133,5170,271628,169626,102694,64.3,5.57152,3.4793,2.10642,169626,102694,3.4793,2.10642,2021-02-21
7454,563,7948,279576,177080,103257,66.2,5.73455,3.63219,2.11797,177080,103257,3.63219,2.11797,2021-02-22
8318,528,8786,288362,185398,103785,61.4,5.91477,3.80281,2.1288,185398,103785,3.80281,2.1288,2021-02-23
8814,690,9381,297743,194212,104475,63.4,6.10719,3.9836,2.14295,194212,104475,3.9836,2.14295,2021-02-24
8782,1258,9946,307689,202994,105733,65.6,6.31119,4.16373,2.16875,202994,105733,4.16373,2.16875,2021-02-25
10310,1791,11991,319680,213304,107524,68.1,6.55715,4.37521,2.20549,213304,107524,4.37521,2.20549,2021-02-26
11041,1323,12245,331925,224345,108847,65.8,6.80831,4.60167,2.23263,224345,108847,4.60167,2.23263,2021-02-27
6505,684,7136,339061,230850,109531,67.2,6.95468,4.7351,2.24666,230850,109531,4.7351,2.24666,2021-02-28
11119,1789,12776,351837,241969,111320,67.3,7.21674,4.96317,2.28335,241969,111320,4.96317,2.28335,2021-03-01
12010,2923,14793,366630,253979,114243,64.1,7.52017,5.20952,2.34331,253979,114243,5.20952,2.34331,2021-03-02
11517,3223,14595,381225,265496,117466,66.6,7.81953,5.44575,2.40942,265496,117466,5.44575,2.40942,2021-03-03
11141,4271,15263,396488,276637,121737,69.2,8.1326,5.67427,2.49702,276637,121737,5.67427,2.49702,2021-03-04
11550,4408,15794,412282,288187,126145,72.0,8.45656,5.91118,2.58744,288187,126145,5.91118,2.58744,2021-03-05
9872,2896,12655,424937,298059,129041,74.2,8.71614,6.11367,2.64684,298059,129041,6.11367,2.64684,2021-03-06
8199,1165,9272,434209,306258,130206,75.8,8.90632,6.28184,2.67073,306258,130206,6.28184,2.67073,2021-03-07
10916,2768,13530,447739,317174,132974,78.1,9.18384,6.50575,2.72751,317174,132974,6.50575,2.72751,2021-03-08
10977,2373,13195,460934,328151,135347,74.0,9.45449,6.7309,2.77618,328151,135347,6.7309,2.77618,2021-03-09
11778,2359,13964,474898,339929,137706,70.2,9.74092,6.97249,2.82457,339929,137706,6.97249,2.82457,2021-03-10
13050,2605,15467,490365,352979,140311,72.2,10.05817,7.24016,2.878,352979,140311,7.24016,2.878,2021-03-11
10826,2237,12898,503263,363805,142548,74.1,10.32273,7.46222,2.92389,363805,142548,7.46222,2.92389,2021-03-12
7731,4610,12229,515492,371536,147158,73.7,10.57357,7.6208,3.01845,371536,147158,7.6208,3.01845,2021-03-13
4950,3891,8788,524280,376486,151049,74.9,10.75382,7.72233,3.09826,376486,151049,7.72233,3.09826,2021-03-14
5740,5023,10694,534974,382226,156072,71.2,10.97317,7.84007,3.20129,382226,156072,7.84007,3.20129,2021-03-15
3642,6044,9647,544621,385868,162116,72.5,11.17105,7.91477,3.32526,385868,162116,7.91477,3.32526,2021-03-16
9207,5961,15057,559678,395075,168077,74.5,11.47989,8.10362,3.44753,395075,168077,8.10362,3.44753,2021-03-17
9799,5685,15439,575117,404874,173762,76.6,11.79657,8.30461,3.56414,404874,173762,8.30461,3.56414,2021-03-18
10754,5664,16329,591446,415628,179426,78.7,12.1315,8.5252,3.68031,415628,179426,8.5252,3.68031,2021-03-19
13466,5242,18610,610056,429094,184668,81.2,12.51322,8.8014,3.78784,429094,184668,8.8014,3.78784,2021-03-20
11259,4034,15228,625284,440353,188702,83.2,12.82558,9.03234,3.87058,440353,188702,9.03234,3.87058,2021-03-21
11274,5528,16699,641983,451627,194230,76.6,13.1681,9.26359,3.98397,451627,194230,9.26359,3.98397,2021-03-22
15409,5750,20977,662960,467036,199980,79.1,13.59837,9.57966,4.10191,467036,199980,9.57966,4.10191,2021-03-23
15246,5976,20995,683955,482282,205956,80.3,14.02901,9.89238,4.22449,482282,205956,9.89238,4.22449,2021-03-24
14933,5735,20482,704437,497215,211691,81.9,14.44913,10.19868,4.34212,497215,211691,10.19868,4.34212,2021-03-25
12493,5654,18002,722439,509708,217345,84.0,14.81838,10.45493,4.45809,509708,217345,10.45493,4.45809,2021-03-26
10815,5013,15707,738146,520523,222358,85.8,15.14056,10.67676,4.56092,520523,222358,10.67676,4.56092,2021-03-27
6981,4082,10995,749141,527504,226440,87.1,15.36608,10.81995,4.64465,527504,226440,10.81995,4.64465,2021-03-28
10553,4653,15059,764200,538057,231093,81.6,15.67496,11.03641,4.74009,538057,231093,11.03641,4.74009,2021-03-29
9820,4884,14594,778794,547877,235977,83.2,15.97431,11.23783,4.84027,547877,235977,11.23783,4.84027,2021-03-30
9603,5071,14546,793340,557480,241048,84.7,16.27267,11.43481,4.94428,557480,241048,11.43481,4.94428,2021-03-31
9662,4809,14337,807677,567142,245857,84.1,16.56675,11.63299,5.04292,567142,245857,11.63299,5.04292,2021-04-01
9167,4862,13907,821584,576309,250719,84.5,16.852,11.82102,5.14265,576309,250719,11.82102,5.14265,2021-04-02
13585,2995,16423,838007,589894,253714,77.8,17.18886,12.09967,5.20408,589894,253714,12.09967,5.20408,2021-04-03
5504,1355,6800,844807,595398,255069,78.4,17.32834,12.21257,5.23187,595398,255069,12.21257,5.23187,2021-04-04
6583,1510,8025,852832,601981,256579,79.1,17.49295,12.34759,5.26285,601981,256579,12.34759,5.26285,2021-04-05
13476,4496,17760,870592,615457,261075,73.1,17.85724,12.62401,5.35507,615457,261075,12.62401,5.35507,2021-04-06
9959,8711,18475,889067,625416,269786,74.6,18.23619,12.82828,5.53374,625416,269786,12.82828,5.53374,2021-04-07
9483,9732,19031,908098,634899,279518,76.2,18.62654,13.02279,5.73336,634899,279518,13.02279,5.73336,2021-04-08
11182,9292,20235,928333,646081,288810,77.9,19.0416,13.25216,5.92396,646081,288810,13.25216,5.92396,2021-04-09
11483,9133,20457,948790,657564,297943,79.7,19.4612,13.48769,6.11129,657564,297943,13.48769,6.11129,2021-04-10
8340,7142,15385,964175,665904,305085,80.9,19.77677,13.65876,6.25778,665904,305085,13.65876,6.25778,2021-04-11
11744,7527,19022,983197,677648,312612,82.5,20.16694,13.89964,6.41217,677648,312612,13.89964,6.41217,2021-04-12
11426,9037,20272,1003469,689074,321649,84.2,20.58276,14.13401,6.59754,689074,321649,14.13401,6.59754,2021-04-13
11808,8966,20586,1024055,700882,330615,77.2,21.00501,14.37621,6.78144,700882,330615,14.37621,6.78144,2021-04-14
12234,9585,21599,1045654,713116,340200,78.6,21.44804,14.62715,6.97805,713116,340200,14.62715,6.97805,2021-04-15
20558,8618,28868,1074522,733674,348818,80.7,22.04017,15.04883,7.15482,733674,348818,15.04883,7.15482,2021-04-16
18930,7336,25999,1100521,752604,356154,82.7,22.57345,15.43711,7.30529,752604,356154,15.43711,7.30529,2021-04-17
15473,4557,19838,1120359,768077,360711,84.2,22.98036,15.75449,7.39876,768077,360711,15.75449,7.39876,2021-04-18
12702,5820,18294,1138653,780779,366531,83.5,23.3556,16.01503,7.51814,780779,366531,16.01503,7.51814,2021-04-19
13734,5518,18986,1157639,794513,372049,84.9,23.74503,16.29673,7.63132,794513,372049,16.29673,7.63132,2021-04-20
16272,6395,22398,1180037,810785,378444,77.9,24.20445,16.6305,7.76249,810785,378444,16.6305,7.76249,2021-04-21
20296,6852,26762,1206799,831081,385296,78.9,24.75338,17.0468,7.90304,831081,385296,17.0468,7.90304,2021-04-22
22793,6186,28637,1235436,853874,391482,80.7,25.34077,17.51432,8.02992,853874,391482,17.51432,8.02992,2021-04-23
23576,8014,31219,1266655,877450,399496,82.8,25.98112,17.9979,8.1943,877450,399496,17.9979,8.1943,2021-04-24
16386,5266,21411,1288066,893836,404762,84.2,26.42029,18.33401,8.30232,893836,404762,18.33401,8.30232,2021-04-25
13615,8388,21711,1309777,907451,413150,83.9,26.86562,18.61327,8.47437,907451,413150,18.61327,8.47437,2021-04-26
15503,11301,26470,1336247,922954,424451,85.6,27.40856,18.93126,8.70617,922954,424451,18.93126,8.70617,2021-04-27
20126,9562,29309,1365556,943080,434013,78.5,28.00974,19.34408,8.9023,943080,434013,19.34408,8.9023,2021-04-28
22255,9988,31822,1397378,965335,444001,80.3,28.66246,19.80057,9.10717,965335,444001,19.80057,9.10717,2021-04-29
24002,11559,35064,1432442,989337,455560,82.3,29.38168,20.29289,9.34426,989337,455560,20.29289,9.34426,2021-04-30
19288,5619,24460,1456902,1008625,461179,75.6,29.88339,20.68851,9.45952,1008625,461179,20.68851,9.45952,2021-05-01
18011,7326,24621,1481523,1026636,468505,76.9,30.38841,21.05795,9.60979,1026636,468505,21.05795,9.60979,2021-05-02
13525,10237,23333,1504856,1040161,478742,78.1,30.867,21.33537,9.81976,1040161,478742,21.33537,9.81976,2021-05-03
17567,9871,26868,1531724,1057728,488613,79.5,31.41811,21.69569,10.02223,1057728,488613,21.69569,10.02223,2021-05-04
16727,10388,26436,1558160,1074455,499001,74.2,31.96036,22.03879,10.23531,1074455,499001,22.03879,10.23531,2021-05-05
18649,11693,29496,1587656,1093104,510694,75.6,32.56537,22.42131,10.47515,1093104,510694,22.42131,10.47515,2021-05-06
24983,12485,36616,1624272,1118087,523179,75.9,33.31642,22.93375,10.73124,1118087,523179,22.93375,10.73124,2021-05-07
25355,11553,35683,1659955,1143442,534732,77.6,34.04833,23.45383,10.96821,1143442,534732,23.45383,10.96821,2021-05-08
20144,9350,28445,1688400,1163586,544082,78.9,34.63179,23.86701,11.15999,1163586,544082,23.86701,11.15999,2021-05-09
16521,12812,28744,1717144,1180107,556894,80.2,35.22137,24.20588,11.42279,1180107,556894,24.20588,11.42279,2021-05-10
20189,13358,32698,1749842,1200296,570252,81.8,35.89206,24.61999,11.69678,1200296,570252,24.61999,11.69678,2021-05-11
21937,15748,36868,1786710,1222233,586000,77.2,36.64828,25.06995,12.0198,1222233,586000,25.06995,12.0198,2021-05-12
30945,17823,47509,1834219,1253178,603823,81.0,37.62277,25.70469,12.38538,1253178,603823,25.70469,12.38538,2021-05-13
36568,16953,52260,1886479,1289746,620776,84.7,38.6947,26.45475,12.73311,1289746,620776,26.45475,12.73311,2021-05-14
41289,17285,56551,1943030,1331035,638061,87.3,39.85465,27.30166,13.08765,1331035,638061,27.30166,13.08765,2021-05-15
22190,13970,33722,1976752,1353225,652031,88.8,40.54635,27.75681,13.3742,1353225,652031,27.75681,13.3742,2021-05-16
19289,14662,31941,2008693,1372514,666693,90.2,41.20151,28.15246,13.67494,1372514,666693,28.15246,13.67494,2021-05-17
23653,15004,36155,2044848,1396167,681697,91.8,41.9431,28.63762,13.9827,1396167,681697,28.63762,13.9827,2021-05-18
28580,17200,42929,2087777,1424747,698897,87.1,42.82365,29.22384,14.3355,1424747,698897,29.22384,14.3355,2021-05-19
28171,20627,44117,2131894,1452918,719524,88.9,43.72856,29.80167,14.75859,1452918,719524,29.80167,14.75859,2021-05-20
27093,25387,48731,2180625,1480011,744911,88.6,44.72811,30.35739,15.27932,1480011,744911,30.35739,15.27932,2021-05-21
28705,24639,48029,2228654,1508716,769550,90.6,45.71326,30.94618,15.7847,1508716,769550,30.94618,15.7847,2021-05-22
20084,18798,34111,2262765,1528800,788348,92.0,46.41293,31.35813,16.17028,1528800,788348,31.35813,16.17028,2021-05-23
15829,23220,35902,2298667,1544629,811568,91.9,47.14934,31.68281,16.64656,1544629,811568,31.68281,16.64656,2021-05-24
14202,22183,33585,2332252,1558831,833751,93.2,47.83822,31.97412,17.10157,1558831,833751,31.97412,17.10157,2021-05-25
24255,25418,44757,2377009,1583086,859169,89.0,48.75626,32.47163,17.62293,1583086,859169,32.47163,17.62293,2021-05-26
24886,25884,47640,2424649,1607972,885053,90.7,49.73343,32.98208,18.15385,1607972,885053,32.98208,18.15385,2021-05-27
24733,29004,51299,2475948,1632705,914057,91.6,50.78566,33.48939,18.74877,1632705,914057,33.48939,18.74877,2021-05-28
23999,25116,47232,2523180,1656704,939173,93.3,51.75446,33.98165,19.26394,1656704,939173,33.98165,19.26394,2021-05-29
17727,19785,35797,2558977,1674431,958958,92.0,52.48871,34.34526,19.66976,1674431,958958,34.34526,19.66976,2021-05-30
21586,19669,38152,2597129,1696017,978627,93.4,53.27127,34.78802,20.07321,1696017,978627,34.78802,20.07321,2021-05-31
24951,17855,39008,2636137,1720968,996482,86.5,54.07139,35.29981,20.43944,1720968,996482,35.29981,20.43944,2021-06-01
27501,11683,35285,2671422,1748469,1008165,87.6,54.79514,35.8639,20.67908,1748469,1008165,35.8639,20.67908,2021-06-02
34288,16049,46008,2717430,1782757,1024214,88.2,55.73884,36.5672,21.00827,1782757,1024214,36.5672,21.00827,2021-06-03
45907,17636,57879,2775309,1828664,1041850,86.9,56.92603,37.50883,21.37001,1828664,1041850,37.50883,21.37001,2021-06-04
49361,17084,59973,2835282,1878025,1058934,88.8,58.15617,38.5213,21.72043,1878025,1058934,38.5213,21.72043,2021-06-05
41710,13557,49547,2884829,1919735,1072491,88.9,59.17246,39.37684,21.99851,1919735,1072491,39.37684,21.99851,2021-06-06
41652,12855,49706,2934535,1961387,1085346,90.4,60.19201,40.23119,22.26218,1961387,1085346,40.23119,22.26218,2021-06-07
41003,11345,47717,2982252,2002390,1096691,91.8,61.17076,41.07222,22.49489,2002390,1096691,41.07222,22.49489,2021-06-08
42523,12065,49794,3032046,2044913,1108756,86.3,62.19212,41.94444,22.74236,2044913,1108756,41.94444,22.74236,2021-06-09
45802,11889,53055,3085101,2090715,1120645,87.8,63.28036,42.88391,22.98622,2090715,1120645,42.88391,22.98622,2021-06-10
42261,10721,49979,3135080,2132976,1131366,88.5,64.30551,43.75075,23.20613,2132976,1131366,43.75075,23.20613,2021-06-11
39907,7374,45807,3180887,2172883,1138740,89.8,65.24508,44.56931,23.35738,2172883,1138740,44.56931,23.35738,2021-06-12
31038,4462,34554,3215441,2203921,1143202,90.8,65.95384,45.20595,23.4489,2203921,1143202,45.20595,23.4489,2021-06-13
28596,15639,43501,3258942,2232517,1158841,91.0,66.84612,45.7925,23.76968,2232517,1158841,45.7925,23.76968,2021-06-14
28647,18182,46207,3305149,2261164,1177023,92.3,67.7939,46.38009,24.14263,2261164,1177023,46.38009,24.14263,2021-06-15
21630,19342,40457,3345606,2282794,1196365,86.6,68.62373,46.82376,24.53936,2282794,1196365,46.82376,24.53936,2021-06-16
20734,21759,41905,3387511,2303528,1218124,87.6,69.48327,47.24905,24.98567,2303528,1218124,47.24905,24.98567,2021-06-17
19231,24964,43616,3431127,2322759,1243088,88.5,70.37791,47.6435,25.49772,2322759,1243088,47.6435,25.49772,2021-06-18
19086,25689,44322,3475449,2341845,1268777,89.6,71.28702,48.03499,26.02465,2341845,1268777,48.03499,26.02465,2021-06-19
15374,18420,33459,3508908,2357219,1287197,89.5,71.97332,48.35033,26.40247,2357219,1287197,48.35033,26.40247,2021-06-20
18752,22009,40264,3549172,2375971,1309206,90.5,72.7992,48.73497,26.85391,2375971,1309206,48.73497,26.85391,2021-06-21
18718,21841,40067,3589239,2394689,1331047,91.5,73.62104,49.1189,27.3019,2394689,1331047,49.1189,27.3019,2021-06-22
18268,26811,44540,3633779,2412957,1357858,86.2,74.53462,49.49361,27.85184,2412957,1357858,49.49361,27.85184,2021-06-23
17993,24888,42367,3676146,2430950,1382746,87.2,75.40364,49.86267,28.36233,2430950,1382746,49.86267,28.36233,2021-06-24
17727,22612,39823,3715969,2448677,1405358,88.1,76.22047,50.22628,28.82614,2448677,1405358,50.22628,28.82614,2021-06-25
16662,21076,37286,3753255,2465339,1426434,89.0,76.98527,50.56805,29.25844,2465339,1426434,50.56805,29.25844,2021-06-26
12330,13303,25317,3778572,2477669,1439737,88.7,77.50456,50.82096,29.53131,2477669,1439737,50.82096,29.53131,2021-06-27
15202,17201,31959,3810531,2492871,1456938,89.4,78.16009,51.13277,29.88413,2492871,1456938,51.13277,29.88413,2021-06-28
16134,15872,31469,3842000,2509005,1472810,90.1,78.80557,51.46371,30.20969,2509005,1472810,51.46371,30.20969,2021-06-29
11770,21302,32633,3874633,2520775,1494112,85.0,79.47492,51.70513,30.64663,2520775,1494112,51.70513,30.64663,2021-06-30
11035,20371,31040,3905673,2531810,1514483,85.7,80.1116,51.93147,31.06447,2531810,1514483,51.93147,31.06447,2021-07-01
10240,20790,30600,3936273,2542050,1535273,85.8,80.73926,52.14151,31.49091,2542050,1535273,52.14151,31.49091,2021-07-02
9272,24932,33892,3970165,2551322,1560205,86.2,81.43444,52.3317,32.0023,2551322,1560205,52.3317,32.0023,2021-07-03
7784,18990,26527,3996692,2559106,1579195,86.8,81.97855,52.49136,32.39182,2559106,1579195,52.49136,32.39182,2021-07-04
9161,28716,37563,4034255,2568267,1607911,87.6,82.74903,52.67927,32.98083,2568267,1607911,52.67927,32.98083,2021-07-05
10622,26984,37176,4071431,2578889,1634895,88.4,83.51157,52.89714,33.53431,2578889,1634895,52.89714,33.53431,2021-07-06
6274,29462,35443,4106874,2585163,1664357,85.6,84.23856,53.02583,34.13863,2585163,1664357,53.02583,34.13863,2021-07-07
6752,31954,38416,4145290,2591915,1696311,86.4,85.02653,53.16432,34.79405,2591915,1696311,53.16432,34.79405,2021-07-08
6589,38493,44844,4190134,2598504,1734804,87.4,85.94635,53.29948,35.58361,2598504,1734804,53.29948,35.58361,2021-07-09
6263,40947,46931,4237065,2604767,1775751,87.7,86.90898,53.42794,36.42349,2604767,1775751,53.42794,36.42349,2021-07-10
3759,32421,36055,4273120,2608526,1808172,88.4,87.64853,53.50504,37.0885,2608526,1808172,53.50504,37.0885,2021-07-11
6642,42661,49026,4322146,2615168,1850833,89.4,88.65413,53.64128,37.96355,2615168,1850833,53.64128,37.96355,2021-07-12
7145,39323,46161,4368307,2622313,1890156,90.4,89.60097,53.78784,38.77012,2622313,1890156,53.78784,38.77012,2021-07-13
8194,39737,47578,4415885,2630507,1929893,88.4,90.57687,53.95591,39.58519,2630507,1929893,53.95591,39.58519,2021-07-14
8276,40547,48463,4464348,2638783,1970440,89.4,91.57092,54.12566,40.41688,2638783,1970440,54.12566,40.41688,2021-07-15
9015,40747,49387,4513735,2647798,2011187,90.4,92.58393,54.31057,41.25266,2647798,2011187,54.31057,41.25266,2021-07-16
9613,40098,49336,4563071,2657411,2051285,91.4,93.59589,54.50775,42.07514,2657411,2051285,54.50775,42.07514,2021-07-17
8338,31286,39303,4602374,2665749,2082571,92.2,94.40206,54.67878,42.71686,2665749,2082571,54.67878,42.71686,2021-07-18
12014,37458,49004,4651378,2677763,2120029,93.1,95.40721,54.9252,43.48519,2677763,2120029,54.9252,43.48519,2021-07-19
13157,35852,48540,4699918,2690920,2155881,94.1,96.40284,55.19508,44.22057,2690920,2155881,55.19508,44.22057,2021-07-20
10954,32455,42994,4742912,2701874,2188336,92.0,97.28472,55.41976,44.88627,2701874,2188336,55.41976,44.88627,2021-07-21
11529,29628,40703,4783615,2713403,2217964,92.8,98.1196,55.65624,45.49399,2713403,2217964,55.65624,45.49399,2021-07-22
14699,27311,41541,4825156,2728102,2245275,93.6,98.97167,55.95774,46.05418,2728102,2245275,55.95774,46.05418,2021-07-23
17102,24119,40748,4865904,2745204,2269394,92.8,99.80748,56.30853,46.5489,2745204,2269394,56.30853,46.5489,2021-07-24
12102,20088,31822,4897726,2757306,2289482,93.4,100.4602,56.55676,46.96094,2757306,2289482,56.55676,46.96094,2021-07-25
17072,28029,44574,4942300,2774378,2317511,94.3,101.37448,56.90693,47.53586,2774378,2317511,56.90693,47.53586,2021-07-26
19734,24258,43362,4985662,2794112,2341769,95.1,102.26391,57.31171,48.03343,2794112,2341769,57.31171,48.03343,2021-07-27
15012,23156,37683,5023345,2809124,2364925,92.9,103.03684,57.61963,48.5084,2809124,2364925,57.61963,48.5084,2021-07-28
14686,22034,36253,5059598,2823810,2386959,93.6,103.78045,57.92086,48.96035,2823810,2386959,57.92086,48.96035,2021-07-29
12365,20542,32516,5092114,2836175,2407501,94.2,104.44741,58.17449,49.3817,2836175,2407501,58.17449,49.3817,2021-07-30
10714,18394,28767,5120881,2846889,2425895,94.7,105.03746,58.39425,49.75899,2846889,2425895,58.39425,49.75899,2021-07-31
8000,12170,19973,5140854,2854889,2438065,95.9,105.44714,58.55834,50.00861,2854889,2438065,58.55834,50.00861,2021-08-01
13207,20257,33012,5173866,2868096,2458322,96.6,106.12427,58.82924,50.42412,2868096,2458322,58.82924,50.42412,2021-08-02
14321,18304,32105,5205971,2882417,2476626,96.4,106.7828,59.12299,50.79956,2882417,2476626,59.12299,50.79956,2021-08-03
11317,13461,24381,5230352,2893734,2490087,93.9,107.28289,59.35512,51.07567,2893734,2490087,59.35512,51.07567,2021-08-04
11828,12441,23873,5254225,2905562,2502528,94.4,107.77256,59.59773,51.33085,2905562,2502528,59.59773,51.33085,2021-08-05
13920,11386,24796,5279021,2919482,2513914,94.8,108.28117,59.88325,51.5644,2919482,2513914,59.88325,51.5644,2021-08-06
11147,9321,20051,5299072,2930629,2523235,95.2,108.69245,60.11189,51.75559,2930629,2523235,60.11189,51.75559,2021-08-07
7603,7953,15321,5314393,2938232,2531188,95.5,109.00671,60.26784,51.91872,2938232,2531188,60.26784,51.91872,2021-08-08
12859,12790,25177,5339570,2951091,2543978,95.9,109.52313,60.5316,52.18106,2951091,2543978,60.5316,52.18106,2021-08-09
10915,11279,21843,5361413,2962006,2555257,96.3,109.97116,60.75548,52.41241,2962006,2555257,60.75548,52.41241,2021-08-10
9016,7531,16206,5377619,2971022,2562788,93.8,110.30357,60.94042,52.56688,2971022,2562788,60.94042,52.56688,2021-08-11
8225,7196,15131,5392750,2979247,2569984,94.1,110.61393,61.10912,52.71448,2979247,2569984,61.10912,52.71448,2021-08-12
6215,5589,11516,5404266,2985462,2575573,94.3,110.85014,61.2366,52.82912,2985462,2575573,61.2366,52.82912,2021-08-13
3428,2860,6145,5410411,2988890,2578433,94.4,110.97619,61.30692,52.88779,2988890,2578433,61.30692,52.88779,2021-08-14
1559,1011,2514,5412925,2990449,2579444,94.5,111.02775,61.33889,52.90852,2990449,2579444,61.33889,52.90852,2021-08-15
11229,9473,20320,5433245,3001678,2588917,94.8,111.44455,61.56922,53.10283,3001678,2588917,61.56922,53.10283,2021-08-16
10440,8518,18587,5451832,3012118,2597435,93.4,111.8258,61.78336,53.27755,3012118,2597435,61.78336,53.27755,2021-08-17
12038,10360,21957,5473789,3024156,2607795,89.6,112.27617,62.03028,53.49005,3024156,2607795,62.03028,53.49005,2021-08-18
10798,9131,19576,5493365,3034954,2616926,89.9,112.67771,62.25176,53.67734,3034954,2616926,62.25176,53.67734,2021-08-19
10119,8980,18798,5512163,3045073,2625906,90.2,113.06328,62.45932,53.86153,3045073,2625906,62.45932,53.86153,2021-08-20
6385,7574,13747,5525910,3051458,2633480,90.5,113.34526,62.59029,54.01689,3051458,2633480,62.59029,54.01689,2021-08-21
4031,6434,10334,5536244,3055489,2639914,90.6,113.55722,62.67297,54.14886,3055489,2639914,62.67297,54.14886,2021-08-22
11146,13314,24083,5560327,3066635,2653228,91.0,114.05121,62.90159,54.42195,3066635,2653228,62.90159,54.42195,2021-08-23
11327,12800,23733,5584060,3077962,2666028,91.4,114.53801,63.13393,54.6845,3077962,2666028,63.13393,54.6845,2021-08-24
10340,11904,21844,5605904,3088302,2677932,87.6,114.98606,63.34602,54.92867,3088302,2677932,63.34602,54.92867,2021-08-25
9409,10960,20021,5625925,3097711,2688892,87.9,115.39673,63.53901,55.15348,3097711,2688892,63.53901,55.15348,2021-08-26
10184,13557,23380,5649305,3107895,2702449,88.3,115.87629,63.7479,55.43155,3107895,2702449,63.7479,55.43155,2021-08-27
7483,13637,20884,5670189,3115378,2716086,88.6,116.30465,63.90139,55.71127,3115378,2716086,63.90139,55.71127,2021-08-28
4900,9793,14528,5684717,3120278,2725879,88.9,116.60264,64.0019,55.91214,3120278,2725879,64.0019,55.91214,2021-08-29
10565,18053,28246,5712963,3130843,2743932,89.3,117.18201,64.2186,56.28244,3130843,2743932,64.2186,56.28244,2021-08-30
10609,17805,27982,5740945,3141452,2761737,89.7,117.75597,64.43621,56.64765,3141452,2761737,64.43621,56.64765,2021-08-31
10939,14411,24957,5765902,3152391,2776148,87.9,118.26788,64.66058,56.94324,3152391,2776148,64.66058,56.94324,2021-09-01
10407,13183,23161,5789063,3162798,2789331,88.2,118.74295,64.87405,57.21364,3162798,2789331,64.87405,57.21364,2021-09-02
10285,12004,21890,5810953,3173083,2801335,88.6,119.19195,65.08501,57.45986,3173083,2801335,65.08501,57.45986,2021-09-03
8695,9985,18305,5829258,3181778,2811320,88.8,119.56741,65.26336,57.66467,3181778,2811320,65.26336,57.66467,2021-09-04
5696,7264,12748,5842006,3187474,2818584,89.0,119.82889,65.38019,57.81367,3187474,2818584,65.38019,57.81367,2021-09-05
10383,13362,23303,5865309,3197857,2831946,89.4,120.30687,65.59316,58.08774,3197857,2831946,65.59316,58.08774,2021-09-06
9900,13294,22723,5888032,3207757,2845240,87.9,120.77296,65.79623,58.36043,3207757,2845240,65.79623,58.36043,2021-09-07
9617,11150,20327,5908359,3217374,2856390,86.0,121.1899,65.99349,58.58913,3217374,2856390,65.99349,58.58913,2021-09-08
8776,15330,23632,5931991,3226150,2871720,86.4,121.67463,66.1735,58.90357,3226150,2871720,66.1735,58.90357,2021-09-09
9249,16448,25221,5957212,3235399,2888168,86.7,122.19195,66.36321,59.24095,3235399,2888168,66.36321,59.24095,2021-09-10
8078,13694,21347,5978559,3243477,2901862,87.1,122.62981,66.5289,59.52183,3243477,2901862,66.5289,59.52183,2021-09-11
5209,9067,14021,5992580,3248686,2910929,87.3,122.91741,66.63575,59.70781,3248686,2910929,66.63575,59.70781,2021-09-12
10054,17724,27249,6019829,3258740,2928653,87.7,123.47633,66.84197,60.07136,3258740,2928653,66.84197,60.07136,2021-09-13
9214,15766,24478,6044307,3267954,2944419,88.0,123.97841,67.03097,60.39475,3267954,2944419,67.03097,60.39475,2021-09-14
7838,13938,21360,6065667,3275792,2958357,87.6,124.41654,67.19174,60.68064,3275792,2958357,67.19174,60.68064,2021-09-15
6964,12934,19495,6085162,3282756,2971291,87.9,124.81641,67.33458,60.94593,3282756,2971291,67.33458,60.94593,2021-09-16
8491,13267,21258,6106420,3291247,2984558,86.9,125.25245,67.50874,61.21806,3291247,2984558,67.50874,61.21806,2021-09-17
8851,11975,20409,6126829,3300098,2996533,87.2,125.67107,67.69029,61.46369,3300098,2996533,67.69029,61.46369,2021-09-18
5227,7227,12245,6139074,3305325,3003760,87.3,125.92223,67.79751,61.61192,3305325,3003760,67.79751,61.61192,2021-09-19
8595,16622,24794,6163868,3313920,3020382,87.7,126.4308,67.9738,61.95287,3313920,3020382,67.9738,61.95287,2021-09-20
8363,16069,23998,6187866,3322283,3036451,86.7,126.92303,68.14534,62.28247,3322283,3036451,68.14534,62.28247,2021-09-21
8521,15951,24061,6211927,3330804,3052402,86.6,127.41656,68.32012,62.60965,3330804,3052402,68.32012,62.60965,2021-09-22
8081,10604,18242,6230169,3338885,3063006,86.8,127.79074,68.48587,62.82715,3338885,3063006,68.48587,62.82715,2021-09-23
8758,11555,19854,6250023,3347643,3074561,87.1,128.19797,68.66552,63.06417,3347643,3074561,68.66552,63.06417,2021-09-24
7865,10286,17662,6267685,3355508,3084847,87.4,128.56025,68.82684,63.27515,3355508,3084847,68.82684,63.27515,2021-09-25
4383,5892,9990,6277675,3359891,3090739,87.5,128.76516,68.91674,63.396,3359891,3090739,68.91674,63.396,2021-09-26
6829,11092,17535,6295210,3366720,3101831,87.7,129.12483,69.05682,63.62352,3366720,3101831,69.05682,63.62352,2021-09-27
6507,10089,16183,6311393,3373227,3111920,88.0,129.45677,69.19028,63.83046,3373227,3111920,69.19028,63.83046,2021-09-28
7028,9990,16567,6327960,3380255,3121910,83.7,129.79659,69.33444,64.03537,3380255,3121910,69.33444,64.03537,2021-09-29
6381,8749,14690,6342650,3386636,3130659,83.9,130.0979,69.46532,64.21483,3386636,3130659,69.46532,64.21483,2021-09-30
6118,9441,15148,6357798,3392754,3140100,84.1,130.40861,69.59081,64.40848,3392754,3140100,69.59081,64.40848,2021-10-01
6059,8659,14275,6372073,3398813,3148759,84.3,130.70141,69.71509,64.58609,3398813,3148759,69.71509,64.58609,2021-10-02
3650,5040,8508,6380581,3402463,3153799,84.4,130.87593,69.78996,64.68946,3402463,3153799,69.78996,64.68946,2021-10-03
5706,9106,14454,6395035,3408169,3162905,84.6,131.1724,69.907,64.87624,3408169,3162905,69.907,64.87624,2021-10-04
4655,7420,11793,6406828,3412824,3170325,84.8,131.4143,70.00248,65.02844,3412824,3170325,70.00248,65.02844,2021-10-05
5614,8396,13667,6420495,3418438,3178721,84.9,131.69463,70.11763,65.20065,3418438,3178721,70.11763,65.20065,2021-10-06
5439,7326,12356,6432851,3423877,3186047,84.1,131.94807,70.2292,65.35092,3423877,3186047,70.2292,65.35092,2021-10-07
6040,8435,14060,6446911,3429917,3194482,84.3,132.23646,70.35309,65.52394,3429917,3194482,70.35309,65.52394,2021-10-08
6196,8758,14433,6461344,3436113,3203240,84.5,132.53251,70.48018,65.70358,3436113,3203240,70.48018,65.70358,2021-10-09
3885,5287,8920,6470264,3439998,3208527,84.6,132.71547,70.55986,65.81202,3439998,3208527,70.55986,65.81202,2021-10-10
6232,8591,14459,6484723,3446230,3217118,84.8,133.01205,70.68769,65.98824,3446230,3217118,70.68769,65.98824,2021-10-11
6622,7766,14041,6498764,3452852,3224884,85.0,133.30005,70.82352,66.14753,3452852,3224884,70.82352,66.14753,2021-10-12
8174,8432,16218,6514982,3461026,3233316,85.2,133.63271,70.99118,66.32049,3461026,3233316,70.99118,66.32049,2021-10-13
9504,7648,16724,6531706,3470530,3240964,85.4,133.97574,71.18612,66.47736,3470530,3240964,71.18612,66.47736,2021-10-14
9301,8700,17501,6549207,3479831,3249664,85.6,134.33472,71.3769,66.65581,3479831,3249664,71.3769,66.65581,2021-10-15
6809,7775,14130,6563337,3486640,3257439,85.8,134.62455,71.51657,66.81529,3486640,3257439,71.51657,66.81529,2021-10-16
3948,4204,7923,6571260,3490588,3261643,85.9,134.78706,71.59755,66.90152,3490588,3261643,71.59755,66.90152,2021-10-17
6118,7341,13131,6584391,3496706,3268984,86.1,135.0564,71.72304,67.05209,3496706,3268984,71.72304,67.05209,2021-10-18
4636,6061,10422,6594813,3501342,3275045,86.2,135.27017,71.81813,67.17641,3501342,3275045,71.81813,67.17641,2021-10-19
4389,6520,10618,6605431,3505731,3281565,86.4,135.48796,71.90815,67.31015,3505731,3281565,71.90815,67.31015,2021-10-20
3586,5739,9050,6614481,3509317,3287304,86.5,135.67359,71.98171,67.42787,3509317,3287304,71.98171,67.42787,2021-10-21
3527,6113,9383,6623864,3512844,3293417,86.6,135.86605,72.05405,67.55325,3512844,3293417,72.05405,67.55325,2021-10-22
2720,5717,8218,6632082,3515564,3299134,86.7,136.03462,72.10984,67.67052,3515564,3299134,72.10984,67.67052,2021-10-23
1426,3156,4467,6636549,3516990,3302290,86.8,136.12624,72.13909,67.73525,3516990,3302290,72.13909,67.73525,2021-10-24
2112,4531,6464,6643013,3519102,3306821,86.8,136.25883,72.18241,67.82819,3519102,3306821,72.18241,67.82819,2021-10-25
1709,3725,5269,6648282,3520811,3310546,86.9,136.3669,72.21747,67.9046,3520811,3310546,72.21747,67.9046,2021-10-26
2209,5020,7039,6655321,3523020,3315566,87.0,136.51128,72.26278,68.00756,3523020,3315566,72.26278,68.00756,2021-10-27
1971,4464,6277,6661598,3524991,3320030,87.1,136.64004,72.30321,68.09913,3524991,3320030,72.30321,68.09913,2021-10-28
1300,3258,4445,6666043,3526291,3323288,87.1,136.73121,72.32987,68.16596,3526291,3323288,72.32987,68.16596,2021-10-29
1553,4553,5928,6671971,3527844,3327841,87.2,136.8528,72.36173,68.25934,3527844,3327841,72.36173,68.25934,2021-10-30
1351,4621,5814,6677785,3529195,3332462,87.3,136.97206,72.38944,68.35413,3529195,3332462,72.38944,68.35413,2021-10-31
839,2918,3668,6681453,3530034,3335380,87.3,137.04729,72.40665,68.41398,3530034,3335380,72.40665,68.41398,2021-11-01
1895,5871,7595,6689048,3531929,3341251,87.4,137.20308,72.44552,68.53441,3531929,3341251,72.44552,68.53441,2021-11-02
2256,7606,9720,6698768,3534185,3348857,87.6,137.40245,72.49179,68.69042,3534185,3348857,72.49179,68.69042,2021-11-03
2177,7361,9369,6708137,3536362,3356218,87.7,137.59463,72.53644,68.8414,3536362,3356218,72.53644,68.8414,2021-11-04
2464,7744,9974,6718111,3538826,3363962,87.8,137.79921,72.58698,69.00024,3538826,3363962,72.58698,69.00024,2021-11-05
2187,5945,7961,6726072,3541013,3369907,87.9,137.9625,72.63184,69.12219,3541013,3369907,72.63184,69.12219,2021-11-06
1202,3588,4705,6730777,3542215,3373495,88.0,138.05901,72.6565,69.19578,3542215,3373495,72.6565,69.19578,2021-11-07
2447,6040,8327,6739104,3544662,3379535,88.1,138.22981,72.70669,69.31967,3544662,3379535,72.70669,69.31967,2021-11-08
2135,4942,6940,6746044,3546797,3384477,88.2,138.37216,72.75048,69.42104,3546797,3384477,72.75048,69.42104,2021-11-09
2172,4275,6339,6752383,3548969,3388752,88.3,138.50218,72.79503,69.50873,3548969,3388752,72.79503,69.50873,2021-11-10
2144,4151,6141,6758524,3551113,3392903,88.3,138.62814,72.83901,69.59387,3551113,3392903,72.83901,69.59387,2021-11-11
2365,4284,6545,6765069,3553478,3397187,88.4,138.76239,72.88752,69.68174,3553478,3397187,72.88752,69.68174,2021-11-12
2194,3744,5800,6770869,3555672,3400931,88.5,138.88136,72.93252,69.75854,3555672,3400931,72.93252,69.75854,2021-11-13
1262,2062,3274,6774143,3556934,3402993,88.6,138.94851,72.95841,69.80083,3556934,3402993,72.95841,69.80083,2021-11-14
2215,3384,5478,6779621,3559149,3406377,88.6,139.06088,73.00384,69.87024,3559149,3406377,73.00384,69.87024,2021-11-15
1996,2723,4620,6784241,3561145,3409100,88.7,139.15564,73.04478,69.9261,3561145,3409100,73.04478,69.9261,2021-11-16
1939,2702,4547,6788788,3563084,3411802,88.7,139.24891,73.08455,69.98152,3563084,3411802,73.08455,69.98152,2021-11-17
2193,2633,4707,6793495,3565277,3414435,88.8,139.34545,73.12954,70.03553,3565277,3414435,73.12954,70.03553,2021-11-18
2361,2469,4740,6798235,3567638,3416904,88.9,139.44268,73.17796,70.08617,3567638,3416904,73.17796,70.08617,2021-11-19
2192,2153,4237,6802472,3569830,3419057,88.9,139.52959,73.22293,70.13033,3569830,3419057,73.22293,70.13033,2021-11-20
1238,1635,2826,6805298,3571068,3420692,89.0,139.58755,73.24832,70.16387,3571068,3420692,73.24832,70.16387,2021-11-21
2396,2131,4420,6809718,3573464,3422823,87.2,139.67821,73.29747,70.20758,3573464,3422823,73.29747,70.20758,2021-11-22
2213,2264,4400,6814118,3575677,3425087,87.2,139.76847,73.34286,70.25402,3575677,3425087,73.34286,70.25402,2021-11-23
2300,3140,5338,6819456,3577977,3428227,87.3,139.87796,73.39003,70.31842,3577977,3428227,73.39003,70.31842,2021-11-24
2704,2240,4868,6824324,3580681,3430467,87.3,139.97781,73.4455,70.36437,3580681,3430467,73.4455,70.36437,2021-11-25
3236,2382,5526,6829850,3583917,3432849,87.4,140.09115,73.51187,70.41323,3583917,3432849,73.51187,70.41323,2021-11-26
2831,2117,4875,6834725,3586748,3434966,87.5,140.19115,73.56994,70.45665,3586748,3434966,73.56994,70.45665,2021-11-27
1690,1221,2878,6837603,3588438,3436187,87.5,140.25018,73.60461,70.48169,3588438,3436187,73.60461,70.48169,2021-11-28
3261,2468,5647,6843250,3591699,3438655,87.6,140.36601,73.67149,70.53232,3591699,3438655,73.67149,70.53232,2021-11-29
3008,2085,5014,6848264,3594707,3440740,87.7,140.46885,73.73319,70.57508,3594707,3440740,73.73319,70.57508,2021-11-30
3115,2084,5118,6853382,3597822,3442824,87.7,140.57383,73.79709,70.61783,3597822,3442824,73.79709,70.61783,2021-12-01
3233,2230,5374,6858756,3601055,3445054,87.1,140.68406,73.8634,70.66357,3601055,3445054,73.8634,70.66357,2021-12-02
3609,2332,5871,6864627,3604664,3447386,87.2,140.80449,73.93743,70.7114,3604664,3447386,73.93743,70.7114,2021-12-03
3484,2115,5521,6870148,3608148,3449501,87.2,140.91773,74.00889,70.75479,3608148,3449501,74.00889,70.75479,2021-12-04
2351,1267,3562,6873710,3610499,3450768,87.3,140.99079,74.05711,70.78077,3610499,3450768,74.05711,70.78077,2021-12-05
4743,2426,7089,6880799,3615242,3453194,87.4,141.1362,74.1544,70.83054,3615242,3453194,74.1544,70.83054,2021-12-06
4388,2170,6482,6887281,3619630,3455364,87.4,141.26916,74.2444,70.87505,3619630,3455364,74.2444,70.87505,2021-12-07
1916,990,2865,6890146,3621546,3456354,87.5,141.32792,74.2837,70.89535,3621546,3456354,74.2837,70.89535,2021-12-08
4210,2469,6578,6896724,3625756,3458823,87.6,141.46285,74.37006,70.946,3625756,3458823,74.37006,70.946,2021-12-09
4256,2489,6659,6903383,3630012,3461312,86.9,141.59943,74.45736,70.99705,3630012,3461312,74.45736,70.99705,2021-12-10
3231,2113,5272,6908655,3633243,3463425,87.0,141.70757,74.52363,71.04039,3633243,3463425,74.52363,71.04039,2021-12-11
2067,1276,3302,6911957,3635310,3464701,87.0,141.7753,74.56603,71.06656,3635310,3464701,74.56603,71.06656,2021-12-12
3449,2223,5604,6917561,3638759,3466924,87.1,141.89025,74.63677,71.11216,3638759,3466924,74.63677,71.11216,2021-12-13
3275,2290,5502,6923063,3642034,3469214,84.4,142.0031,74.70395,71.15913,3642034,3469214,74.70395,71.15913,2021-12-14
3448,2211,5603,6928666,3645482,3471425,84.4,142.11803,74.77467,71.20448,3645482,3471425,74.77467,71.20448,2021-12-15
4571,2570,7069,6935735,3650053,3473995,83.3,142.26302,74.86843,71.2572,3650053,3473995,74.86843,71.2572,2021-12-16
3936,3743,7606,6943341,3653989,3477738,83.4,142.41904,74.94916,71.33397,3653989,3477738,74.94916,71.33397,2021-12-17
0,0,0,6943341,3653989,3477738,83.4,142.41904,74.94916,71.33397,3653989,3477738,74.94916,71.33397,2021-12-18
3300,2361,228057,7171398,3657289,3480099,94.3,147.09685,75.01685,71.3824,3657289,3480099,75.01685,71.3824,2021-12-19
3300,2361,228058,7399456,3660589,3482460,94.3,151.77468,75.08454,71.43083,3660589,3482460,75.08454,71.43083,2021-12-20
3300,2361,228057,7627513,3663889,3484821,94.3,156.4525,75.15223,71.47926,3663889,3484821,75.15223,71.47926,2021-12-21
3301,2361,228058,7855571,3667190,3487182,94.3,161.13033,75.21994,71.52768,3667190,3487182,75.21994,71.52768,2021-12-22
4734,3688,47717,7903288,3671924,3490870,92.8,162.10908,75.31704,71.60333,3671924,3490870,75.31704,71.60333,2021-12-23
2071,1055,19513,7922801,3673995,3491925,93.0,162.50933,75.35952,71.62497,3673995,3491925,75.35952,71.62497,2021-12-24
240,-211,3466,7926267,3674235,3491714,93.1,162.58042,75.36444,71.62064,3674235,3491714,75.36444,71.62064,2021-12-25
788,1009,11379,7937646,3675023,3492723,93.2,162.81382,75.3806,71.64134,3675023,3492723,75.3806,71.64134,2021-12-26
2463,2643,30274,7967920,3677486,3495366,93.6,163.43479,75.43112,71.69555,3677486,3495366,75.43112,71.69555,2021-12-27
2238,820,26560,7994480,3679724,3496186,92.8,163.97958,75.47703,71.71237,3679724,3496186,75.47703,71.71237,2021-12-28
6794,4685,69464,8063944,3686518,3500871,93.6,165.4044,75.61638,71.80847,3686518,3500871,75.61638,71.80847,2021-12-29
4730,2032,44743,8108687,3691248,3502903,94.1,166.32215,75.7134,71.85015,3691248,3502903,75.7134,71.85015,2021-12-30
3952,1211,33503,8142190,3695200,3504114,94.5,167.00935,75.79447,71.87499,3695200,3504114,75.79447,71.87499,2021-12-31
622,-25,8486,8150676,3695822,3504089,94.6,167.18341,75.80722,71.87447,3695822,3504089,75.80722,71.87447,2022-01-01
1870,1857,21195,8171871,3697692,3505946,94.8,167.61815,75.84558,71.91256,3697692,3505946,75.84558,71.91256,2022-01-02
2970,1912,28167,8200038,3700662,3507858,95.2,168.1959,75.9065,71.95178,3700662,3507858,75.9065,71.95178,2022-01-03
7474,5467,67364,8267402,3708136,3513325,95.9,169.57765,76.0598,72.06392,3708136,3513325,76.0598,72.06392,2022-01-04
6996,3640,58438,8325840,3715132,3516965,94.1,170.7763,76.2033,72.13858,3715132,3516965,76.2033,72.13858,2022-01-05
6395,2634,49667,8375507,3721527,3519599,94.6,171.79505,76.33447,72.19261,3721527,3519599,76.33447,72.19261,2022-01-06
6183,3621,44087,8419594,3727710,3523220,95.1,172.69935,76.4613,72.26688,3727710,3523220,76.4613,72.26688,2022-01-07
4286,1172,30405,8449999,3731996,3524392,95.5,173.323,76.54921,72.29092,3731996,3524392,76.54921,72.29092,2022-01-08
11185,5966,71709,8521708,3743181,3530358,96.3,174.79387,76.77863,72.41329,3743181,3530358,76.77863,72.41329,2022-01-09
11474,6055,49934,8571642,3754655,3536413,96.8,175.81809,77.01398,72.53749,3754655,3536413,77.01398,72.53749,2022-01-10
10701,4693,60624,8632266,3765356,3541106,97.5,177.06159,77.23348,72.63375,3765356,3541106,77.23348,72.63375,2022-01-11
11749,5240,64176,8696442,3777105,3546346,95.5,178.37794,77.47447,72.74123,3777105,3546346,77.47447,72.74123,2022-01-12
10593,5257,63658,8760100,3787698,3551603,95.4,179.68367,77.69175,72.84906,3787698,3551603,77.69175,72.84906,2022-01-13
9654,4575,60386,8820486,3797352,3556178,96.1,180.92228,77.88977,72.9429,3797352,3556178,77.88977,72.9429,2022-01-14
11392,4604,65204,8885690,3808744,3560782,96.8,182.25972,78.12343,73.03734,3808744,3560782,78.12343,73.03734,2022-01-15
8089,3108,47899,8933589,3816833,3563890,97.3,183.24221,78.28935,73.10109,3816833,3563890,78.28935,73.10109,2022-01-16
5959,3945,39155,8972744,3822792,3567835,97.8,184.04534,78.41158,73.18201,3822792,3567835,78.41158,73.18201,2022-01-17
6913,4884,47699,9020443,3829705,3572719,98.3,185.02372,78.55338,73.28218,3829705,3572719,78.55338,73.28218,2022-01-18
7372,4840,49332,9069775,3837077,3577559,96.8,186.0356,78.70459,73.38146,3837077,3577559,78.70459,73.38146,2022-01-19
7188,5031,50730,9120505,3844265,3582590,96.6,187.07615,78.85203,73.48465,3844265,3582590,78.85203,73.48465,2022-01-20
6391,3985,44703,9165208,3850656,3586575,97.1,187.99308,78.98312,73.56639,3850656,3586575,78.98312,73.56639,2022-01-21
3746,2213,51276,9216484,3854402,3588788,97.6,189.04484,79.05995,73.61179,3854402,3588788,79.05995,73.61179,2022-01-22
8372,4750,34905,9251389,3862774,3593538,98.0,189.76079,79.23168,73.70922,3862774,3593538,79.23168,73.70922,2022-01-23
3618,3908,33259,9284648,3866392,3597446,98.4,190.44299,79.30589,73.78937,3866392,3597446,79.30589,73.78937,2022-01-24
5129,5455,46507,9331155,3871521,3602901,98.8,191.39692,79.41109,73.90127,3871521,3602901,79.41109,73.90127,2022-01-25
4993,5496,45329,9376484,3876514,3608397,98.6,192.32669,79.51351,74.014,3876514,3608397,79.51351,74.014,2022-01-26
5067,5552,44929,9421413,3881581,3613949,98.3,193.24826,79.61744,74.12788,3881581,3613949,79.61744,74.12788,2022-01-27
4894,6541,44138,9465551,3886475,3620490,97.9,194.1536,79.71782,74.26204,3886475,3620490,79.71782,74.26204,2022-01-28
5362,7217,48213,9513764,3891837,3627707,98.4,195.14252,79.82781,74.41008,3891837,3627707,79.82781,74.41008,2022-01-29
3010,4180,31039,9544803,3894847,3631887,98.7,195.77918,79.88955,74.49581,3894847,3631887,79.88955,74.49581,2022-01-30
3071,4981,29722,9574525,3897918,3636868,99.0,196.38883,79.95254,74.59798,3897918,3636868,79.95254,74.59798,2022-01-31
4087,4868,38103,9612628,3902005,3641736,99.4,197.17038,80.03637,74.69783,3902005,3641736,80.03637,74.69783,2022-02-01
3814,6944,37128,9649756,3905819,3648680,97.8,197.93194,80.1146,74.84027,3905819,3648680,80.1146,74.84027,2022-02-02
4211,6747,37842,9687598,3910030,3655427,97.4,198.70814,80.20097,74.97866,3910030,3655427,80.20097,74.97866,2022-02-03
1950,3171,16337,9703935,3911980,3658598,97.6,199.04324,80.24097,75.0437,3911980,3658598,80.24097,75.0437,2022-02-04
5680,12572,54802,9758737,3917660,3671170,98.1,200.16731,80.35748,75.30157,3917660,3671170,80.35748,75.30157,2022-02-05
2178,6041,22348,9781085,3919838,3677211,98.3,200.62571,80.40215,75.42548,3919838,3677211,80.40215,75.42548,2022-02-06
2030,5830,21134,9802219,3921868,3683041,98.5,201.0592,80.44379,75.54507,3921868,3683041,80.44379,75.54507,2022-02-07
2736,7426,27248,9829467,3924604,3690467,98.8,201.6181,80.49991,75.69738,3924604,3690467,80.49991,75.69738,2022-02-08
2771,7972,26792,9856259,3927375,3698439,96.8,202.16765,80.55675,75.8609,3927375,3698439,80.55675,75.8609,2022-02-09
2666,7919,26106,9882365,3930041,3706358,97.1,202.70312,80.61143,76.02333,3930041,3706358,80.61143,76.02333,2022-02-10
2409,7716,23352,9905717,3932450,3714074,97.3,203.18211,80.66084,76.1816,3932450,3714074,80.66084,76.1816,2022-02-11
2769,8739,26532,9932249,3935219,3722813,97.6,203.72632,80.71764,76.36085,3935219,3722813,80.71764,76.36085,2022-02-12
1305,5300,14711,9946960,3936524,3728113,97.7,204.02807,80.74441,76.46956,3936524,3728113,80.74441,76.46956,2022-02-13
1259,4700,12783,9959743,3937783,3732813,97.9,204.29027,80.77023,76.56597,3937783,3732813,80.77023,76.56597,2022-02-14
1525,5931,17363,9977106,3939308,3738744,98.0,204.64641,80.80151,76.68762,3939308,3738744,80.80151,76.68762,2022-02-15
1682,5864,17899,9995005,3940990,3744608,83.2,205.01355,80.83601,76.8079,3940990,3744608,80.83601,76.8079,2022-02-16
1510,6592,17214,10012219,3942500,3751200,97.2,205.36663,80.86698,76.94312,3942500,3751200,80.86698,76.94312,2022-02-17
1488,6059,16867,10029086,3943988,3757259,97.3,205.7126,80.89751,77.06739,3943988,3757259,80.89751,77.06739,2022-02-18
1567,6747,18503,10047589,3945555,3764006,97.5,206.09213,80.92965,77.20579,3945555,3764006,80.92965,77.20579,2022-02-19
688,3520,9134,10056723,3946243,3767526,97.6,206.27948,80.94376,77.27799,3946243,3767526,80.94376,77.27799,2022-02-20
794,3988,9587,10066310,3947037,3771514,97.7,206.47613,80.96005,77.35979,3947037,3771514,80.96005,77.35979,2022-02-21
0,0,0,10066310,3947037,3771514,97.7,206.47613,80.96005,77.35979,3947037,3771514,80.96005,77.35979,2022-02-22
