delta_1d,delta_2d,delta_all,sum_doses,sum_1d,sum_2d,perc_doses,perc_inh_tot,perc_inh_1d,perc_inh_2d,sum_monotone_1d,sum_monotone_2d,perc_inh_monotone_1d,perc_inh_monotone_2d,date
0,0,0,0,0,0,0,0,0,0,0,0,0,0,2020-12-26
620,5,620,620,620,5,100.0,0.01679,0.01679,0.00014,620,5,0.01679,0.00014,2020-12-27
0,0,0,620,620,5,100.0,0.01679,0.01679,0.00014,620,5,0.01679,0.00014,2020-12-28
0,0,0,620,620,5,100.0,0.01679,0.01679,0.00014,620,5,0.01679,0.00014,2020-12-29
329,1,329,949,949,6,6.2,0.0257,0.0257,0.00016,949,6,0.0257,0.00016,2020-12-30
802,4,802,1751,1751,10,6.3,0.04742,0.04742,0.00027,1751,10,0.04742,0.00027,2020-12-31
2370,45,2370,4121,4121,55,14.8,0.1116,0.1116,0.00149,4121,55,0.1116,0.00149,2021-01-01
3499,44,3499,7620,7620,99,27.3,0.20636,0.20636,0.00268,7620,99,0.20636,0.00268,2021-01-02
3337,46,3337,10957,10957,145,39.2,0.29673,0.29673,0.00393,10957,145,0.29673,0.00393,2021-01-03
5067,65,5067,16024,16024,210,57.4,0.43395,0.43395,0.00569,16024,210,0.43395,0.00569,2021-01-04
5249,56,5249,21273,21273,266,66.9,0.57611,0.57611,0.0072,21273,266,0.57611,0.0072,2021-01-05
4519,52,4519,25792,25792,318,81.1,0.69849,0.69849,0.00861,25792,318,0.69849,0.00861,2021-01-06
6018,86,6018,31810,31810,404,60.8,0.86146,0.86146,0.01094,31810,404,0.86146,0.01094,2021-01-07
5948,93,5948,37758,37758,497,72.2,1.02254,1.02254,0.01346,37758,497,1.02254,0.01346,2021-01-08
4487,66,4487,42245,42245,563,80.8,1.14406,1.14406,0.01525,42245,563,1.14406,0.01525,2021-01-09
3002,55,3002,45247,45247,618,86.5,1.22536,1.22536,0.01674,45247,618,1.22536,0.01674,2021-01-10
5095,99,5095,50342,50342,717,96.3,1.36334,1.36334,0.01942,50342,717,1.36334,0.01942,2021-01-11
3582,73,3582,53924,53924,790,66.9,1.46034,1.46034,0.02139,53924,790,1.46034,0.02139,2021-01-12
4063,64,4063,57987,57987,854,67.5,1.57038,1.57038,0.02313,57987,854,1.57038,0.02313,2021-01-13
3255,36,3255,61242,61242,890,71.3,1.65853,1.65853,0.0241,61242,890,1.65853,0.0241,2021-01-14
3879,60,3879,65121,65121,950,75.8,1.76358,1.76358,0.02573,65121,950,1.76358,0.02573,2021-01-15
3271,58,3271,68392,68392,1008,79.6,1.85216,1.85216,0.0273,68392,1008,1.85216,0.0273,2021-01-16
2022,549,2536,70928,70414,1557,82.6,1.92084,1.90692,0.04217,70414,1557,1.90692,0.04217,2021-01-17
1022,148,1120,72048,71436,1705,79.6,1.95117,1.9346,0.04617,71436,1705,1.9346,0.04617,2021-01-18
1105,42,1105,73153,72541,1747,80.8,1.98109,1.96452,0.04731,72541,1747,1.96452,0.04731,2021-01-19
1086,311,1334,74487,73627,2058,76.3,2.01722,1.99393,0.05573,73627,2058,1.99393,0.05573,2021-01-20
867,731,1589,76076,74494,2789,72.7,2.06025,2.01741,0.07553,74494,2789,2.01741,0.07553,2021-01-21
527,2342,2866,78942,75021,5131,75.5,2.13787,2.03168,0.13896,75021,5131,2.03168,0.13896,2021-01-22
636,3339,3969,82911,75657,8470,79.3,2.24536,2.04891,0.22938,75657,8470,2.04891,0.22938,2021-01-23
199,3153,3349,86260,75856,11623,82.5,2.33605,2.0543,0.31477,75856,11623,2.0543,0.31477,2021-01-24
244,4892,5132,91392,76100,16515,87.4,2.47503,2.0609,0.44725,76100,16515,2.0609,0.44725,2021-01-25
213,5189,5398,96790,76313,21704,75.6,2.62122,2.06667,0.58778,76313,21704,2.06667,0.58778,2021-01-26
205,4637,4837,101627,76518,26341,75.9,2.75221,2.07222,0.71335,76518,26341,2.07222,0.71335,2021-01-27
353,5940,6286,107913,76871,32281,80.6,2.92245,2.08178,0.87422,76871,32281,2.08178,0.87422,2021-01-28
302,5860,6150,114063,77173,38141,85.2,3.089,2.08996,1.03292,77173,38141,2.08996,1.03292,2021-01-29
193,4449,4624,118687,77366,42590,88.7,3.21422,2.09519,1.1534,77366,42590,2.09519,1.1534,2021-01-30
103,2952,3052,121739,77469,45542,91.0,3.29688,2.09798,1.23335,77469,45542,2.09798,1.23335,2021-01-31
520,5004,5514,127253,77989,50546,92.3,3.4462,2.11206,1.36886,77989,50546,2.11206,1.36886,2021-02-01
196,3555,3744,130997,78185,54101,77.3,3.5476,2.11737,1.46514,78185,54101,2.11737,1.46514,2021-02-02
240,3989,4225,135222,78425,58090,79.8,3.66202,2.12387,1.57317,78425,58090,2.12387,1.57317,2021-02-03
960,3322,4255,139477,79385,61412,82.3,3.77725,2.14987,1.66313,79385,61412,2.14987,1.66313,2021-02-04
1922,3862,5750,145227,81307,65274,85.7,3.93297,2.20192,1.76772,81307,65274,2.20192,1.76772,2021-02-05
1293,3268,4529,149756,82600,68542,88.3,4.05562,2.23693,1.85622,82600,68542,2.23693,1.85622,2021-02-06
884,1945,2809,152565,83484,70487,90.0,4.13169,2.26087,1.9089,83484,70487,2.26087,1.9089,2021-02-07
3639,570,4098,156663,87123,71057,92.4,4.24267,2.35942,1.92433,87123,71057,2.35942,1.92433,2021-02-08
3879,725,4490,161153,91002,71782,74.4,4.36427,2.46447,1.94397,91002,71782,2.46447,1.94397,2021-02-09
3743,681,4268,165421,94745,72463,76.4,4.47985,2.56584,1.96241,94745,72463,2.56584,1.96241,2021-02-10
5142,323,5384,170805,99887,72786,78.9,4.62566,2.70509,1.97116,99887,72786,2.70509,1.97116,2021-02-11
7406,326,7619,178424,107293,73112,82.4,4.83199,2.90566,1.97998,107293,73112,2.90566,1.97998,2021-02-12
7560,375,7787,186211,114853,73487,76.2,5.04288,3.11039,1.99014,114853,73487,3.11039,1.99014,2021-02-13
8890,263,9000,195211,123743,73750,79.9,5.28661,3.35115,1.99726,123743,73750,3.35115,1.99726,2021-02-14
7944,999,8770,203981,131687,74749,83.5,5.52412,3.56628,2.02432,131687,74749,3.56628,2.02432,2021-02-15
8560,952,9281,213262,140247,75701,84.5,5.77546,3.7981,2.0501,140247,75701,3.7981,2.0501,2021-02-16
7425,877,8178,221440,147672,76578,87.7,5.99693,3.99918,2.07385,147672,76578,3.99918,2.07385,2021-02-17
7928,1080,8824,230264,155600,77658,79.8,6.2359,4.21388,2.1031,155600,77658,4.21388,2.1031,2021-02-18
7780,693,8293,238557,163380,78351,74.6,6.46049,4.42458,2.12186,163380,78351,4.42458,2.12186,2021-02-19
4127,671,4664,243221,167507,79022,76.0,6.58679,4.53634,2.14004,167507,79022,4.53634,2.14004,2021-02-20
4934,374,5104,248325,172441,79396,77.6,6.72502,4.66996,2.15016,172441,79396,4.66996,2.15016,2021-02-21
9543,655,9821,258146,181984,80051,80.7,6.99099,4.9284,2.1679,181984,80051,4.9284,2.1679,2021-02-22
7561,514,7723,265869,189545,80565,73.0,7.20014,5.13317,2.18182,189545,80565,5.13317,2.18182,2021-02-23
10175,338,10373,276242,199720,80903,75.8,7.48105,5.40872,2.19098,199720,80903,5.40872,2.19098,2021-02-24
9633,1168,10631,286873,209353,82071,78.7,7.76896,5.6696,2.22261,209353,82071,5.6696,2.22261,2021-02-25
8880,1429,10091,296964,218233,83500,81.5,8.04224,5.91008,2.26131,218233,83500,5.91008,2.26131,2021-02-26
1082,978,1984,298948,219315,84478,76.5,8.09597,5.93938,2.28779,219315,84478,5.93938,2.28779,2021-02-27
922,797,1649,300597,220237,85275,76.9,8.14062,5.96435,2.30938,220237,85275,5.96435,2.30938,2021-02-28
832,3708,4474,305071,221069,88983,76.1,8.26179,5.98688,2.40979,221069,88983,5.98688,2.40979,2021-03-01
7153,3559,10599,315670,228222,92542,70.5,8.54882,6.1806,2.50618,228222,92542,6.1806,2.50618,2021-03-02
14624,3737,18233,333903,242846,96279,74.6,9.0426,6.57664,2.60738,242846,96279,6.57664,2.60738,2021-03-03
14780,3242,17865,351768,257626,99521,78.6,9.52641,6.9769,2.69518,257626,99521,6.9769,2.69518,2021-03-04
12124,4938,16881,368649,269750,104459,82.3,9.98358,7.30524,2.82891,269750,104459,7.30524,2.82891,2021-03-05
2911,4288,7114,375763,272661,108747,83.8,10.17623,7.38407,2.94503,272661,108747,7.38407,2.94503,2021-03-06
2104,3656,5649,381412,274765,112403,85.1,10.32922,7.44105,3.04404,274765,112403,7.44105,3.04404,2021-03-07
1888,4872,6713,388125,276653,117275,86.5,10.51101,7.49218,3.17599,276653,117275,7.49218,3.17599,2021-03-08
5580,5640,11142,399267,282233,122915,80.0,10.81276,7.6433,3.32872,282233,122915,7.6433,3.32872,2021-03-09
14372,4105,18370,417637,296605,127020,77.3,11.31024,8.03251,3.43989,296605,127020,8.03251,3.43989,2021-03-10
12591,3555,15964,433601,309196,130575,80.2,11.74257,8.3735,3.53617,309196,130575,8.3735,3.53617,2021-03-11
13461,3723,16992,450593,322657,134298,83.3,12.20274,8.73804,3.63699,322657,134298,8.73804,3.63699,2021-03-12
5325,4120,9291,459884,327982,138418,82.7,12.45436,8.88225,3.74857,327982,138418,8.88225,3.74857,2021-03-13
3242,4028,7177,467061,331224,142446,84.0,12.64872,8.97005,3.85765,331224,142446,8.97005,3.85765,2021-03-14
4263,4622,8710,475771,335487,147068,78.4,12.8846,9.0855,3.98282,335487,147068,9.0855,3.98282,2021-03-15
2650,2335,4904,480675,338137,149403,79.2,13.01741,9.15726,4.04606,338137,149403,9.15726,4.04606,2021-03-16
6893,4628,11428,492103,345030,154031,81.1,13.3269,9.34394,4.17139,345030,154031,9.34394,4.17139,2021-03-17
5987,4129,9979,502082,351017,158160,82.7,13.59714,9.50607,4.28321,351017,158160,9.50607,4.28321,2021-03-18
7275,3044,10171,512253,358292,161204,84.4,13.87259,9.70309,4.36565,358292,161204,9.70309,4.36565,2021-03-19
5451,1228,6589,518842,363743,162432,85.5,14.05103,9.85071,4.39891,363743,162432,9.85071,4.39891,2021-03-20
1862,1477,3296,522138,365605,163909,86.0,14.14029,9.90114,4.4389,365605,163909,9.90114,4.4389,2021-03-21
4812,584,5259,527397,370417,164493,77.4,14.28271,10.03146,4.45472,370417,164493,10.03146,4.45472,2021-03-22
7168,2481,9450,536847,377585,166974,78.7,14.53863,10.22558,4.52191,377585,166974,10.22558,4.52191,2021-03-23
10547,9627,20030,556877,388132,176601,81.6,15.08108,10.5112,4.78262,388132,176601,10.5112,4.78262,2021-03-24
15566,8664,23971,580848,403698,185265,83.1,15.73025,10.93276,5.01726,403698,185265,10.93276,5.01726,2021-03-25
14918,6040,20749,601597,418616,191305,86.0,16.29216,11.33676,5.18083,418616,191305,11.33676,5.18083,2021-03-26
8649,355,8865,610462,427265,191660,87.3,16.53224,11.57099,5.19044,427265,191660,11.57099,5.19044,2021-03-27
5957,336,6210,616672,433222,191996,88.2,16.70041,11.73231,5.19954,433222,191996,11.73231,5.19954,2021-03-28
9347,485,9698,626370,442569,192481,80.9,16.96305,11.98544,5.21268,442569,192481,11.98544,5.21268,2021-03-29
13463,3771,17036,643406,456032,196252,83.1,17.42441,12.35004,5.3148,456032,196252,12.35004,5.3148,2021-03-30
20530,12583,32772,676178,476562,208835,87.3,18.31193,12.90602,5.65557,476562,208835,12.90602,5.65557,2021-03-31
16413,10957,27130,703308,492975,219792,90.8,19.04665,13.35051,5.9523,492975,219792,13.35051,5.9523,2021-04-01
23945,8338,32028,735336,516920,228130,90.8,19.91402,13.99898,6.17811,516920,228130,13.99898,6.17811,2021-04-02
13891,1342,15017,750353,530811,229472,84.7,20.3207,14.37517,6.21445,530811,229472,14.37517,6.21445,2021-04-03
13672,420,13927,764280,544483,229892,86.3,20.69786,14.74543,6.22582,544483,229892,14.74543,6.22582,2021-04-04
14550,918,15288,779568,559033,230810,88.0,21.11189,15.13946,6.25069,559033,230810,15.13946,6.25069,2021-04-05
18488,4164,22233,801801,577521,234974,80.4,21.71399,15.64015,6.36345,577521,234974,15.64015,6.36345,2021-04-06
28569,7698,35846,837647,606090,242672,84.0,22.68475,16.41384,6.57193,606090,242672,16.41384,6.57193,2021-04-07
23304,6813,29749,867396,629394,249485,87.0,23.4904,17.04495,6.75643,629394,249485,17.04495,6.75643,2021-04-08
21157,3902,24611,892007,650551,253387,89.5,24.1569,17.61791,6.8621,650551,253387,17.61791,6.8621,2021-04-09
11010,981,11753,903760,661561,254368,90.7,24.47519,17.91608,6.88867,661561,254368,17.91608,6.88867,2021-04-10
3490,313,3645,907405,665051,254681,91.0,24.57391,18.01059,6.89715,665051,254681,18.01059,6.89715,2021-04-11
1969,824,2624,910029,667020,255505,89.4,24.64497,18.06392,6.91946,667020,255505,18.06392,6.91946,2021-04-12
6019,2758,8494,918523,673039,258263,89.7,24.875,18.22692,6.99415,673039,258263,18.22692,6.99415,2021-04-13
15048,5694,20194,938717,688087,263957,83.9,25.42188,18.63444,7.14836,688087,263957,18.63444,7.14836,2021-04-14
15865,9139,24474,963191,703952,273096,85.8,26.08468,19.06409,7.39585,703952,273096,19.06409,7.39585,2021-04-15
22054,7550,28971,992162,726006,280646,88.4,26.86925,19.66135,7.60032,726006,280646,19.66135,7.60032,2021-04-16
18420,2631,20561,1012723,744426,283277,90.2,27.42608,20.16019,7.67157,744426,283277,20.16019,7.67157,2021-04-17
7335,1308,8367,1021090,751761,284585,90.9,27.65267,20.35883,7.70699,751761,284585,20.35883,7.70699,2021-04-18
8070,1350,9103,1030193,759831,285935,89.3,27.89919,20.57738,7.74355,759831,285935,20.57738,7.74355,2021-04-19
12574,5952,18162,1048355,772405,291887,90.9,28.39105,20.9179,7.90474,772405,291887,20.9179,7.90474,2021-04-20
17491,12787,29639,1077994,789896,304674,84.6,29.19372,21.39158,8.25103,789896,304674,21.39158,8.25103,2021-04-21
18237,18361,35769,1113763,808133,323035,86.7,30.16239,21.88547,8.74828,808133,323035,21.88547,8.74828,2021-04-22
9336,16865,25670,1139433,817469,339900,88.7,30.85758,22.1383,9.20501,817469,339900,22.1383,9.20501,2021-04-23
5987,7830,13447,1152880,823456,347730,89.7,31.22174,22.30044,9.41706,823456,347730,22.30044,9.41706,2021-04-24
8920,8682,11064,1163944,832376,356412,90.6,31.52137,22.54201,9.65218,832376,356412,22.54201,9.65218,2021-04-25
7592,6937,10149,1174093,839968,363349,89.8,31.79622,22.74761,9.84004,839968,363349,22.74761,9.84004,2021-04-26
3869,6713,10373,1184466,843837,370062,90.6,32.07714,22.85239,10.02184,843837,370062,22.85239,10.02184,2021-04-27
3809,15710,19145,1203611,847646,385772,83.8,32.59561,22.95554,10.44729,847646,385772,22.95554,10.44729,2021-04-28
19228,20804,39371,1242982,866874,406576,86.6,33.66184,23.47627,11.0107,866874,406576,23.47627,11.0107,2021-04-29
20306,20581,40241,1283223,887180,427157,89.4,34.75163,24.02618,11.56806,887180,427157,24.02618,11.56806,2021-04-30
14113,9613,23340,1306563,901293,436770,83.0,35.38371,24.40838,11.8284,901293,436770,24.40838,11.8284,2021-05-01
9211,2201,11178,1317741,910504,438971,83.7,35.68643,24.65783,11.888,910504,438971,24.65783,11.888,2021-05-02
10610,1584,11944,1329685,921114,440555,84.4,36.00989,24.94517,11.9309,921114,440555,24.94517,11.9309,2021-05-03
12860,5910,18324,1348009,933974,446465,85.6,36.50613,25.29344,12.09095,933974,446465,25.29344,12.09095,2021-05-04
15598,15297,30158,1378167,949572,461762,81.1,37.32286,25.71585,12.50522,949572,461762,25.71585,12.50522,2021-05-05
14159,17969,31429,1409596,963731,479731,83.0,38.174,26.0993,12.99184,963731,479731,26.0993,12.99184,2021-05-06
11969,22911,32166,1441762,975700,502642,83.8,39.04511,26.42344,13.61231,975700,502642,26.42344,13.61231,2021-05-07
13680,19611,29182,1470944,989380,522253,85.5,39.8354,26.79391,14.1434,989380,522253,26.79391,14.1434,2021-05-08
9671,14726,22543,1493487,999051,536979,86.8,40.4459,27.05582,14.54221,999051,536979,27.05582,14.54221,2021-05-09
15591,11894,26235,1519722,1014642,548873,88.3,41.15638,27.47805,14.86431,1014642,548873,27.47805,14.86431,2021-05-10
12482,16459,27966,1547688,1027124,565332,89.9,41.91374,27.81608,15.31005,1027124,565332,27.81608,15.31005,2021-05-11
14167,20639,34220,1581908,1041291,585971,85.7,42.84047,28.19974,15.86899,1041291,585971,28.19974,15.86899,2021-05-12
13844,22000,35193,1617101,1055135,607971,87.6,43.79355,28.57466,16.46478,1055135,607971,28.57466,16.46478,2021-05-13
20662,13489,33390,1650491,1075797,621460,88.1,44.6978,29.13422,16.83008,1075797,621460,29.13422,16.83008,2021-05-14
23466,6498,29368,1679859,1099263,627958,89.7,45.49313,29.76971,17.00606,1099263,627958,29.76971,17.00606,2021-05-15
24219,2781,26689,1706548,1123482,630739,91.1,46.21591,30.4256,17.08137,1123482,630739,30.4256,17.08137,2021-05-16
20836,9222,29775,1736323,1144318,639961,92.7,47.02227,30.98987,17.33112,1144318,639961,30.98987,17.33112,2021-05-17
20013,9082,28841,1765164,1164331,649043,94.2,47.80332,31.53185,17.57707,1164331,649043,31.53185,17.57707,2021-05-18
18909,9327,27969,1793133,1183240,658370,89.8,48.56077,32.04394,17.82966,1183240,658370,32.04394,17.82966,2021-05-19
18923,11721,29774,1822907,1202163,670091,91.3,49.36709,32.5564,18.14708,1202163,670091,32.5564,18.14708,2021-05-20
17480,12732,28946,1851853,1219643,682823,91.1,50.15099,33.02979,18.49188,1219643,682823,33.02979,18.49188,2021-05-21
21736,9399,26031,1877884,1241379,692222,92.4,50.85595,33.61843,18.74642,1241379,692222,33.61843,18.74642,2021-05-22
25875,4923,28435,1906319,1267254,697145,93.8,51.62602,34.31916,18.87975,1267254,697145,34.31916,18.87975,2021-05-23
24171,9865,33756,1940075,1291425,707010,93.6,52.54018,34.97375,19.14691,1291425,707010,34.97375,19.14691,2021-05-24
19560,14910,34196,1974271,1310985,721920,95.2,53.46626,35.50347,19.55069,1310985,721920,35.50347,19.55069,2021-05-25
20397,15472,35613,2009884,1331382,737392,91.4,54.43071,36.05585,19.9697,1331382,737392,36.05585,19.9697,2021-05-26
13498,15115,28375,2038259,1344880,752507,92.6,55.19915,36.42139,20.37903,1344880,752507,36.42139,20.37903,2021-05-27
17655,13478,30139,2068398,1362535,765985,94.0,56.01536,36.89952,20.74404,1362535,765985,36.89952,20.74404,2021-05-28
23406,13209,31577,2099975,1385941,779194,95.4,56.87051,37.53339,21.10176,1385941,779194,37.53339,21.10176,2021-05-29
21749,9786,28699,2128674,1407690,788980,94.1,57.64773,38.12238,21.36678,1407690,788980,38.12238,21.36678,2021-05-30
19503,11352,30348,2159022,1427193,800332,95.4,58.4696,38.65055,21.67421,1427193,800332,38.65055,21.67421,2021-05-31
23119,4888,26955,2185977,1450312,805220,88.8,59.19958,39.27665,21.80658,1450312,805220,39.27665,21.80658,2021-06-01
22091,6287,27601,2213578,1472403,811507,89.9,59.94706,39.87491,21.97684,1472403,811507,39.87491,21.97684,2021-06-02
27475,7775,32063,2245641,1499878,819282,91.2,60.81537,40.61898,22.1874,1499878,819282,40.61898,22.1874,2021-06-03
20529,10061,28335,2273976,1520407,829343,88.5,61.58273,41.17493,22.45987,1520407,829343,41.17493,22.45987,2021-06-04
20830,10696,28448,2302424,1541237,840039,89.6,62.35314,41.73904,22.74953,1541237,840039,41.73904,22.74953,2021-06-05
22948,6221,28317,2330741,1564185,846260,90.0,63.12001,42.36051,22.91801,1564185,846260,42.36051,22.91801,2021-06-06
31314,4861,34960,2365701,1595499,851121,91.3,64.06678,43.20854,23.04965,1595499,851121,43.20854,23.04965,2021-06-07
32111,2184,32601,2398302,1627610,853305,92.6,64.94966,44.07815,23.1088,1627610,853305,44.07815,23.1088,2021-06-08
34378,2759,34840,2433142,1661988,856064,88.0,65.89318,45.00916,23.18351,1661988,856064,45.00916,23.18351,2021-06-09
25884,3486,26442,2459584,1687872,859550,88.9,66.60927,45.71014,23.27792,1687872,859550,45.71014,23.27792,2021-06-10
25085,6857,29745,2489329,1712957,866407,89.7,67.41481,46.38948,23.46362,1712957,866407,46.38948,23.46362,2021-06-11
25010,6671,29401,2518730,1737967,873078,90.8,68.21104,47.06679,23.64428,1737967,873078,47.06679,23.64428,2021-06-12
22959,2170,24618,2543348,1760926,875248,91.7,68.87773,47.68855,23.70305,1760926,875248,47.68855,23.70305,2021-06-13
27709,4589,31817,2575165,1788635,879837,92.1,69.73938,48.43895,23.82732,1788635,879837,48.43895,23.82732,2021-06-14
26643,5089,31216,2606381,1815278,884926,93.2,70.58476,49.16049,23.96514,1815278,884926,49.16049,23.96514,2021-06-15
26599,6419,31783,2638164,1841877,891345,87.5,71.44549,49.88083,24.13898,1841877,891345,49.88083,24.13898,2021-06-16
27036,6920,32592,2670756,1868913,898265,88.6,72.32813,50.613,24.32638,1868913,898265,50.613,24.32638,2021-06-17
25404,6502,30808,2701564,1894317,904767,89.6,73.16246,51.30098,24.50247,1894317,904767,51.30098,24.50247,2021-06-18
21725,5375,26514,2728078,1916042,910142,90.5,73.8805,51.88933,24.64803,1916042,910142,51.88933,24.64803,2021-06-19
15658,10033,25180,2753258,1931700,920175,90.1,74.56241,52.31337,24.91974,1931700,920175,52.31337,24.91974,2021-06-20
18405,13111,31199,2784457,1950105,933286,91.1,75.40733,52.81181,25.2748,1950105,933286,52.81181,25.2748,2021-06-21
22834,8666,31049,2815506,1972939,941952,92.2,76.24818,53.43019,25.50949,1972939,941952,53.43019,25.50949,2021-06-22
20172,12040,31554,2847060,1993111,953992,86.1,77.10271,53.97647,25.83555,1993111,953992,53.97647,25.83555,2021-06-23
19702,10544,29449,2876509,2012813,964536,86.5,77.90023,54.51003,26.1211,2012813,964536,54.51003,26.1211,2021-06-24
12393,21703,33635,2910144,2025206,986239,87.5,78.81112,54.84566,26.70885,2025206,986239,54.84566,26.70885,2021-06-25
10224,24591,34569,2944713,2035430,1010830,87.7,79.7473,55.12254,27.37481,2035430,1010830,55.12254,27.37481,2021-06-26
6047,27393,33302,2978015,2041477,1038223,88.7,80.64917,55.2863,28.11666,2041477,1038223,55.2863,28.11666,2021-06-27
8605,29306,37697,3015712,2050082,1067529,89.8,81.67006,55.51934,28.91031,2050082,1067529,55.51934,28.91031,2021-06-28
8138,29145,37044,3052756,2058220,1096674,90.9,82.67327,55.73972,29.6996,2058220,1096674,55.73972,29.6996,2021-06-29
8679,30040,38270,3091026,2066899,1126714,86.4,83.70968,55.97477,30.51313,2066899,1126714,55.97477,30.51313,2021-06-30
10998,21600,32063,3123089,2077897,1148314,87.3,84.578,56.27261,31.09809,2077897,1148314,56.27261,31.09809,2021-07-01
11108,17771,28304,3151393,2089005,1166085,86.6,85.34451,56.57343,31.57935,2089005,1166085,56.57343,31.57935,2021-07-02
12248,17563,29412,3180805,2101253,1183648,87.4,86.14103,56.90512,32.05499,2101253,1183648,56.90512,32.05499,2021-07-03
9652,22287,31527,3212332,2110905,1205935,86.4,86.99483,57.16651,32.65855,2110905,1205935,57.16651,32.65855,2021-07-04
10567,20597,30518,3242850,2121472,1226532,87.2,87.82131,57.45269,33.21635,2121472,1226532,57.45269,33.21635,2021-07-05
11263,14983,25789,3268639,2132735,1241515,87.9,88.51971,57.7577,33.62211,2132735,1241515,57.7577,33.62211,2021-07-06
9525,16517,25640,3294279,2142260,1258032,85.9,89.21408,58.01566,34.06942,2142260,1258032,58.01566,34.06942,2021-07-07
9495,12291,21079,3315358,2151755,1270323,86.4,89.78493,58.27279,34.40228,2151755,1270323,58.27279,34.40228,2021-07-08
7883,21598,29124,3344482,2159638,1291921,87.2,90.57365,58.48628,34.98718,2159638,1291921,58.48628,34.98718,2021-07-09
8142,21512,29306,3373788,2167780,1313433,87.3,91.36731,58.70678,35.56976,2167780,1313433,58.70678,35.56976,2021-07-10
9340,17442,26174,3399962,2177120,1330875,88.0,92.07614,58.95972,36.04212,2177120,1330875,58.95972,36.04212,2021-07-11
9960,18613,28266,3428228,2187080,1349488,88.7,92.84162,59.22945,36.54619,2187080,1349488,59.22945,36.54619,2021-07-12
7883,21770,29331,3457559,2194963,1371258,89.5,93.63595,59.44293,37.13575,2194963,1371258,59.44293,37.13575,2021-07-13
8854,20400,28909,3486468,2203817,1391658,87.5,94.41885,59.68271,37.68821,2203817,1391658,59.68271,37.68821,2021-07-14
8324,23442,31242,3517710,2212141,1415100,88.3,95.26493,59.90814,38.32306,2212141,1415100,59.90814,38.32306,2021-07-15
7947,20521,27665,3545375,2220088,1435621,89.0,96.01414,60.12336,38.8788,2220088,1435621,60.12336,38.8788,2021-07-16
9198,18990,27740,3573115,2229286,1454611,89.7,96.76538,60.37245,39.39308,2229286,1454611,60.37245,39.39308,2021-07-17
8544,22032,30367,3603482,2237830,1476643,89.8,97.58777,60.60384,39.98974,2237830,1476643,60.60384,39.98974,2021-07-18
9105,29255,38025,3641507,2246935,1505898,90.7,98.61754,60.85041,40.78201,2246935,1505898,60.85041,40.78201,2021-07-19
8161,29477,37322,3678829,2255096,1535375,90.9,99.62828,61.07143,41.58029,2255096,1535375,61.07143,41.58029,2021-07-20
7576,31279,38484,3717313,2262672,1566654,89.2,100.67048,61.2766,42.42737,2262672,1566654,61.2766,42.42737,2021-07-21
4653,35084,39378,3756691,2267325,1601738,90.2,101.7369,61.40261,43.3775,2267325,1601738,61.40261,43.3775,2021-07-22
4543,34135,38438,3795129,2271868,1635873,91.1,102.77786,61.52564,44.30193,2271868,1635873,61.52564,44.30193,2021-07-23
7079,31605,38434,3833563,2278947,1667478,92.0,103.81871,61.71735,45.15784,2278947,1667478,61.71735,45.15784,2021-07-24
7232,26861,33909,3867472,2286179,1694339,92.8,104.73702,61.9132,45.88527,2286179,1694339,61.9132,45.88527,2021-07-25
10385,28436,38255,3905727,2296564,1722775,93.0,105.77302,62.19444,46.65536,2296564,1722775,62.19444,46.65536,2021-07-26
11610,27588,38684,3944411,2308174,1750363,94.0,106.82064,62.50886,47.40249,2308174,1750363,62.50886,47.40249,2021-07-27
12441,26664,38546,3982957,2320615,1777027,91.6,107.86453,62.84578,48.12459,2320615,1777027,62.84578,48.12459,2021-07-28
12941,27105,39368,4022325,2333556,1804132,92.5,108.93067,63.19624,48.85864,2333556,1804132,63.19624,48.85864,2021-07-29
11136,27639,37873,4060198,2344692,1831771,93.3,109.95633,63.49782,49.60714,2344692,1831771,63.49782,49.60714,2021-07-30
12815,23733,35818,4096016,2357507,1855504,94.2,110.92634,63.84487,50.24987,2357507,1855504,63.84487,50.24987,2021-07-31
14269,16465,29906,4125922,2371776,1871969,94.9,111.73624,64.2313,50.69576,2371776,1871969,64.2313,50.69576,2021-08-01
13743,22680,35289,4161211,2385519,1894649,95.0,112.69192,64.60348,51.30997,2385519,1894649,64.60348,51.30997,2021-08-02
12527,24601,36315,4197526,2398046,1919250,95.8,113.67538,64.94273,51.97621,2398046,1919250,64.94273,51.97621,2021-08-03
11721,23874,34758,4232284,2409767,1943124,93.9,114.61668,65.26015,52.62275,2409767,1943124,65.26015,52.62275,2021-08-04
12452,23106,34651,4266935,2422219,1966230,94.7,115.55508,65.59737,53.2485,2422219,1966230,65.59737,53.2485,2021-08-05
15801,18304,32923,4299858,2438020,1984534,95.4,116.44669,66.02529,53.7442,2438020,1984534,66.02529,53.7442,2021-08-06
14680,16377,30426,4330284,2452700,2000911,96.1,117.27067,66.42284,54.18771,2452700,2000911,66.42284,54.18771,2021-08-07
15091,10540,25003,4355287,2467791,2011451,95.9,117.94779,66.83153,54.47315,2467791,2011451,66.83153,54.47315,2021-08-08
19201,11075,28946,4384233,2486992,2022526,96.5,118.73169,67.35152,54.77308,2486992,2022526,67.35152,54.77308,2021-08-09
16980,9751,25892,4410125,2503972,2032277,97.1,119.43289,67.81137,55.03715,2503972,2032277,67.81137,55.03715,2021-08-10
17588,10420,26942,4437067,2521560,2042697,95.1,120.16252,68.28768,55.31934,2521560,2042697,68.28768,55.31934,2021-08-11
14935,11908,25806,4462873,2536495,2054605,95.3,120.86138,68.69214,55.64183,2536495,2054605,68.69214,55.64183,2021-08-12
11785,11875,22983,4485856,2548280,2066480,95.0,121.4838,69.01129,55.96342,2548280,2066480,69.01129,55.96342,2021-08-13
10850,11952,22338,4508194,2559130,2078432,95.5,122.08874,69.30513,56.2871,2559130,2078432,69.30513,56.2871,2021-08-14
5409,9401,14627,4522821,2564539,2087833,95.8,122.48486,69.45161,56.54169,2564539,2087833,69.45161,56.54169,2021-08-15
17268,13510,29944,4552765,2581807,2101343,96.4,123.29579,69.91926,56.90756,2581807,2101343,69.91926,56.90756,2021-08-16
11830,14998,25803,4578568,2593637,2116341,96.7,123.99458,70.23963,57.31373,2593637,2116341,70.23963,57.31373,2021-08-17
9011,9266,17654,4596222,2602648,2125607,91.1,124.47268,70.48366,57.56467,2602648,2125607,70.48366,57.56467,2021-08-18
0,0,0,4596222,2602648,2125607,91.1,124.47268,70.48366,57.56467,2602648,2125607,70.48366,57.56467,2021-08-19
