delta_1d,delta_2d,delta_all,sum_doses,sum_1d,sum_2d,perc_doses,perc_inh_tot,perc_inh_1d,perc_inh_2d,sum_monotone_1d,sum_monotone_2d,perc_inh_monotone_1d,perc_inh_monotone_2d,date
0,0,0,0,0,0,0,0,0,0,0,0,0,0,2020-12-26
629,1,629,629,629,1,101.5,0.01703,0.01703,3e-05,629,1,0.01703,3e-05,2020-12-27
0,0,0,629,629,1,101.5,0.01703,0.01703,3e-05,629,1,0.01703,3e-05,2020-12-28
0,0,0,629,629,1,101.5,0.01703,0.01703,3e-05,629,1,0.01703,3e-05,2020-12-29
327,0,327,956,956,1,6.3,0.02589,0.02589,3e-05,956,1,0.02589,3e-05,2020-12-30
804,4,804,1760,1760,5,6.3,0.04766,0.04766,0.00014,1760,5,0.04766,0.00014,2020-12-31
2409,2,2409,4169,4169,7,14.9,0.1129,0.1129,0.00019,4169,7,0.1129,0.00019,2021-01-01
3548,8,3548,7717,7717,15,27.6,0.20899,0.20899,0.00041,7717,15,0.20899,0.00041,2021-01-02
3365,4,3365,11082,11082,19,39.7,0.30012,0.30012,0.00051,11082,19,0.30012,0.00051,2021-01-03
5241,13,5241,16323,16323,32,58.5,0.44205,0.44205,0.00087,16323,32,0.44205,0.00087,2021-01-04
5386,12,5386,21709,21709,44,68.2,0.58791,0.58791,0.00119,21709,44,0.58791,0.00119,2021-01-05
4615,0,4615,26324,26324,44,82.7,0.71289,0.71289,0.00119,26324,44,0.71289,0.00119,2021-01-06
6182,5,6182,32506,32506,49,62.2,0.88031,0.88031,0.00133,32506,49,0.88031,0.00133,2021-01-07
6068,3,6068,38574,38574,52,73.8,1.04464,1.04464,0.00141,38574,52,1.04464,0.00141,2021-01-08
4542,4,4542,43116,43116,56,82.4,1.16765,1.16765,0.00152,43116,56,1.16765,0.00152,2021-01-09
3037,3,3037,46153,46153,59,88.3,1.24989,1.24989,0.0016,46153,59,1.24989,0.0016,2021-01-10
5184,12,5184,51337,51337,71,98.2,1.39028,1.39028,0.00192,51337,71,1.39028,0.00192,2021-01-11
3631,5,3631,54968,54968,76,68.2,1.48862,1.48862,0.00206,54968,76,1.48862,0.00206,2021-01-12
4128,35,4128,59096,59096,111,68.8,1.60041,1.60041,0.00301,59096,111,1.60041,0.00301,2021-01-13
3286,2,3286,62382,62382,113,72.6,1.6894,1.6894,0.00306,62382,113,1.6894,0.00306,2021-01-14
3917,5,3917,66299,66299,118,77.2,1.79548,1.79548,0.0032,66299,118,1.79548,0.0032,2021-01-15
3299,4,3299,69598,69598,122,81.1,1.88482,1.88482,0.0033,69598,122,1.88482,0.0033,2021-01-16
2029,518,2543,72141,71627,640,84.0,1.95369,1.93977,0.01733,71627,640,1.93977,0.01733,2021-01-17
1029,99,1127,73268,72656,739,80.9,1.98421,1.96763,0.02001,72656,739,1.96763,0.02001,2021-01-18
1119,0,1119,74387,73775,739,82.2,2.01451,1.99794,0.02001,73775,739,1.99794,0.02001,2021-01-19
1095,252,1345,75732,74870,991,77.6,2.05094,2.02759,0.02684,74870,991,2.02759,0.02684,2021-01-20
871,722,1593,77325,75741,1713,73.9,2.09408,2.05118,0.04639,75741,1713,2.05118,0.04639,2021-01-21
530,2339,2869,80194,76271,4052,76.7,2.17178,2.06553,0.10973,76271,4052,2.06553,0.10973,2021-01-22
647,3335,3982,84176,76918,7387,80.5,2.27961,2.08306,0.20005,76918,7387,2.08306,0.20005,2021-01-23
199,3150,3349,87525,77117,10537,83.7,2.37031,2.08845,0.28536,77117,10537,2.08845,0.28536,2021-01-24
247,4891,5137,92662,77364,15428,88.6,2.50943,2.09513,0.41781,77364,15428,2.09513,0.41781,2021-01-25
221,5181,5402,98064,77585,20609,76.6,2.65572,2.10112,0.55812,77585,20609,2.10112,0.55812,2021-01-26
204,4633,4837,102901,77789,25242,76.9,2.78672,2.10664,0.68359,77789,25242,2.10664,0.68359,2021-01-27
357,5936,6291,109192,78146,31178,81.6,2.95709,2.11631,0.84435,78146,31178,2.11631,0.84435,2021-01-28
299,5854,6153,115345,78445,37032,86.2,3.12372,2.12441,1.00288,78445,37032,2.12441,1.00288,2021-01-29
191,4438,4629,119974,78636,41470,89.6,3.24908,2.12958,1.12307,78636,41470,2.12958,1.12307,2021-01-30
103,2949,3052,123026,78739,44419,91.9,3.33173,2.13237,1.20293,78739,44419,2.13237,1.20293,2021-01-31
531,4996,5526,128552,79270,49415,93.2,3.48138,2.14675,1.33823,79270,49415,2.14675,1.33823,2021-02-01
193,3552,3744,132296,79463,52967,78.0,3.58278,2.15198,1.43443,79463,52967,2.15198,1.43443,2021-02-02
242,3987,4229,136525,79705,56954,80.5,3.6973,2.15853,1.5424,79705,56954,2.15853,1.5424,2021-02-03
969,3296,4265,140790,80674,60250,83.0,3.81281,2.18477,1.63166,80674,60250,2.18477,1.63166,2021-02-04
1939,3836,5773,146563,82613,64086,86.5,3.96915,2.23729,1.73555,82613,64086,2.23729,1.73555,2021-02-05
1303,3239,4541,151104,83916,67325,89.1,4.09213,2.27257,1.82326,83916,67325,2.27257,1.82326,2021-02-06
891,1932,2818,153922,84807,69257,90.8,4.16844,2.2967,1.87558,84807,69257,2.2967,1.87558,2021-02-07
3674,467,4133,158055,88481,69724,93.2,4.28037,2.3962,1.88823,88481,69724,2.3962,1.88823,2021-02-08
3923,622,4534,162589,92404,70346,75.1,4.40316,2.50244,1.90508,92404,70346,2.50244,1.90508,2021-02-09
3789,540,4317,166906,96193,70886,77.1,4.52007,2.60505,1.9197,96193,70886,2.60505,1.9197,2021-02-10
5187,293,5429,172335,101380,71179,79.6,4.66709,2.74552,1.92764,101380,71179,2.74552,1.92764,2021-02-11
7472,281,7685,180020,108852,71460,83.1,4.87522,2.94788,1.93525,108852,71460,2.94788,1.93525,2021-02-12
7643,322,7870,187890,116495,71782,76.9,5.08835,3.15486,1.94397,116495,71782,3.15486,1.94397,2021-02-13
8954,196,9064,196954,125449,71978,80.6,5.33381,3.39735,1.94927,125449,71978,3.39735,1.94927,2021-02-14
8038,944,8867,205821,133487,72922,84.3,5.57395,3.61503,1.97484,133487,72922,3.61503,1.97484,2021-02-15
8651,859,9373,215194,142138,73781,85.3,5.82778,3.84931,1.9981,142138,73781,3.84931,1.9981,2021-02-16
7477,847,8232,223426,149615,74628,88.5,6.05072,4.0518,2.02104,149615,74628,4.0518,2.02104,2021-02-17
7976,1035,8880,232306,157591,75663,80.5,6.2912,4.2678,2.04907,157591,75663,4.2678,2.04907,2021-02-18
7839,635,8354,240660,165430,76298,75.2,6.51744,4.4801,2.06627,165430,76298,4.4801,2.06627,2021-02-19
4188,595,4725,245385,169618,76893,76.7,6.6454,4.59351,2.08238,169618,76893,4.59351,2.08238,2021-02-20
4997,251,5167,250552,174615,77144,78.3,6.78533,4.72884,2.08918,174615,77144,4.72884,2.08918,2021-02-21
9614,517,9891,260443,184229,77661,81.4,7.05319,4.9892,2.10318,184229,77661,4.9892,2.10318,2021-02-22
7593,430,7760,268203,191822,78091,73.6,7.26334,5.19483,2.11482,191822,78091,5.19483,2.11482,2021-02-23
10211,342,10411,278614,202033,78433,76.4,7.54529,5.47136,2.12408,202033,78433,5.47136,2.12408,2021-02-24
9654,1155,10649,289263,211687,79588,79.4,7.83368,5.73281,2.15536,211687,79588,5.73281,2.15536,2021-02-25
8896,1396,10107,299370,220583,80984,82.1,8.10739,5.97372,2.19317,220583,80984,5.97372,2.19317,2021-02-26
1097,945,2000,301370,221680,81929,77.1,8.16156,6.00343,2.21876,221680,81929,6.00343,2.21876,2021-02-27
938,767,1665,303035,222618,82696,77.5,8.20665,6.02883,2.23953,222618,82696,6.02883,2.23953,2021-02-28
832,3710,4476,307511,223450,86406,76.7,8.32787,6.05137,2.34001,223450,86406,6.05137,2.34001,2021-03-01
7156,3559,10603,318114,230606,89965,71.1,8.61501,6.24516,2.43639,230606,89965,6.24516,2.43639,2021-03-02
14623,3728,18235,336349,245229,93693,75.1,9.10884,6.64117,2.53735,245229,93693,6.64117,2.53735,2021-03-03
14821,3253,17900,354249,260050,96946,79.1,9.5936,7.04255,2.62544,260050,96946,7.04255,2.62544,2021-03-04
12141,4975,16903,371152,272191,101921,82.8,10.05136,7.37135,2.76018,272191,101921,7.37135,2.76018,2021-03-05
2937,4277,7141,378293,275128,106198,84.4,10.24475,7.45088,2.876,275128,106198,7.45088,2.876,2021-03-06
2112,3659,5658,383951,277240,109857,85.7,10.39798,7.50808,2.97509,277240,109857,7.50808,2.97509,2021-03-07
1912,4869,6743,390694,279152,114726,87.1,10.58059,7.55986,3.10695,279152,114726,7.55986,3.10695,2021-03-08
5621,5653,11186,401880,284773,120379,80.5,10.88352,7.71209,3.26005,284773,120379,7.71209,3.26005,2021-03-09
14437,4078,18429,420309,299210,124457,77.8,11.38261,8.10306,3.37048,299210,124457,8.10306,3.37048,2021-03-10
12687,3550,16059,436368,311897,128007,80.7,11.81751,8.44664,3.46662,311897,128007,8.44664,3.46662,2021-03-11
13523,3737,17057,453425,325420,131744,83.8,12.27944,8.81287,3.56783,325420,131744,8.81287,3.56783,2021-03-12
5346,4136,9315,462740,330766,135880,83.2,12.5317,8.95765,3.67984,330766,135880,8.95765,3.67984,2021-03-13
3259,4036,7194,469934,334025,139916,84.5,12.72653,9.0459,3.78914,334025,139916,9.0459,3.78914,2021-03-14
4257,4633,8707,478641,338282,144549,78.8,12.96233,9.16119,3.91461,338282,144549,9.16119,3.91461,2021-03-15
2665,2342,4925,483566,340947,146891,79.7,13.0957,9.23336,3.97803,340947,146891,9.23336,3.97803,2021-03-16
6922,4608,11452,495018,347869,151499,81.5,13.40584,9.42082,4.10282,347869,151499,9.42082,4.10282,2021-03-17
6008,4125,10005,505023,353877,155624,83.2,13.67679,9.58353,4.21453,353877,155624,9.58353,4.21453,2021-03-18
7286,3043,10178,515201,361163,158667,84.9,13.95243,9.78084,4.29694,361163,158667,9.78084,4.29694,2021-03-19
5456,1230,6595,521796,366619,159897,85.9,14.13103,9.9286,4.33025,366619,159897,9.9286,4.33025,2021-03-20
1865,1483,3299,525095,368484,161380,86.5,14.22037,9.97911,4.37042,368484,161380,9.97911,4.37042,2021-03-21
4822,586,5271,530366,373306,161966,77.8,14.36312,10.10969,4.38629,373306,161966,10.10969,4.38629,2021-03-22
7159,2457,9446,539812,380465,164423,79.2,14.61893,10.30357,4.45282,380465,164423,10.30357,4.45282,2021-03-23
10568,9639,20061,559873,391033,174062,82.1,15.16221,10.58977,4.71386,391033,174062,10.58977,4.71386,2021-03-24
15587,8673,24011,583884,406620,182735,83.5,15.81247,11.01189,4.94874,406620,182735,11.01189,4.94874,2021-03-25
14929,6020,20762,604646,421549,188755,86.5,16.37473,11.41619,5.11177,421549,188755,11.41619,5.11177,2021-03-26
8659,355,8875,613521,430208,189110,87.7,16.61508,11.65069,5.12139,430208,189110,11.65069,5.12139,2021-03-27
5961,326,6214,619735,436169,189436,88.6,16.78337,11.81212,5.13021,436169,189436,11.81212,5.13021,2021-03-28
9341,490,9689,629424,445510,189926,81.3,17.04576,12.06509,5.14348,445510,189926,12.06509,5.14348,2021-03-29
13472,3769,17050,646474,458982,193695,83.5,17.5075,12.42993,5.24555,458982,193695,12.42993,5.24555,2021-03-30
20551,12612,32824,679298,479533,206307,87.7,18.39642,12.98648,5.58711,479533,206307,12.98648,5.58711,2021-03-31
16438,10950,27188,706486,495971,217257,91.2,19.13271,13.43165,5.88365,495971,217257,13.43165,5.88365,2021-04-01
23941,8327,32031,738517,519912,225584,91.2,20.00016,14.08001,6.10916,519912,225584,14.08001,6.10916,2021-04-02
13903,1322,15024,753541,533815,226906,85.1,20.40704,14.45652,6.14496,533815,226906,14.45652,6.14496,2021-04-03
13676,436,13931,767472,547491,227342,86.7,20.78431,14.82689,6.15677,547491,227342,14.82689,6.15677,2021-04-04
14553,913,15289,782761,562044,228255,88.4,21.19836,15.22101,6.18149,562044,228255,15.22101,6.18149,2021-04-05
18515,4166,22261,805022,580559,232421,80.8,21.80122,15.72242,6.29431,580559,232421,15.72242,6.29431,2021-04-06
28584,7670,35865,840887,609143,240091,84.3,22.7725,16.49652,6.50203,609143,240091,16.49652,6.50203,2021-04-07
23379,6754,29836,870723,632522,246845,87.3,23.5805,17.12966,6.68494,632522,246845,17.12966,6.68494,2021-04-08
21174,3812,24618,895341,653696,250657,89.8,24.24719,17.70308,6.78817,653696,250657,17.70308,6.78817,2021-04-09
10981,936,11723,907064,664677,251593,91.0,24.56467,18.00046,6.81352,664677,251593,18.00046,6.81352,2021-04-10
3486,292,3642,910706,668163,251885,91.3,24.6633,18.09487,6.82143,668163,251885,18.09487,6.82143,2021-04-11
1982,807,2638,913344,670145,252692,89.7,24.73474,18.14854,6.84328,670145,252692,18.14854,6.84328,2021-04-12
6023,2725,8506,921850,676168,255417,90.1,24.9651,18.31166,6.91708,676168,255417,18.31166,6.91708,2021-04-13
15077,5610,20212,942062,691245,261027,84.2,25.51247,18.71996,7.06901,691245,261027,18.71996,7.06901,2021-04-14
15904,9076,24533,966595,707149,270103,86.1,26.17686,19.15067,7.3148,707149,270103,19.15067,7.3148,2021-04-15
22082,7484,29030,995625,729231,277587,88.7,26.96304,19.74868,7.51748,729231,277587,19.74868,7.51748,2021-04-16
18446,2578,20594,1016219,747677,280165,90.5,27.52075,20.24823,7.58729,747677,280165,20.24823,7.58729,2021-04-17
7337,1274,8376,1024595,755014,281439,91.3,27.74759,20.44693,7.6218,755014,281439,20.44693,7.6218,2021-04-18
8077,1281,9111,1033706,763091,282720,89.6,27.99433,20.66566,7.65649,763091,282720,20.66566,7.65649,2021-04-19
12576,5909,18170,1051876,775667,288629,91.2,28.4864,21.00624,7.81651,775667,288629,21.00624,7.81651,2021-04-20
17488,12695,29652,1081528,793155,301324,84.9,29.28942,21.47984,8.16031,793155,301324,21.47984,8.16031,2021-04-21
18240,18274,35811,1117339,811395,319598,87.0,30.25924,21.97381,8.6552,811395,319598,21.97381,8.6552,2021-04-22
9335,16861,25745,1143084,820730,336459,89.0,30.95645,22.22662,9.11182,820730,336459,22.22662,9.11182,2021-04-23
5991,7784,13461,1156545,826721,344243,90.0,31.321,22.38886,9.32262,826721,344243,22.38886,9.32262,2021-04-24
8922,8666,11070,1167615,835643,352909,90.9,31.62079,22.63048,9.55731,835643,352909,22.63048,9.55731,2021-04-25
7589,6917,10149,1177764,843232,359826,90.1,31.89564,22.836,9.74463,843232,359826,22.836,9.74463,2021-04-26
3869,6696,10381,1188145,847101,366522,90.9,32.17677,22.94078,9.92597,847101,366522,22.94078,9.92597,2021-04-27
3803,15692,19150,1207295,850904,382214,84.1,32.69538,23.04377,10.35094,850904,382214,23.04377,10.35094,2021-04-28
19225,20812,39440,1246735,870129,403026,86.8,33.76348,23.56442,10.91456,870129,403026,23.56442,10.91456,2021-04-29
20300,20583,40277,1287012,890429,423609,89.6,34.85424,24.11417,11.47198,890429,423609,24.11417,11.47198,2021-04-30
14111,9573,23343,1310355,904540,433182,83.2,35.4864,24.49632,11.73123,904540,433182,24.49632,11.73123,2021-05-01
9214,2189,11185,1321540,913754,435371,83.9,35.78931,24.74585,11.79051,913754,435371,24.74585,11.79051,2021-05-02
10610,1531,11957,1333497,924364,436902,84.7,36.11312,25.03318,11.83197,924364,436902,25.03318,11.83197,2021-05-03
12860,5811,18333,1351830,937224,442713,85.8,36.60961,25.38145,11.98934,937224,442713,25.38145,11.98934,2021-05-04
15592,15181,30179,1382009,952816,457894,81.3,37.4269,25.80371,12.40047,952816,457894,25.80371,12.40047,2021-05-05
14154,17865,31470,1413479,966970,475759,83.2,38.27916,26.18702,12.88428,966970,475759,26.18702,12.88428,2021-05-06
11960,22888,32225,1445704,978930,498647,84.0,39.15186,26.51091,13.50412,978930,498647,26.51091,13.50412,2021-05-07
13663,19519,29207,1474911,992593,518166,85.7,39.94283,26.88093,14.03272,992593,518166,26.88093,14.03272,2021-05-08
9678,14663,22570,1497481,1002271,532829,87.0,40.55406,27.14302,14.42982,1002271,532829,27.14302,14.42982,2021-05-09
15602,11826,26263,1523744,1017873,544655,88.5,41.2653,27.56555,14.75008,1017873,544655,27.56555,14.75008,2021-05-10
12477,16380,27977,1551721,1030350,561035,90.2,42.02296,27.90344,15.19368,1030350,561035,27.90344,15.19368,2021-05-11
14179,20570,34246,1585967,1044529,581605,86.0,42.9504,28.28743,15.75075,1044529,581605,28.28743,15.75075,2021-05-12
13840,21903,35238,1621205,1058369,603508,87.9,43.90469,28.66224,16.34391,1058369,603508,28.66224,16.34391,2021-05-13
20668,13369,33434,1654639,1079037,616877,88.4,44.81014,29.22196,16.70597,1079037,616877,29.22196,16.70597,2021-05-14
23474,6340,29390,1684029,1102511,623217,89.9,45.60606,29.85767,16.87766,1102511,623217,29.85767,16.87766,2021-05-15
24225,2739,26699,1710728,1126736,625956,91.3,46.32911,30.51372,16.95184,1126736,625956,30.51372,16.95184,2021-05-16
20842,9211,29802,1740530,1147578,635167,92.9,47.1362,31.07816,17.20129,1147578,635167,31.07816,17.20129,2021-05-17
20022,9060,28869,1769399,1167600,644227,94.5,47.91801,31.62038,17.44665,1167600,644227,31.62038,17.44665,2021-05-18
18912,9306,27997,1797396,1186512,653533,90.0,48.67621,32.13255,17.69867,1186512,653533,32.13255,17.69867,2021-05-19
18927,11706,29796,1827192,1205439,665239,91.5,49.48314,32.64512,18.01568,1205439,665239,32.64512,18.01568,2021-05-20
17486,12719,28975,1856167,1222925,677958,91.3,50.26782,33.11867,18.36013,1222925,677958,33.11867,18.36013,2021-05-21
21740,9380,26043,1882210,1244665,687338,92.6,50.97311,33.70742,18.61416,1244665,687338,33.70742,18.61416,2021-05-22
25888,4907,28454,1910664,1270553,692245,94.0,51.74368,34.40851,18.74705,1270553,692245,34.40851,18.74705,2021-05-23
24189,9850,33784,1944448,1294742,702095,93.8,52.65861,35.06358,19.0138,1294742,702095,35.06358,19.0138,2021-05-24
19569,14927,34223,1978671,1314311,717022,95.4,53.58542,35.59354,19.41805,1314311,717022,35.59354,19.41805,2021-05-25
20411,15491,35640,2014311,1334722,732513,91.6,54.5506,36.1463,19.83757,1334722,732513,36.1463,19.83757,2021-05-26
13508,15110,28399,2042710,1348230,747623,92.8,55.31969,36.51212,20.24677,1348230,747623,36.51212,20.24677,2021-05-27
17667,13511,30179,2072889,1365897,761134,94.2,56.13698,36.99057,20.61267,1365897,761134,36.99057,20.61267,2021-05-28
23421,13193,31602,2104491,1389318,774327,95.6,56.99281,37.62484,20.96995,1389318,774327,37.62484,20.96995,2021-05-29
21762,9792,28723,2133214,1411080,784119,94.3,57.77068,38.21419,21.23513,1411080,784119,38.21419,21.23513,2021-05-30
19525,11353,30384,2163598,1430605,795472,95.6,58.59352,38.74296,21.54259,1430605,795472,38.74296,21.54259,2021-05-31
23145,4885,26986,2190584,1453750,800357,89.0,59.32434,39.36976,21.67488,1453750,800357,39.36976,21.67488,2021-06-01
22123,6280,27642,2218226,1475873,806637,90.1,60.07293,39.96888,21.84496,1475873,806637,39.96888,21.84496,2021-06-02
27482,7766,32077,2250303,1503355,814403,91.4,60.94162,40.71314,22.05527,1503355,814403,40.71314,22.05527,2021-06-03
20555,10087,28384,2278687,1523910,824490,88.7,61.71031,41.2698,22.32844,1523910,824490,41.2698,22.32844,2021-06-04
20837,10705,28464,2307151,1544747,835195,89.8,62.48115,41.8341,22.61835,1544747,835195,41.8341,22.61835,2021-06-05
22963,6245,28353,2335504,1567710,841440,90.2,63.249,42.45597,22.78747,1567710,841440,42.45597,22.78747,2021-06-06
31328,4904,35001,2370505,1599038,846344,91.5,64.19688,43.30438,22.92028,1599038,846344,43.30438,22.92028,2021-06-07
32130,2217,32631,2403136,1631168,848561,92.8,65.08057,44.17451,22.98032,1631168,848561,44.17451,22.98032,2021-06-08
34427,2808,34894,2438030,1665595,851369,88.2,66.02556,45.10684,23.05637,1665595,851369,45.10684,23.05637,2021-06-09
25913,3535,26476,2464506,1691508,854904,89.1,66.74257,45.80861,23.1521,1691508,854904,45.80861,23.1521,2021-06-10
25115,6932,29781,2494287,1716623,861836,89.9,67.54908,46.48876,23.33983,1716623,861836,46.48876,23.33983,2021-06-11
25026,6692,29419,2523706,1741649,868528,90.9,68.34579,47.1665,23.52106,1741649,868528,47.1665,23.52106,2021-06-12
22965,2226,24629,2548335,1764614,870754,91.8,69.01278,47.78843,23.58134,1764614,870754,47.78843,23.58134,2021-06-13
27748,4629,31859,2580194,1792362,875383,92.3,69.87557,48.53989,23.7067,1792362,875383,48.53989,23.7067,2021-06-14
26677,5133,31260,2611454,1819039,880516,93.4,70.72214,49.26234,23.84571,1819039,880516,49.26234,23.84571,2021-06-15
26629,6476,31824,2643278,1845668,886992,87.7,71.58398,49.98349,24.02109,1845668,886992,49.98349,24.02109,2021-06-16
27076,7003,32648,2675926,1872744,893995,88.8,72.46814,50.71675,24.21074,1872744,893995,50.71675,24.21074,2021-06-17
25433,6588,30851,2706777,1898177,900583,89.8,73.30363,51.40552,24.38916,1898177,900583,51.40552,24.38916,2021-06-18
21740,5437,26539,2733316,1919917,906020,90.7,74.02235,51.99427,24.5364,1919917,906020,51.99427,24.5364,2021-06-19
15665,10098,25200,2758516,1935582,916118,90.3,74.7048,52.4185,24.80987,1935582,916118,52.4185,24.80987,2021-06-20
18404,13209,31228,2789744,1953986,929327,91.3,75.55051,52.91691,25.16759,1953986,929327,52.91691,25.16759,2021-06-21
22851,8785,31083,2820827,1976837,938112,92.3,76.39228,53.53575,25.4055,1976837,938112,53.53575,25.4055,2021-06-22
20190,12158,31607,2852434,1997027,950270,86.3,77.24825,54.08253,25.73476,1997027,950270,54.08253,25.73476,2021-06-23
19729,10663,29490,2881924,2016756,960933,86.7,78.04688,54.61682,26.02353,2016756,960933,54.61682,26.02353,2021-06-24
12386,21820,33677,2915601,2029142,982753,87.7,78.95891,54.95225,26.61444,2029142,982753,54.95225,26.61444,2021-06-25
10208,24705,34609,2950210,2039350,1007458,87.9,79.89617,55.2287,27.28349,2039350,1007458,55.2287,27.28349,2021-06-26
6042,27449,33328,2983538,2045392,1034907,88.9,80.79874,55.39232,28.02685,2045392,1034907,55.39232,28.02685,2021-06-27
8605,29401,37728,3021266,2053997,1064308,90.0,81.82047,55.62536,28.82308,2053997,1064308,55.62536,28.82308,2021-06-28
8132,29268,37087,3058353,2062129,1093576,91.1,82.82485,55.84559,29.6157,2062129,1093576,55.84559,29.6157,2021-06-29
8679,30139,38320,3096673,2070808,1123715,86.6,83.86261,56.08063,30.43191,2070808,1123715,56.08063,30.43191,2021-06-30
11005,21744,32114,3128787,2081813,1145459,87.4,84.73231,56.37866,31.02077,2081813,1145459,56.37866,31.02077,2021-07-01
11119,17846,28338,3157125,2092932,1163305,86.8,85.49974,56.67978,31.50407,2092932,1163305,56.67978,31.50407,2021-07-02
12280,17644,29474,3186599,2105212,1180949,87.6,86.29794,57.01234,31.98189,2105212,1180949,57.01234,31.98189,2021-07-03
9668,22377,31582,3218181,2114880,1203326,86.6,87.15323,57.27416,32.5879,2114880,1203326,57.27416,32.5879,2021-07-04
10577,20664,30551,3248732,2125457,1223990,87.4,87.9806,57.56061,33.14751,2125457,1223990,57.56061,33.14751,2021-07-05
11267,15065,25812,3274544,2136724,1239055,88.1,88.67963,57.86573,33.55549,2136724,1239055,57.86573,33.55549,2021-07-06
9519,16602,25667,3300211,2146243,1255657,86.0,89.37473,58.12352,34.0051,2146243,1255657,58.12352,34.0051,2021-07-07
9513,12361,21117,3321328,2155756,1268018,86.6,89.94661,58.38115,34.33985,2155756,1268018,58.38115,34.33985,2021-07-08
7880,21686,29159,3350487,2163636,1289704,87.3,90.73628,58.59455,34.92714,2163636,1289704,58.59455,34.92714,2021-07-09
8138,21584,29334,3379821,2171774,1311288,87.5,91.53069,58.81494,35.51167,2171774,1311288,58.81494,35.51167,2021-07-10
9346,17523,26205,3406026,2181120,1328811,88.2,92.24036,59.06804,35.98622,2181120,1328811,59.06804,35.98622,2021-07-11
9966,18697,28313,3434339,2191086,1347508,88.9,93.00712,59.33794,36.49256,2191086,1347508,59.33794,36.49256,2021-07-12
7887,21840,29367,3463706,2198973,1369348,89.6,93.80242,59.55153,37.08402,2198973,1369348,59.55153,37.08402,2021-07-13
8870,20542,28999,3492705,2207843,1389890,87.7,94.58776,59.79174,37.64033,2207843,1389890,59.79174,37.64033,2021-07-14
8348,23500,31280,3523985,2216191,1413390,88.5,95.43487,60.01782,38.27675,2216191,1413390,60.01782,38.27675,2021-07-15
7967,20580,27710,3551695,2224158,1433970,89.2,96.1853,60.23358,38.83409,2224158,1433970,60.23358,38.83409,2021-07-16
9198,19081,27775,3579470,2233356,1453051,89.9,96.93749,60.48267,39.35083,2233356,1453051,60.48267,39.35083,2021-07-17
8553,22117,30412,3609882,2241909,1475168,89.9,97.76109,60.7143,39.94979,2241909,1475168,60.7143,39.94979,2021-07-18
9082,29340,38052,3647934,2250991,1504508,90.9,98.7916,60.96026,40.74436,2250991,1504508,60.96026,40.74436,2021-07-19
8156,29553,37360,3685294,2259147,1534061,91.0,99.80336,61.18113,41.5447,2259147,1534061,61.18113,41.5447,2021-07-20
7576,31369,38538,3723832,2266723,1565430,89.4,100.84703,61.3863,42.39422,2266723,1565430,61.3863,42.39422,2021-07-21
4641,35175,39441,3763273,2271364,1600605,90.3,101.91515,61.51199,43.34682,2271364,1600605,61.51199,43.34682,2021-07-22
4547,34205,38495,3801768,2275911,1634810,91.2,102.95765,61.63513,44.27314,2275911,1634810,61.63513,44.27314,2021-07-23
7088,31686,38489,3840257,2282999,1666496,92.2,103.99999,61.82708,45.13124,2282999,1666496,61.82708,45.13124,2021-07-24
7232,26926,33943,3874200,2290231,1693422,93.0,104.91922,62.02294,45.86044,2290231,1693422,62.02294,45.86044,2021-07-25
10398,28548,38340,3912540,2300629,1721970,93.2,105.95753,62.30453,46.63356,2300629,1721970,62.30453,46.63356,2021-07-26
11617,27730,38769,3951309,2312246,1749700,94.1,107.00745,62.61913,47.38453,2312246,1749700,62.61913,47.38453,2021-07-27
12459,26770,38623,3989932,2324705,1776470,91.7,108.05342,62.95654,48.10951,2324705,1776470,62.95654,48.10951,2021-07-28
12963,27216,39452,4029384,2337668,1803686,92.6,109.12184,63.3076,48.84656,2337668,1803686,63.3076,48.84656,2021-07-29
11170,27737,37962,4067346,2348838,1831423,93.5,110.14991,63.6101,49.59772,2348838,1831423,63.6101,49.59772,2021-07-30
12840,23832,35884,4103230,2361678,1855255,94.3,111.1217,63.95783,50.24312,2361678,1855255,63.95783,50.24312,2021-07-31
14299,16545,29955,4133185,2375977,1871800,95.0,111.93293,64.34507,50.69119,2375977,1871800,64.34507,50.69119,2021-08-01
13758,22778,35336,4168521,2389735,1894578,95.1,112.88988,64.71765,51.30805,2389735,1894578,64.71765,51.30805,2021-08-02
12597,24727,36429,4204950,2402332,1919305,96.0,113.87644,65.0588,51.9777,2402332,1919305,65.0588,51.9777,2021-08-03
11789,24012,34898,4239848,2414121,1943317,94.1,114.82153,65.37806,52.62798,2414121,1943317,65.37806,52.62798,2021-08-04
12502,23245,34800,4274648,2426623,1966562,94.9,115.76396,65.71664,53.25749,2426623,1966562,65.71664,53.25749,2021-08-05
15872,18436,33046,4307694,2442495,1984998,95.6,116.6589,66.14648,53.75676,2442495,1984998,66.14648,53.75676,2021-08-06
14731,16481,30521,4338215,2457226,2001479,96.3,117.48545,66.54541,54.20309,2457226,2001479,66.54541,54.20309,2021-08-07
15137,10634,25077,4363292,2472363,2012113,96.1,118.16458,66.95535,54.49108,2472363,2012113,66.95535,54.49108,2021-08-08
19218,11203,29012,4392304,2491581,2023316,96.7,118.95027,67.4758,54.79447,2491581,2023316,67.4758,54.79447,2021-08-09
17021,9881,25980,4418284,2508602,2033197,97.3,119.65384,67.93675,55.06206,2508602,2033197,67.93675,55.06206,2021-08-10
17709,10593,27146,4445430,2526311,2043790,95.3,120.389,68.41634,55.34894,2526311,2043790,68.41634,55.34894,2021-08-11
15005,11999,25920,4471350,2541316,2055789,95.5,121.09095,68.8227,55.67389,2541316,2055789,68.8227,55.67389,2021-08-12
11957,11994,23207,4494557,2553273,2067783,95.2,121.71943,69.14651,55.99871,2553273,2067783,69.14651,55.99871,2021-08-13
10942,12046,22481,4517038,2564215,2079829,95.7,122.32825,69.44284,56.32493,2564215,2079829,69.44284,56.32493,2021-08-14
5461,9455,14711,4531749,2569676,2089284,96.0,122.72665,69.59073,56.58099,2569676,2089284,69.59073,56.58099,2021-08-15
17368,13614,30082,4561831,2587044,2102898,96.6,123.54131,70.06108,56.94967,2587044,2102898,70.06108,56.94967,2021-08-16
12093,15133,26148,4587979,2599137,2118031,96.9,124.24944,70.38858,57.3595,2599137,2118031,70.38858,57.3595,2021-08-17
13636,13407,26161,4614140,2612773,2131438,93.4,124.95792,70.75786,57.72258,2612773,2131438,70.75786,57.72258,2021-08-18
12581,13089,24252,4638392,2625354,2144527,93.9,125.6147,71.09858,58.07705,2625354,2144527,71.09858,58.07705,2021-08-19
10475,10459,20273,4658665,2635829,2154986,94.3,126.16373,71.38225,58.3603,2635829,2154986,71.38225,58.3603,2021-08-20
8560,9892,18036,4676701,2644389,2164878,94.7,126.65217,71.61407,58.62819,2644389,2164878,71.61407,58.62819,2021-08-21
7661,11499,18580,4695281,2652050,2176377,95.1,127.15534,71.82154,58.9396,2652050,2176377,71.82154,58.9396,2021-08-22
12223,11852,22789,4718070,2664273,2188229,95.5,127.7725,72.15256,59.26057,2664273,2188229,72.15256,59.26057,2021-08-23
13777,9519,22105,4740175,2678050,2197748,94.1,128.37114,72.52566,59.51836,2678050,2197748,72.52566,59.51836,2021-08-24
11473,10260,20505,4760680,2689523,2208008,94.6,128.92645,72.83637,59.79621,2689523,2208008,72.83637,59.79621,2021-08-25
10326,9467,18719,4779399,2699849,2217475,91.0,129.43339,73.11601,60.05259,2699849,2217475,73.11601,60.05259,2021-08-26
8417,8787,16468,4795867,2708266,2226262,91.3,129.87937,73.34396,60.29056,2708266,2226262,73.34396,60.29056,2021-08-27
7013,9555,15995,4811862,2715279,2235817,91.7,130.31253,73.53388,60.54932,2715279,2235817,73.53388,60.54932,2021-08-28
8386,9464,17240,4829102,2723665,2245281,92.0,130.77942,73.76099,60.80562,2723665,2245281,73.76099,60.80562,2021-08-29
14617,12223,25194,4854296,2738282,2257504,92.5,131.46171,74.15684,61.13664,2738282,2257504,74.15684,61.13664,2021-08-30
12505,9879,21343,4875639,2750787,2267383,92.9,132.03971,74.49549,61.40418,2750787,2267383,74.49549,61.40418,2021-08-31
14852,10306,24068,4899707,2765639,2277689,93.3,132.69151,74.89771,61.68328,2765639,2277689,74.89771,61.68328,2021-09-01
12271,7563,18418,4918125,2777910,2285252,91.5,133.1903,75.23002,61.8881,2777910,2285252,75.23002,61.8881,2021-09-02
8531,6701,14480,4932605,2786441,2291953,91.8,133.58244,75.46106,62.06957,2786441,2291953,75.46106,62.06957,2021-09-03
8597,9342,17003,4949608,2795038,2301295,92.1,134.04291,75.69388,62.32257,2795038,2301295,75.69388,62.32257,2021-09-04
7034,8899,15343,4964951,2802072,2310194,92.4,134.45842,75.88437,62.56356,2802072,2310194,75.88437,62.56356,2021-09-05
10654,13595,23038,4987989,2812726,2323789,92.8,135.08232,76.17289,62.93174,2812726,2323789,76.17289,62.93174,2021-09-06
7506,12345,19108,5007097,2820232,2336134,91.4,135.59979,76.37617,63.26606,2820232,2336134,76.37617,63.26606,2021-09-07
8101,14263,21542,5028639,2828333,2350397,89.8,136.18318,76.59556,63.65232,2828333,2350397,76.59556,63.65232,2021-09-08
7924,13267,20187,5048826,2836257,2363664,90.1,136.72988,76.81015,64.01161,2836257,2363664,76.81015,64.01161,2021-09-09
6280,12725,18350,5067176,2842537,2376389,90.5,137.22683,76.98022,64.35622,2842537,2376389,76.98022,64.35622,2021-09-10
6116,13714,19179,5086355,2848653,2390103,90.8,137.74622,77.14585,64.72762,2848653,2390103,77.14585,64.72762,2021-09-11
4961,14024,18410,5104765,2853614,2404127,91.1,138.24479,77.2802,65.10741,2853614,2404127,77.2802,65.10741,2021-09-12
3972,14990,18568,5123333,2857586,2419117,91.5,138.74764,77.38777,65.51336,2857586,2419117,77.38777,65.51336,2021-09-13
3603,13053,16297,5139630,2861189,2432170,91.8,139.18899,77.48535,65.86686,2861189,2432170,77.48535,65.86686,2021-09-14
4355,13199,16973,5156603,2865544,2445369,91.4,139.64864,77.60329,66.22431,2865544,2445369,77.60329,66.22431,2021-09-15
4833,13299,17600,5174203,2870377,2458668,90.4,140.12528,77.73417,66.58447,2870377,2458668,77.73417,66.58447,2021-09-16
4738,15415,19625,5193828,2875115,2474083,91.2,140.65675,77.86248,67.00193,2875115,2474083,77.86248,67.00193,2021-09-17
6378,16620,22292,5216120,2881493,2490703,91.6,141.26046,78.03521,67.45202,2881493,2490703,78.03521,67.45202,2021-09-18
6143,16366,21862,5237982,2887636,2507069,92.0,141.85251,78.20157,67.89524,2887636,2507069,78.20157,67.89524,2021-09-19
3827,18685,22137,5260119,2891463,2525754,92.4,142.45201,78.30521,68.40126,2891463,2525754,78.30521,68.40126,2021-09-20
3184,16810,19732,5279851,2894647,2542564,92.7,142.98639,78.39144,68.8565,2894647,2542564,78.39144,68.8565,2021-09-21
5253,17726,22512,5302363,2899900,2560290,91.4,143.59605,78.5337,69.33654,2899900,2560290,78.5337,69.33654,2021-09-22
5009,14974,19492,5321855,2904909,2575264,91.7,144.12392,78.66935,69.74206,2904909,2575264,78.66935,69.74206,2021-09-23
5191,14355,19039,5340894,2910100,2589619,92.0,144.63952,78.80993,70.13082,2910100,2589619,78.80993,70.13082,2021-09-24
6323,15027,20701,5361595,2916423,2604646,92.4,145.20014,78.98117,70.53777,2916423,2604646,78.98117,70.53777,2021-09-25
5388,10587,15428,5377023,2921811,2615233,92.7,145.61795,79.12708,70.82448,2921811,2615233,79.12708,70.82448,2021-09-26
4879,17072,21389,5398412,2926690,2632305,93.0,146.1972,79.25921,71.28682,2926690,2632305,79.25921,71.28682,2021-09-27
4417,12895,16851,5415263,2931107,2645200,93.3,146.65355,79.37883,71.63604,2931107,2645200,79.37883,71.63604,2021-09-28
5609,14458,19528,5434791,2936716,2659658,89.2,147.1824,79.53073,72.02758,2936716,2659658,79.53073,72.02758,2021-09-29
5472,13215,18125,5452916,2942188,2672873,89.5,147.67325,79.67892,72.38546,2942188,2672873,79.67892,72.38546,2021-09-30
3004,10254,12972,5465888,2945192,2683127,89.8,148.02455,79.76027,72.66316,2945192,2683127,79.76027,72.66316,2021-10-01
3638,9967,13229,5479117,2948830,2693094,90.0,148.38281,79.8588,72.93308,2948830,2693094,79.8588,72.93308,2021-10-02
2515,8473,10760,5489877,2951345,2701567,90.1,148.67421,79.92691,73.16254,2951345,2701567,79.92691,73.16254,2021-10-03
3353,9838,12899,5502776,2954698,2711405,90.4,149.02354,80.01771,73.42897,2954698,2711405,80.01771,73.42897,2021-10-04
2987,10701,13403,5516179,2957685,2722106,90.6,149.38651,80.0986,73.71877,2957685,2722106,80.0986,73.71877,2021-10-05
3809,9807,13199,5529378,2961494,2731913,89.8,149.74396,80.20176,73.98436,2961494,2731913,80.20176,73.98436,2021-10-06
3986,8732,12311,5541689,2965480,2740645,90.0,150.07736,80.3097,74.22083,2965480,2740645,80.3097,74.22083,2021-10-07
3581,8161,11318,5553007,2969061,2748806,90.2,150.38387,80.40668,74.44184,2969061,2748806,80.40668,74.44184,2021-10-08
3170,7876,10639,5563646,2972231,2756682,90.4,150.67199,80.49253,74.65514,2972231,2756682,80.49253,74.65514,2021-10-09
1425,7048,8350,5571996,2973656,2763730,90.5,150.89812,80.53112,74.84601,2973656,2763730,80.53112,74.84601,2021-10-10
2948,9123,11825,5583821,2976604,2772853,90.7,151.21836,80.61096,75.09307,2976604,2772853,80.61096,75.09307,2021-10-11
3414,8302,11402,5595223,2980018,2781155,90.9,151.52714,80.70342,75.3179,2980018,2781155,80.70342,75.3179,2021-10-12
4540,10377,14536,5609759,2984558,2791532,91.1,151.9208,80.82637,75.59893,2984558,2791532,80.82637,75.59893,2021-10-13
4608,8799,13002,5622761,2989166,2800331,91.3,152.27291,80.95116,75.83722,2989166,2800331,80.95116,75.83722,2021-10-14
4441,7603,11670,5634431,2993607,2807934,91.5,152.58895,81.07143,76.04312,2993607,2807934,81.07143,76.04312,2021-10-15
3735,8272,11533,5645964,2997342,2816206,91.7,152.90128,81.17258,76.26714,2997342,2816206,81.17258,76.26714,2021-10-16
1733,6354,7918,5653882,2999075,2822560,91.8,153.11572,81.21951,76.43921,2999075,2822560,81.21951,76.43921,2021-10-17
2399,7273,9457,5663339,3001474,2829833,92.0,153.37183,81.28448,76.63618,3001474,2829833,81.28448,76.63618,2021-10-18
1794,4828,6414,5669753,3003268,2834661,92.1,153.54553,81.33306,76.76693,3003268,2834661,81.33306,76.76693,2021-10-19
2342,6111,8125,5677878,3005610,2840772,92.2,153.76556,81.39649,76.93242,3005610,2840772,81.39649,76.93242,2021-10-20
2218,6158,8064,5685942,3007828,2846930,92.4,153.98395,81.45655,77.09919,3007828,2846930,81.45655,77.09919,2021-10-21
2064,5441,7195,5693137,3009892,2852371,92.5,154.1788,81.51245,77.24654,3009892,2852371,81.51245,77.24654,2021-10-22
1413,6251,7420,5700557,3011305,2858622,92.6,154.37975,81.55071,77.41583,3011305,2858622,81.55071,77.41583,2021-10-23
965,5126,5928,5706485,3012270,2863748,92.7,154.54028,81.57685,77.55465,3012270,2863748,81.57685,77.55465,2021-10-24
1381,5569,6786,5713271,3013651,2869317,92.8,154.72406,81.61425,77.70546,3013651,2869317,81.61425,77.70546,2021-10-25
1210,4274,5302,5718573,3014861,2873591,92.9,154.86765,81.64702,77.82121,3014861,2873591,81.64702,77.82121,2021-10-26
1721,5550,7028,5725601,3016582,2879141,93.0,155.05797,81.69362,77.97151,3016582,2879141,81.69362,77.97151,2021-10-27
1704,5437,6869,5732470,3018286,2884578,93.1,155.244,81.73977,78.11876,3018286,2884578,81.73977,78.11876,2021-10-28
1095,3186,4143,5736613,3019381,2887764,93.2,155.3562,81.76943,78.20504,3019381,2887764,81.76943,78.20504,2021-10-29
1112,4086,5025,5741638,3020493,2891850,93.3,155.49228,81.79954,78.31569,3020493,2891850,81.79954,78.31569,2021-10-30
639,1788,2340,5743978,3021132,2893638,93.3,155.55565,81.81684,78.36411,3021132,2893638,81.81684,78.36411,2021-10-31
440,1461,1835,5745813,3021572,2895099,93.3,155.60535,81.82876,78.40368,3021572,2895099,81.82876,78.40368,2021-11-01
853,2539,3275,5749088,3022425,2897638,93.4,155.69404,81.85186,78.47244,3022425,2897638,81.85186,78.47244,2021-11-02
1352,3347,4515,5753603,3023777,2900985,93.5,155.81631,81.88848,78.56308,3023777,2900985,81.88848,78.56308,2021-11-03
1413,3597,4835,5758438,3025190,2904582,93.5,155.94725,81.92674,78.66049,3025190,2904582,81.92674,78.66049,2021-11-04
1148,3042,4035,5762473,3026338,2907624,92.1,156.05652,81.95783,78.74288,3026338,2907624,81.95783,78.74288,2021-11-05
1063,2891,3788,5766261,3027401,2910515,92.2,156.15911,81.98662,78.82117,3027401,2910515,81.98662,78.82117,2021-11-06
658,1605,2176,5768437,3028059,2912120,92.2,156.21804,82.00444,78.86463,3028059,2912120,82.00444,78.86463,2021-11-07
792,2876,3565,5772002,3028851,2914996,92.2,156.31458,82.02589,78.94252,3028851,2914996,82.02589,78.94252,2021-11-08
907,2712,3514,5775516,3029758,2917708,92.3,156.40975,82.05045,79.01597,3029758,2917708,82.05045,79.01597,2021-11-09
1136,3933,4963,5780479,3030894,2921641,92.4,156.54415,82.08121,79.12248,3030894,2921641,82.08121,79.12248,2021-11-10
1202,3699,4786,5785265,3032096,2925340,92.5,156.67377,82.11377,79.22265,3032096,2925340,82.11377,79.22265,2021-11-11
1158,4905,5953,5791218,3033254,2930245,92.6,156.83498,82.14513,79.35549,3033254,2930245,82.14513,79.35549,2021-11-12
981,2776,3642,5794860,3034235,2933021,92.6,156.93361,82.17169,79.43067,3034235,2933021,82.17169,79.43067,2021-11-13
347,1276,1588,5796448,3034582,2934297,92.6,156.97662,82.18109,79.46522,3034582,2934297,82.18109,79.46522,2021-11-14
935,1940,2805,5799253,3035517,2936237,92.7,157.05258,82.20641,79.51776,3035517,2936237,82.20641,79.51776,2021-11-15
670,1386,2005,5801258,3036187,2937623,92.7,157.10688,82.22456,79.55529,3036187,2937623,82.22456,79.55529,2021-11-16
1373,1910,3171,5804429,3037560,2939533,92.8,157.19276,82.26174,79.60702,3037560,2939533,82.26174,79.60702,2021-11-17
1332,1856,3111,5807540,3038892,2941389,92.1,157.27701,82.29781,79.65728,3038892,2941389,82.29781,79.65728,2021-11-18
1077,1620,2597,5810137,3039969,2943009,92.1,157.34734,82.32698,79.70116,3039969,2943009,82.32698,79.70116,2021-11-19
736,1276,1952,5812089,3040705,2944285,92.1,157.4002,82.34691,79.73571,3040705,2944285,82.34691,79.73571,2021-11-20
570,680,1202,5813291,3041275,2944965,92.2,157.43275,82.36235,79.75413,3041275,2944965,82.36235,79.75413,2021-11-21
760,1153,1868,5815159,3042035,2946118,90.5,157.48334,82.38293,79.78535,3042035,2946118,82.38293,79.78535,2021-11-22
879,1149,1977,5817136,3042914,2947267,90.5,157.53688,82.40673,79.81647,3042914,2947267,82.40673,79.81647,2021-11-23
1505,2832,4263,5821399,3044419,2950099,90.6,157.65233,82.44749,79.89316,3044419,2950099,82.44749,79.89316,2021-11-24
1514,1691,3142,5824541,3045933,2951790,90.6,157.73742,82.48849,79.93896,3045933,2951790,82.48849,79.93896,2021-11-25
1467,1269,2687,5827228,3047400,2953059,89.9,157.81019,82.52822,79.97332,3047400,2953059,82.52822,79.97332,2021-11-26
1370,1033,2352,5829580,3048770,2954092,90.0,157.87388,82.56532,80.0013,3048770,2954092,82.56532,80.0013,2021-11-27
1212,816,1987,5831567,3049982,2954908,90.0,157.9277,82.59815,80.0234,3049982,2954908,82.59815,80.0234,2021-11-28
1396,991,2339,5833906,3051378,2955899,89.7,157.99104,82.63595,80.05024,3051378,2955899,82.63595,80.05024,2021-11-29
1278,1096,2331,5836237,3052656,2956995,89.8,158.05417,82.67056,80.07992,3052656,2956995,82.67056,80.07992,2021-11-30
1639,1305,2898,5839135,3054295,2958300,87.5,158.13265,82.71495,80.11526,3054295,2958300,82.71495,80.11526,2021-12-01
1953,1471,3350,5842485,3056248,2959771,86.9,158.22337,82.76784,80.1551,3056248,2959771,82.76784,80.1551,2021-12-02
1985,1348,3261,5845746,3058233,2961119,87.0,158.31168,82.8216,80.1916,3058233,2961119,82.8216,80.1916,2021-12-03
1463,1052,2461,5848207,3059696,2962171,87.0,158.37833,82.86122,80.22009,3059696,2962171,82.86122,80.22009,2021-12-04
1599,717,2262,5850469,3061295,2962888,87.0,158.43959,82.90452,80.23951,3061295,2962888,82.90452,80.23951,2021-12-05
1739,873,2565,5853034,3063034,2963761,87.1,158.50905,82.95161,80.26315,3063034,2963761,82.95161,80.26315,2021-12-06
1865,1007,2824,5855858,3064899,2964768,87.1,158.58553,83.00212,80.29042,3064899,2964768,83.00212,80.29042,2021-12-07
1941,699,2586,5858444,3066840,2965467,87.2,158.65557,83.05469,80.30935,3066840,2965467,83.05469,80.30935,2021-12-08
2549,1743,4196,5862640,3069389,2967210,87.2,158.7692,83.12372,80.35656,3069389,2967210,83.12372,80.35656,2021-12-09
1891,1459,3268,5865908,3071280,2968669,86.7,158.8577,83.17493,80.39607,3071280,2968669,83.17493,80.39607,2021-12-10
1458,1134,2547,5868455,3072738,2969803,86.7,158.92668,83.21441,80.42678,3072738,2969803,83.21441,80.42678,2021-12-11
1102,559,1615,5870070,3073840,2970362,86.7,158.97041,83.24426,80.44192,3073840,2970362,83.24426,80.44192,2021-12-12
1270,1148,2378,5872448,3075110,2971510,86.8,159.03481,83.27865,80.47301,3075110,2971510,83.27865,80.47301,2021-12-13
1754,1057,2761,5875209,3076864,2972567,86.8,159.10959,83.32615,80.50163,3076864,2972567,83.32615,80.50163,2021-12-14
2289,1665,3867,5879076,3079153,2974232,84.5,159.21431,83.38814,80.54672,3079153,2974232,83.38814,80.54672,2021-12-15
2798,1521,4205,5883281,3081951,2975753,83.4,159.32819,83.46392,80.58791,3081951,2975753,83.46392,80.58791,2021-12-16
2370,2083,4390,5887671,3084321,2977836,83.5,159.44708,83.5281,80.64432,3084321,2977836,83.5281,80.64432,2021-12-17
0,0,0,5887671,3084321,2977836,83.5,159.44708,83.5281,80.64432,3084321,2977836,83.5281,80.64432,2021-12-18
2083,1027,254398,6142069,3086404,2978863,97.9,166.33656,83.58451,80.67214,3086404,2978863,83.58451,80.67214,2021-12-19
2084,1027,254398,6396467,3088488,2979890,97.9,173.22605,83.64095,80.69995,3088488,2979890,83.64095,80.69995,2021-12-20
2084,1027,254398,6650865,3090572,2980917,97.9,180.11553,83.69739,80.72776,3090572,2980917,83.69739,80.72776,2021-12-21
2084,1027,254398,6905263,3092656,2981944,97.9,187.00501,83.75382,80.75557,3092656,2981944,83.75382,80.75557,2021-12-22
3793,2770,54240,6959503,3096449,2984714,96.8,188.47392,83.85654,80.83059,3096449,2984714,83.85654,80.83059,2021-12-23
2072,1236,26563,6986066,3098521,2985950,97.2,189.19328,83.91266,80.86406,3098521,2985950,83.91266,80.86406,2021-12-24
603,524,7823,6993889,3099124,2986474,97.3,189.40514,83.92899,80.87825,3099124,2986474,83.92899,80.87825,2021-12-25
523,760,9237,7003126,3099647,2987234,97.4,189.65529,83.94315,80.89884,3099647,2987234,83.94315,80.89884,2021-12-26
1047,1548,17385,7020511,3100694,2988782,96.9,190.12611,83.9715,80.94076,3100694,2988782,83.9715,80.94076,2021-12-27
2989,1749,29592,7050103,3103683,2990531,97.3,190.9275,84.05245,80.98812,3103683,2990531,84.05245,80.98812,2021-12-28
3249,1670,35934,7086037,3106932,2992201,97.8,191.90065,84.14044,81.03335,3106932,2992201,84.14044,81.03335,2021-12-29
3152,1800,37313,7123350,3110084,2994001,98.3,192.91114,84.2258,81.0821,3110084,2994001,84.2258,81.0821,2021-12-30
2517,1657,30514,7153864,3112601,2995658,98.7,193.73751,84.29396,81.12697,3112601,2995658,84.29396,81.12697,2021-12-31
927,174,8726,7162590,3113528,2995832,98.9,193.97382,84.31907,81.13168,3113528,2995832,84.31907,81.13168,2022-01-01
975,1190,15415,7178005,3114503,2997022,99.1,194.39128,84.34547,81.16391,3114503,2997022,84.34547,81.16391,2022-01-02
2109,2048,25126,7203131,3116612,2999070,99.2,195.07173,84.40259,81.21937,3116612,2999070,84.40259,81.21937,2022-01-03
3400,2108,31214,7234345,3120012,3001178,99.7,195.91705,84.49467,81.27646,3120012,3001178,84.49467,81.27646,2022-01-04
2949,2512,37594,7271939,3122961,3003690,97.8,196.93516,84.57453,81.34449,3122961,3003690,84.57453,81.34449,2022-01-05
2686,1773,25968,7297907,3125647,3005463,98.2,197.63841,84.64727,81.3925,3125647,3005463,84.64727,81.3925,2022-01-06
1819,1844,22471,7320378,3127466,3007307,98.5,198.24696,84.69653,81.44244,3127466,3007307,84.69653,81.44244,2022-01-07
3775,2170,34330,7354708,3131241,3009477,98.9,199.17667,84.79876,81.50121,3131241,3009477,84.79876,81.50121,2022-01-08
3091,1547,25316,7380024,3134332,3011024,99.3,199.86226,84.88247,81.5431,3134332,3011024,84.88247,81.5431,2022-01-09
5847,5118,34232,7414256,3140179,3016142,99.7,200.78932,85.04082,81.68171,3140179,3016142,85.04082,81.68171,2022-01-10
3357,3148,35712,7449968,3143536,3019290,100.2,201.75645,85.13173,81.76696,3143536,3019290,85.13173,81.76696,2022-01-11
3977,3574,42237,7492205,3147513,3022864,98.4,202.9003,85.23943,81.86375,3147513,3022864,85.23943,81.86375,2022-01-12
4253,4256,47142,7539347,3151766,3027120,98.3,204.17697,85.35461,81.97901,3151766,3027120,85.35461,81.97901,2022-01-13
4420,3019,45451,7584798,3156186,3030139,98.9,205.40785,85.47431,82.06077,3156186,3030139,85.47431,82.06077,2022-01-14
4900,2421,41392,7626190,3161086,3032560,99.4,206.52881,85.60701,82.12633,3161086,3032560,85.60701,82.12633,2022-01-15
3498,1539,28935,7655125,3164584,3034099,99.8,207.31242,85.70174,82.16801,3164584,3034099,85.70174,82.16801,2022-01-16
3606,2338,31092,7686217,3168190,3036437,100.2,208.15444,85.7994,82.23133,3168190,3036437,85.7994,82.23133,2022-01-17
3484,3460,38250,7724467,3171674,3039897,99.6,209.1903,85.89375,82.32503,3171674,3039897,85.89375,82.32503,2022-01-18
3430,3946,41908,7766375,3175104,3043843,99.4,210.32524,85.98664,82.43189,3175104,3043843,85.98664,82.43189,2022-01-19
3479,3492,44474,7810849,3178583,3047335,99.4,211.52966,86.08086,82.52646,3178583,3047335,86.08086,82.52646,2022-01-20
3652,3316,42726,7853575,3182235,3050651,99.9,212.68674,86.17976,82.61626,3182235,3050651,86.17976,82.61626,2022-01-21
2138,1316,39395,7892970,3184373,3051967,100.4,213.75362,86.23766,82.6519,3184373,3051967,86.23766,82.6519,2022-01-22
6215,2336,24778,7917748,3190588,3054303,100.7,214.42465,86.40597,82.71517,3190588,3054303,86.40597,82.71517,2022-01-23
2595,3089,24992,7942740,3193183,3057392,101.0,215.10147,86.47625,82.79882,3193183,3057392,86.47625,82.79882,2022-01-24
2103,3243,29911,7972651,3195286,3060635,101.4,215.9115,86.5332,82.88665,3195286,3060635,86.5332,82.88665,2022-01-25
2615,3885,34508,8007159,3197901,3064520,101.2,216.84603,86.60402,82.99186,3197901,3064520,86.60402,82.99186,2022-01-26
2751,3201,35057,8042216,3200652,3067721,100.9,217.79543,86.67852,83.07855,3200652,3067721,86.67852,83.07855,2022-01-27
2616,2564,35505,8077721,3203268,3070285,100.6,218.75696,86.74936,83.14798,3203268,3070285,86.74936,83.14798,2022-01-28
3178,3539,33555,8111276,3206446,3073824,101.0,219.66568,86.83543,83.24382,3206446,3073824,86.83543,83.24382,2022-01-29
3222,2991,22507,8133783,3209668,3076815,101.3,220.2752,86.92269,83.32483,3209668,3076815,86.92269,83.32483,2022-01-30
1873,3256,21671,8155454,3211541,3080071,101.5,220.86209,86.97341,83.413,3211541,3080071,86.97341,83.413,2022-01-31
2883,3827,28377,8183831,3214424,3083898,101.9,221.63058,87.05149,83.51664,3214424,3083898,87.05149,83.51664,2022-02-01
1951,3994,27392,8211223,3216375,3087892,100.5,222.3724,87.10432,83.62481,3216375,3087892,87.10432,83.62481,2022-02-02
2216,4234,27148,8238371,3218591,3092126,100.1,223.1076,87.16433,83.73947,3218591,3092126,87.16433,83.73947,2022-02-03
1215,2768,13103,8251474,3219806,3094894,100.3,223.46245,87.19724,83.81443,3219806,3094894,87.19724,83.81443,2022-02-04
3340,7432,40622,8292096,3223146,3102326,100.8,224.56256,87.28769,84.0157,3223146,3102326,87.28769,84.0157,2022-02-05
2167,4536,20360,8312456,3225313,3106862,101.0,225.11394,87.34638,84.13854,3225313,3106862,87.34638,84.13854,2022-02-06
1143,4290,17104,8329560,3226456,3111152,101.2,225.57714,87.37733,84.25472,3226456,3111152,87.37733,84.25472,2022-02-07
904,4012,17117,8346677,3227360,3115164,101.4,226.0407,87.40181,84.36337,3227360,3115164,87.40181,84.36337,2022-02-08
985,3950,17726,8364403,3228345,3119114,99.6,226.52074,87.42849,84.47035,3228345,3119114,87.42849,84.47035,2022-02-09
1026,4017,17203,8381606,3229371,3123131,99.8,226.98663,87.45627,84.57913,3229371,3123131,87.45627,84.57913,2022-02-10
992,3926,16765,8398371,3230363,3127057,100.0,227.44065,87.48314,84.68545,3230363,3127057,87.48314,84.68545,2022-02-11
1324,4407,18045,8416416,3231687,3131464,100.2,227.92933,87.51899,84.8048,3231687,3131464,87.51899,84.8048,2022-02-12
0,0,0,8416416,3231687,3131464,100.2,227.92933,87.51899,84.8048,3231687,3131464,87.51899,84.8048,2022-02-13
