delta_1d,delta_2d,delta_all,sum_doses,sum_1d,sum_2d,perc_doses,perc_inh_tot,perc_inh_1d,perc_inh_2d,sum_monotone_1d,sum_monotone_2d,perc_inh_monotone_1d,perc_inh_monotone_2d,date
0,0,0,0,0,0,0,0,0,0,0,0,0,0,2020-12-26
629,6,629,629,629,6,101.5,0.01703,0.01703,0.00016,629,6,0.01703,0.00016,2020-12-27
0,0,0,629,629,6,101.5,0.01703,0.01703,0.00016,629,6,0.01703,0.00016,2020-12-28
0,0,0,629,629,6,101.5,0.01703,0.01703,0.00016,629,6,0.01703,0.00016,2020-12-29
327,1,327,956,956,7,6.3,0.02589,0.02589,0.00019,956,7,0.02589,0.00019,2020-12-30
804,7,804,1760,1760,14,6.3,0.04766,0.04766,0.00038,1760,14,0.04766,0.00038,2020-12-31
2410,48,2410,4170,4170,62,14.9,0.11293,0.11293,0.00168,4170,62,0.11293,0.00168,2021-01-01
3548,52,3548,7718,7718,114,27.6,0.20902,0.20902,0.00309,7718,114,0.20902,0.00309,2021-01-02
3364,51,3364,11082,11082,165,39.7,0.30012,0.30012,0.00447,11082,165,0.30012,0.00447,2021-01-03
5241,79,5241,16323,16323,244,58.5,0.44205,0.44205,0.00661,16323,244,0.44205,0.00661,2021-01-04
5384,72,5384,21707,21707,316,68.2,0.58786,0.58786,0.00856,21707,316,0.58786,0.00856,2021-01-05
4613,52,4613,26320,26320,368,82.7,0.71279,0.71279,0.00997,26320,368,0.71279,0.00997,2021-01-06
6182,91,6182,32502,32502,459,62.2,0.8802,0.8802,0.01243,32502,459,0.8802,0.01243,2021-01-07
6068,96,6068,38570,38570,555,73.8,1.04453,1.04453,0.01503,38570,555,1.04453,0.01503,2021-01-08
4542,70,4542,43112,43112,625,82.4,1.16754,1.16754,0.01693,43112,625,1.16754,0.01693,2021-01-09
3036,56,3036,46148,46148,681,88.2,1.24976,1.24976,0.01844,46148,681,1.24976,0.01844,2021-01-10
5185,105,5185,51333,51333,786,98.2,1.39018,1.39018,0.02129,51333,786,1.39018,0.02129,2021-01-11
3631,78,3631,54964,54964,864,68.2,1.48851,1.48851,0.0234,54964,864,1.48851,0.0234,2021-01-12
4128,99,4128,59092,59092,963,68.8,1.6003,1.6003,0.02608,59092,963,1.6003,0.02608,2021-01-13
3285,38,3285,62377,62377,1001,72.6,1.68926,1.68926,0.02711,62377,1001,1.68926,0.02711,2021-01-14
3916,65,3916,66293,66293,1066,77.2,1.79532,1.79532,0.02887,66293,1066,1.79532,0.02887,2021-01-15
3298,60,3298,69591,69591,1126,81.0,1.88463,1.88463,0.03049,69591,1126,1.88463,0.03049,2021-01-16
2029,553,2543,72134,71620,1679,84.0,1.9535,1.93958,0.04547,71620,1679,1.93958,0.04547,2021-01-17
1029,149,1127,73261,72649,1828,80.9,1.98402,1.96745,0.04951,72649,1828,1.96745,0.04951,2021-01-18
1116,42,1116,74377,73765,1870,82.1,2.01424,1.99767,0.05064,73765,1870,1.99767,0.05064,2021-01-19
1096,314,1346,75723,74861,2184,77.6,2.05069,2.02735,0.05915,74861,2184,2.02735,0.05915,2021-01-20
871,731,1593,77316,75732,2915,73.9,2.09383,2.05094,0.07894,75732,2915,2.05094,0.07894,2021-01-21
529,2341,2867,80183,76261,5256,76.7,2.17148,2.06526,0.14234,76261,5256,2.06526,0.14234,2021-01-22
647,3341,3982,84165,76908,8597,80.5,2.27932,2.08279,0.23282,76908,8597,2.08279,0.23282,2021-01-23
199,3153,3349,87514,77107,11750,83.7,2.37001,2.08817,0.31821,77107,11750,2.08817,0.31821,2021-01-24
246,4894,5135,92649,77353,16644,88.6,2.50908,2.09484,0.45074,77353,16644,2.09484,0.45074,2021-01-25
221,5183,5400,98049,77574,21827,76.6,2.65532,2.10082,0.59111,77574,21827,2.10082,0.59111,2021-01-26
204,4636,4835,102884,77778,26463,76.9,2.78626,2.10635,0.71666,77778,26463,2.10635,0.71666,2021-01-27
357,5943,6291,109175,78135,32406,81.6,2.95662,2.11601,0.8776,78135,32406,2.11601,0.8776,2021-01-28
299,5866,6153,115328,78434,38272,86.2,3.12326,2.12411,1.03646,78434,38272,2.12411,1.03646,2021-01-29
191,4455,4628,119956,78625,42727,89.6,3.24859,2.12928,1.15711,78625,42727,2.12928,1.15711,2021-01-30
103,2952,3052,123008,78728,45679,91.9,3.33124,2.13207,1.23706,78728,45679,2.13207,1.23706,2021-01-31
531,5006,5526,128534,79259,50685,93.2,3.4809,2.14645,1.37263,79259,50685,2.14645,1.37263,2021-02-01
193,3558,3744,132278,79452,54243,78.0,3.58229,2.15168,1.46898,79452,54243,2.15168,1.46898,2021-02-02
241,3991,4228,136506,79693,58234,80.5,3.69679,2.15821,1.57707,79693,58234,2.15821,1.57707,2021-02-03
969,3322,4264,140770,80662,61556,83.0,3.81227,2.18445,1.66703,80662,61556,2.18445,1.66703,2021-02-04
1940,3867,5771,146541,82602,65423,86.4,3.96855,2.23699,1.77175,82602,65423,2.23699,1.77175,2021-02-05
1303,3271,4540,151081,83905,68694,89.1,4.0915,2.27227,1.86034,83905,68694,2.27227,1.86034,2021-02-06
891,1951,2818,153899,84796,70645,90.8,4.16782,2.2964,1.91317,84796,70645,2.2964,1.91317,2021-02-07
3674,577,4133,158032,88470,71222,93.2,4.27975,2.3959,1.9288,88470,71222,2.3959,1.9288,2021-02-08
3923,733,4534,162566,92393,71955,75.1,4.40253,2.50214,1.94865,92393,71955,2.50214,1.94865,2021-02-09
3790,690,4316,166882,96183,72645,77.1,4.51942,2.60478,1.96734,96183,72645,2.60478,1.96734,2021-02-10
5181,353,5423,172305,101364,72998,79.6,4.66628,2.74509,1.9769,101364,72998,2.74509,1.9769,2021-02-11
7469,361,7682,179987,108833,73359,83.1,4.87432,2.94736,1.98667,108833,73359,2.94736,1.98667,2021-02-12
7639,426,7866,187853,116472,73785,76.9,5.08734,3.15424,1.99821,116472,73785,3.15424,1.99821,2021-02-13
8951,309,9061,196914,125423,74094,80.6,5.33273,3.39665,2.00658,125423,74094,3.39665,2.00658,2021-02-14
8036,1052,8865,205779,133459,75146,84.3,5.57281,3.61427,2.03507,133459,75146,3.61427,2.03507,2021-02-15
8650,1012,9372,215151,142109,76158,85.2,5.82662,3.84853,2.06247,142109,76158,3.84853,2.06247,2021-02-16
7475,929,8229,223380,149584,77087,88.5,6.04947,4.05096,2.08763,149584,77087,4.05096,2.08763,2021-02-17
7978,1148,8877,232257,157562,78235,80.5,6.28987,4.26702,2.11872,157562,78235,4.26702,2.11872,2021-02-18
7833,732,8346,240603,165395,78967,75.2,6.51589,4.47915,2.13855,165395,78967,4.47915,2.13855,2021-02-19
4187,683,4724,245327,169582,79650,76.7,6.64383,4.59254,2.15704,169582,79650,4.59254,2.15704,2021-02-20
4996,388,5166,250493,174578,80038,78.3,6.78373,4.72784,2.16755,174578,80038,4.72784,2.16755,2021-02-21
9611,712,9888,260381,184189,80750,81.4,7.05151,4.98812,2.18683,184189,80750,4.98812,2.18683,2021-02-22
7589,583,7756,268137,191778,81333,73.6,7.26156,5.19364,2.20262,191778,81333,5.19364,2.20262,2021-02-23
10204,400,10403,278540,201982,81733,76.4,7.54329,5.46998,2.21345,201982,81733,5.46998,2.21345,2021-02-24
9653,1232,10648,289188,211635,82965,79.4,7.83165,5.7314,2.24682,211635,82965,5.7314,2.24682,2021-02-25
8892,1495,10103,299291,220527,84460,82.1,8.10526,5.97221,2.28731,220527,84460,5.97221,2.28731,2021-02-26
1097,989,2000,301291,221624,85449,77.1,8.15942,6.00191,2.31409,221624,85449,6.00191,2.31409,2021-02-27
938,798,1665,302956,222562,86247,77.5,8.20451,6.02732,2.3357,222562,86247,6.02732,2.3357,2021-02-28
833,3721,4476,307432,223395,89968,76.7,8.32573,6.04988,2.43647,223395,89968,6.04988,2.43647,2021-03-01
7152,3601,10599,318031,230547,93569,71.1,8.61276,6.24356,2.53399,230547,93569,6.24356,2.53399,2021-03-02
14617,3799,18229,336260,245164,97368,75.1,9.10643,6.63941,2.63687,245164,97368,6.63941,2.63687,2021-03-03
14820,3320,17899,354159,259984,100688,79.1,9.59116,7.04076,2.72678,259984,100688,7.04076,2.72678,2021-03-04
12139,5031,16901,371060,272123,105719,82.8,10.04887,7.3695,2.86303,272123,105719,7.3695,2.86303,2021-03-05
2935,4307,7138,378198,275058,110026,84.4,10.24218,7.44899,2.97967,275058,110026,7.44899,2.97967,2021-03-06
2112,3675,5659,383857,277170,113701,85.6,10.39543,7.50618,3.0792,277170,113701,7.50618,3.0792,2021-03-07
1912,4881,6743,390600,279082,118582,87.1,10.57804,7.55796,3.21138,279082,118582,7.55796,3.21138,2021-03-08
5617,5671,11182,401782,284699,124253,80.5,10.88087,7.71008,3.36496,284699,124253,7.71008,3.36496,2021-03-09
14429,4124,18424,420206,299128,128377,77.8,11.37982,8.10084,3.47664,299128,128377,8.10084,3.47664,2021-03-10
12682,3598,16053,436259,311810,131975,80.7,11.81456,8.44429,3.57408,311810,131975,8.44429,3.57408,2021-03-11
13514,3783,17044,453303,325324,135758,83.8,12.27613,8.81027,3.67653,325324,135758,8.81027,3.67653,2021-03-12
5341,4164,9310,462613,330665,139922,83.2,12.52826,8.95491,3.7893,330665,139922,8.95491,3.7893,2021-03-13
3256,4048,7191,469804,333921,143970,84.4,12.72301,9.04309,3.89893,333921,143970,9.04309,3.89893,2021-03-14
4254,4651,8703,478507,338175,148621,78.8,12.9587,9.15829,4.02488,338175,148621,9.15829,4.02488,2021-03-15
2665,2353,4925,483432,340840,150974,79.6,13.09207,9.23047,4.08861,340840,150974,9.23047,4.08861,2021-03-16
6918,4639,11449,494881,347758,155613,81.5,13.40213,9.41782,4.21424,347758,155613,9.41782,4.21424,2021-03-17
6006,4140,9999,504880,353764,159753,83.2,13.67292,9.58047,4.32635,353764,159753,9.58047,4.32635,2021-03-18
7285,3067,10178,515058,361049,162820,84.8,13.94855,9.77776,4.40941,361049,162820,9.77776,4.40941,2021-03-19
5455,1249,6594,521652,366504,164069,85.9,14.12713,9.92549,4.44324,366504,164069,9.92549,4.44324,2021-03-20
1864,1490,3298,524950,368368,165559,86.5,14.21644,9.97597,4.48359,368368,165559,9.97597,4.48359,2021-03-21
4815,606,5264,530214,373183,166165,77.8,14.359,10.10636,4.5,373183,166165,10.10636,4.5,2021-03-22
7160,2508,9444,539658,380343,168673,79.1,14.61476,10.30027,4.56792,380343,168673,10.30027,4.56792,2021-03-23
10560,9668,20049,559707,390903,178341,82.0,15.15772,10.58625,4.82975,390903,178341,10.58625,4.82975,2021-03-24
15583,8712,24000,583707,406486,187053,83.5,15.80767,11.00826,5.06568,406486,187053,11.00826,5.06568,2021-03-25
14924,6073,20755,604462,421410,193126,86.4,16.36975,11.41242,5.23015,421410,193126,11.41242,5.23015,2021-03-26
8651,380,8867,613329,430061,193506,87.7,16.60988,11.64671,5.24044,430061,193506,11.64671,5.24044,2021-03-27
5958,351,6211,619540,436019,193857,88.6,16.77808,11.80806,5.24994,436019,193857,11.80806,5.24994,2021-03-28
9343,518,9691,629231,445362,194375,81.2,17.04053,12.06108,5.26397,445362,194375,12.06108,5.26397,2021-03-29
13469,3815,17046,646277,458831,198190,83.4,17.50216,12.42584,5.36729,458831,198190,12.42584,5.36729,2021-03-30
20553,12662,32817,679094,479384,210852,87.7,18.3909,12.98245,5.71019,479384,210852,12.98245,5.71019,2021-03-31
16437,11006,27178,706272,495821,221858,91.1,19.12692,13.42759,6.00825,495821,221858,13.42759,6.00825,2021-04-01
23937,8391,32021,738293,519758,230249,91.1,19.9941,14.07584,6.23549,519758,230249,14.07584,6.23549,2021-04-02
13902,1370,15024,753317,533660,231619,85.1,20.40097,14.45232,6.27259,533660,231619,14.45232,6.27259,2021-04-03
13676,470,13931,767248,547336,232089,86.6,20.77824,14.82269,6.28532,547336,232089,14.82269,6.28532,2021-04-04
14551,949,15288,782536,561887,233038,88.4,21.19226,15.21675,6.31102,561887,233038,15.21675,6.31102,2021-04-05
18509,4222,22253,804789,580396,237260,80.7,21.79491,15.71801,6.42536,580396,237260,15.71801,6.42536,2021-04-06
28583,7763,35862,840651,608979,245023,84.3,22.76611,16.49208,6.6356,608979,245023,16.49208,6.6356,2021-04-07
23375,6849,29827,870478,632354,251872,87.3,23.57387,17.12511,6.82108,632354,251872,17.12511,6.82108,2021-04-08
21170,3917,24615,895093,653524,255789,89.8,24.24048,17.69842,6.92715,653524,255789,17.69842,6.92715,2021-04-09
10975,992,11717,906810,664499,256781,91.0,24.55779,17.99564,6.95402,664499,256781,17.99564,6.95402,2021-04-10
3486,316,3642,910452,667985,257097,91.3,24.65642,18.09005,6.96258,667985,257097,18.09005,6.96258,2021-04-11
1976,829,2632,913084,669961,257926,89.7,24.7277,18.14356,6.98503,669961,257926,18.14356,6.98503,2021-04-12
6022,2773,8504,921588,675983,260699,90.0,24.958,18.30665,7.06013,675983,260699,18.30665,7.06013,2021-04-13
15078,5702,20208,941796,691061,266401,84.2,25.50527,18.71498,7.21454,691061,266401,18.71498,7.21454,2021-04-14
15895,9173,24520,966316,706956,275574,86.1,26.16931,19.14544,7.46296,706956,275574,19.14544,7.46296,2021-04-15
22078,7609,29019,995335,729034,283183,88.7,26.95518,19.74335,7.66903,729034,283183,19.74335,7.66903,2021-04-16
18441,2662,20588,1015923,747475,285845,90.5,27.51274,20.24276,7.74112,747475,285845,20.24276,7.74112,2021-04-17
7335,1328,8374,1024297,754810,287173,91.2,27.73952,20.4414,7.77708,754810,287173,20.4414,7.77708,2021-04-18
8072,1366,9106,1033403,762882,288539,89.6,27.98612,20.66,7.81407,762882,288539,20.66,7.81407,2021-04-19
12572,5964,18164,1051567,775454,294503,91.2,28.47803,21.00047,7.97559,775454,294503,21.00047,7.97559,2021-04-20
17490,12812,29650,1081217,792944,307315,84.9,29.281,21.47413,8.32256,792944,307315,21.47413,8.32256,2021-04-21
18240,18410,35806,1117023,811184,325725,86.9,30.25068,21.9681,8.82113,811184,325725,21.9681,8.82113,2021-04-22
9335,16945,25743,1142766,820519,342670,88.9,30.94784,22.2209,9.28002,820519,342670,22.2209,9.28002,2021-04-23
5990,7837,13454,1156220,826509,350507,90.0,31.31219,22.38312,9.49226,826509,350507,22.38312,9.49226,2021-04-24
8921,8696,11067,1167287,835430,359203,90.8,31.61191,22.62471,9.72776,835430,359203,22.62471,9.72776,2021-04-25
7590,6940,10148,1177435,843020,366143,90.1,31.88673,22.83026,9.91571,843020,366143,22.83026,9.91571,2021-04-26
3870,6722,10378,1187813,846890,372865,90.9,32.16778,22.93507,10.09775,846890,372865,22.93507,10.09775,2021-04-27
3803,15717,19144,1206957,850693,388582,84.0,32.68623,23.03806,10.52339,850693,388582,23.03806,10.52339,2021-04-28
19222,20889,39427,1246384,869915,409471,86.8,33.75397,23.55862,11.0891,869915,409471,23.55862,11.0891,2021-04-29
20299,20636,40265,1286649,890214,430107,89.6,34.84441,24.10835,11.64795,890214,430107,24.10835,11.64795,2021-04-30
14112,9630,23340,1309989,904326,439737,83.2,35.47649,24.49052,11.90875,904326,439737,24.49052,11.90875,2021-05-01
9213,2217,11182,1321171,913539,441954,83.9,35.77932,24.74002,11.96879,913539,441954,24.74002,11.96879,2021-05-02
10612,1599,11954,1333125,924151,443553,84.6,36.10305,25.02741,12.01209,924151,443553,25.02741,12.01209,2021-05-03
12859,5925,18331,1351456,937010,449478,85.8,36.59948,25.37565,12.17255,937010,449478,25.37565,12.17255,2021-05-04
15591,15325,30167,1381623,952601,464803,81.3,37.41645,25.79788,12.58757,952601,464803,25.79788,12.58757,2021-05-05
14151,18009,31456,1413079,966752,482812,83.2,38.26833,26.18111,13.07528,966752,482812,26.18111,13.07528,2021-05-06
11960,22973,32209,1445288,978712,505785,84.0,39.1406,26.50501,13.69743,978712,505785,26.50501,13.69743,2021-05-07
13662,19649,29197,1474485,992374,525434,85.7,39.93129,26.875,14.22955,992374,525434,26.875,14.22955,2021-05-08
9676,14747,22560,1497045,1002050,540181,87.0,40.54225,27.13704,14.62892,1002050,540181,27.13704,14.62892,2021-05-09
15593,11925,26247,1523292,1017643,552106,88.5,41.25306,27.55932,14.95187,1017643,552106,27.55932,14.95187,2021-05-10
12480,16485,27974,1551266,1030123,568591,90.1,42.01064,27.8973,15.39831,1030123,568591,27.8973,15.39831,2021-05-11
14166,20678,34232,1585498,1044289,589269,85.9,42.93769,28.28093,15.9583,1044289,589269,28.28093,15.9583,2021-05-12
13839,22052,35224,1620722,1058128,611321,87.8,43.89161,28.65571,16.5555,1058128,611321,28.65571,16.5555,2021-05-13
20665,13538,33422,1654144,1078793,624859,88.3,44.79673,29.21535,16.92213,1078793,624859,29.21535,16.92213,2021-05-14
23470,6523,29381,1683525,1102263,631382,89.9,45.59242,29.85096,17.09878,1102263,631382,29.85096,17.09878,2021-05-15
24223,2811,26693,1710218,1126486,634193,91.3,46.3153,30.50695,17.17491,1126486,634193,30.50695,17.17491,2021-05-16
20837,9254,29789,1740007,1147323,643447,92.9,47.12203,31.07125,17.42552,1147323,643447,31.07125,17.42552,2021-05-17
20020,9104,28861,1768868,1167343,652551,94.4,47.90363,31.61342,17.67207,1167343,652551,31.61342,17.67207,2021-05-18
18910,9345,27983,1796851,1186253,661896,90.0,48.66146,32.12553,17.92515,1186253,661896,32.12553,17.92515,2021-05-19
18926,11748,29793,1826644,1205179,673644,91.4,49.46829,32.63808,18.2433,1205179,673644,32.63808,18.2433,2021-05-20
17482,12759,28965,1855609,1222661,686403,91.3,50.25271,33.11152,18.58884,1222661,686403,33.11152,18.58884,2021-05-21
21739,9406,26039,1881648,1244400,695809,92.6,50.95789,33.70024,18.84356,1244400,695809,33.70024,18.84356,2021-05-22
25884,4945,28447,1910095,1270284,700754,94.0,51.72827,34.40122,18.97748,1270284,700754,34.40122,18.97748,2021-05-23
24182,9900,33771,1943866,1294466,710654,93.8,52.64284,35.05611,19.24559,1294466,710654,35.05611,19.24559,2021-05-24
19568,14946,34217,1978083,1314034,725600,95.4,53.56949,35.58604,19.65035,1314034,725600,35.58604,19.65035,2021-05-25
20407,15514,35628,2013711,1334441,741114,91.5,54.53435,36.13869,20.07049,1334441,741114,36.13869,20.07049,2021-05-26
13501,15143,28387,2042098,1347942,756257,92.8,55.30312,36.50432,20.48059,1347942,756257,36.50432,20.48059,2021-05-27
17658,13529,30161,2072259,1365600,769786,94.2,56.11992,36.98252,20.84697,1365600,769786,36.98252,20.84697,2021-05-28
23409,13228,31588,2103847,1389009,783014,95.6,56.97537,37.61647,21.20521,1389009,783014,37.61647,21.20521,2021-05-29
21755,9813,28711,2132558,1410764,792827,94.3,57.75291,38.20563,21.47096,1410764,792827,38.20563,21.47096,2021-05-30
19514,11373,30367,2162925,1430278,804200,95.6,58.5753,38.7341,21.77896,1430278,804200,38.7341,21.77896,2021-05-31
23133,4910,26972,2189897,1453411,809110,88.9,59.30574,39.36058,21.91193,1453411,809110,39.36058,21.91193,2021-06-01
22106,6311,27620,2217517,1475517,815421,90.0,60.05373,39.95924,22.08284,1475517,815421,39.95924,22.08284,2021-06-02
27476,7799,32069,2249586,1502993,823220,91.3,60.92221,40.70333,22.29405,1502993,823220,40.70333,22.29405,2021-06-03
20531,10096,28349,2277935,1523524,833316,88.7,61.68994,41.25934,22.56746,1523524,833316,41.25934,22.56746,2021-06-04
20832,10725,28457,2306392,1544356,844041,89.8,62.4606,41.82351,22.85791,1544356,844041,41.82351,22.85791,2021-06-05
22959,6258,28335,2334727,1567315,850299,90.1,63.22795,42.44527,23.02739,1567315,850299,42.44527,23.02739,2021-06-06
31327,4930,34985,2369712,1598642,855229,91.5,64.1754,43.29365,23.1609,1598642,855229,43.29365,23.1609,2021-06-07
32122,2250,32614,2402326,1630764,857479,92.7,65.05864,44.16357,23.22183,1630764,857479,44.16357,23.22183,2021-06-08
34400,2848,34863,2437189,1665164,860327,88.1,66.00278,45.09517,23.29896,1665164,860327,45.09517,23.29896,2021-06-09
25908,3569,26469,2463658,1691072,863896,89.1,66.7196,45.7968,23.39562,1691072,863896,45.7968,23.39562,2021-06-10
25111,6956,29776,2493434,1716183,870852,89.9,67.52598,46.47684,23.584,1716183,870852,46.47684,23.584,2021-06-11
25019,6712,29412,2522846,1741202,877564,90.9,68.3225,47.1544,23.76577,1741202,877564,47.1544,23.76577,2021-06-12
22962,2246,24625,2547471,1764164,879810,91.8,68.98939,47.77624,23.82659,1764164,879810,47.77624,23.82659,2021-06-13
27732,4663,31842,2579313,1791896,884473,92.2,69.85172,48.52727,23.95287,1791896,884473,48.52727,23.95287,2021-06-14
26662,5176,31242,2610555,1818558,889649,93.3,70.6978,49.24931,24.09305,1818558,889649,49.24931,24.09305,2021-06-15
26616,6499,31807,2642362,1845174,896148,87.7,71.55918,49.97012,24.26905,1845174,896148,49.97012,24.26905,2021-06-16
27062,7014,32628,2674990,1872236,903162,88.7,72.44279,50.703,24.459,1872236,903162,50.703,24.459,2021-06-17
25422,6624,30840,2705830,1897658,909786,89.8,73.27799,51.39146,24.63839,1897658,909786,51.39146,24.63839,2021-06-18
21737,5454,26530,2732360,1919395,915240,90.7,73.99646,51.98013,24.78609,1919395,915240,51.98013,24.78609,2021-06-19
15664,10102,25192,2757552,1935059,925342,90.3,74.6787,52.40434,25.05967,1935059,925342,52.40434,25.05967,2021-06-20
18403,13224,31216,2788768,1953462,938566,91.3,75.52407,52.90272,25.41779,1953462,938566,52.90272,25.41779,2021-06-21
22846,8807,31074,2819842,1976308,947373,92.3,76.36561,53.52142,25.6563,1976308,947373,53.52142,25.6563,2021-06-22
20186,12182,31593,2851435,1996494,959555,86.2,77.22119,54.06809,25.98621,1996494,959555,54.06809,25.98621,2021-06-23
19720,10666,29477,2880912,2016214,970221,86.7,78.01947,54.60214,26.27506,2016214,970221,54.60214,26.27506,2021-06-24
12381,21827,33661,2914573,2028595,992048,87.7,78.93107,54.93743,26.86617,2028595,992048,54.93743,26.86617,2021-06-25
10216,24696,34596,2949169,2038811,1016744,87.8,79.86798,55.2141,27.53497,2038811,1016744,55.2141,27.53497,2021-06-26
6046,27447,33324,2982493,2044857,1044191,88.8,80.77044,55.37783,28.27828,2044857,1044191,55.37783,28.27828,2021-06-27
8607,29390,37715,3020208,2053464,1073581,89.9,81.79182,55.61093,29.0742,2053464,1073581,55.61093,29.0742,2021-06-28
8131,29255,37069,3057277,2061595,1102836,91.0,82.79571,55.83113,29.86647,2061595,1102836,55.83113,29.86647,2021-06-29
8679,30132,38306,3095583,2070274,1132968,86.5,83.83309,56.06617,30.68249,2070274,1132968,56.06617,30.68249,2021-06-30
11005,21745,32103,3127686,2081279,1154713,87.4,84.70249,56.3642,31.27138,2081279,1154713,56.3642,31.27138,2021-07-01
11113,17859,28324,3156010,2092392,1172572,86.7,85.46955,56.66515,31.75503,2092392,1172572,56.66515,31.75503,2021-07-02
12263,17659,29445,3185455,2104655,1190231,87.5,86.26696,56.99726,32.23326,2104655,1190231,56.99726,32.23326,2021-07-03
9663,22375,31567,3217022,2114318,1212606,86.5,87.12184,57.25894,32.83921,2114318,1212606,57.25894,32.83921,2021-07-04
10574,20669,30539,3247561,2124892,1233275,87.4,87.94889,57.5453,33.39896,2124892,1233275,57.5453,33.39896,2021-07-05
11264,15067,25801,3273362,2136156,1248342,88.1,88.64762,57.85035,33.807,2136156,1248342,57.85035,33.807,2021-07-06
9523,16594,25655,3299017,2145679,1264936,86.0,89.34239,58.10825,34.25639,2145679,1264936,58.10825,34.25639,2021-07-07
9507,12367,21106,3320123,2155186,1277303,86.5,89.91398,58.36571,34.59131,2155186,1277303,58.36571,34.59131,2021-07-08
7885,21692,29151,3349274,2163071,1298995,87.3,90.70343,58.57925,35.17876,2163071,1298995,58.57925,35.17876,2021-07-09
8136,21580,29318,3378592,2171207,1320575,87.4,91.4974,58.79958,35.76318,2171207,1320575,58.79958,35.76318,2021-07-10
9340,17528,26196,3404788,2180547,1338103,88.1,92.20683,59.05253,36.23786,2180547,1338103,59.05253,36.23786,2021-07-11
9963,18700,28295,3433083,2190510,1356803,88.9,92.9731,59.32234,36.74429,2190510,1356803,59.32234,36.74429,2021-07-12
7884,21839,29355,3462438,2198394,1378642,89.6,93.76808,59.53585,37.33572,2198394,1378642,59.53585,37.33572,2021-07-13
8867,20536,28981,3491419,2207261,1399178,87.7,94.55293,59.77598,37.89187,2207261,1399178,59.77598,37.89187,2021-07-14
8342,23506,31271,3522690,2215603,1422684,88.4,95.3998,60.0019,38.52844,2215603,1422684,60.0019,38.52844,2021-07-15
7961,20579,27697,3550387,2223564,1443263,89.1,96.14987,60.21749,39.08575,2223564,1443263,60.21749,39.08575,2021-07-16
9203,19075,27770,3578157,2232767,1462338,89.8,96.90193,60.46672,39.60233,2232767,1462338,60.46672,39.60233,2021-07-17
8549,22116,30402,3608559,2241316,1484454,89.9,97.72526,60.69824,40.20127,2241316,1484454,60.69824,40.20127,2021-07-18
9081,29343,38046,3646605,2250397,1513797,90.9,98.7556,60.94417,40.99592,2250397,1513797,60.94417,40.99592,2021-07-19
8158,29547,37350,3683955,2258555,1543344,91.0,99.7671,61.1651,41.7961,2258555,1543344,61.1651,41.7961,2021-07-20
7581,31362,38529,3722484,2266136,1574706,89.3,100.81052,61.37041,42.64543,2266136,1574706,61.37041,42.64543,2021-07-21
4650,35158,39426,3761910,2270786,1609864,90.3,101.87824,61.49634,43.59756,2270786,1609864,61.49634,43.59756,2021-07-22
4544,34195,38477,3800387,2275330,1644059,91.2,102.92025,61.61939,44.52362,2275330,1644059,61.61939,44.52362,2021-07-23
7085,31680,38475,3838862,2282415,1675739,92.1,103.96222,61.81127,45.38156,2282415,1675739,61.81127,45.38156,2021-07-24
7230,26924,33934,3872796,2289645,1702663,92.9,104.8812,62.00707,46.1107,2289645,1702663,62.00707,46.1107,2021-07-25
10392,28546,38316,3911112,2300037,1731209,93.2,105.91886,62.2885,46.88377,2300037,1731209,62.2885,46.88377,2021-07-26
11614,27721,38747,3949859,2311651,1758930,94.1,106.96818,62.60302,47.6345,2311651,1758930,62.60302,47.6345,2021-07-27
12445,26759,38592,3988451,2324096,1785689,91.7,108.01331,62.94005,48.35917,2324096,1785689,62.94005,48.35917,2021-07-28
12959,27206,39428,4027879,2337055,1812895,92.6,109.08108,63.291,49.09595,2337055,1812895,63.291,49.09595,2021-07-29
11159,27727,37935,4065814,2348214,1840622,93.5,110.10842,63.5932,49.84684,2348214,1840622,63.5932,49.84684,2021-07-30
12838,23840,35871,4101685,2361052,1864462,94.3,111.07986,63.94088,50.49246,2361052,1864462,63.94088,50.49246,2021-07-31
14284,16565,29945,4131630,2375336,1881027,95.0,111.89082,64.32771,50.94107,2375336,1881027,64.32771,50.94107,2021-08-01
13757,22773,35328,4166958,2389093,1903800,95.1,112.84755,64.70027,51.5578,2389093,1903800,64.70027,51.5578,2021-08-02
12549,24704,36371,4203329,2401642,1928504,95.9,113.83254,65.04011,52.22682,2401642,1928504,65.04011,52.22682,2021-08-03
11772,23997,34868,4238197,2413414,1952501,94.0,114.77681,65.35892,52.87669,2413414,1952501,65.35892,52.87669,2021-08-04
12491,23227,34774,4272971,2425905,1975728,94.8,115.71855,65.69719,53.50572,2425905,1975728,65.69719,53.50572,2021-08-05
15837,18418,32995,4305966,2441742,1994146,95.6,116.6121,66.12608,54.0045,2441742,1994146,66.12608,54.0045,2021-08-06
14726,16471,30510,4336476,2456468,2010617,96.2,117.43836,66.52489,54.45056,2456468,2010617,66.52489,54.45056,2021-08-07
15114,10629,25053,4361529,2471582,2021246,96.0,118.11683,66.9342,54.73841,2471582,2021246,66.9342,54.73841,2021-08-08
19206,11197,28995,4390524,2490788,2032443,96.7,118.90206,67.45432,55.04164,2490788,2032443,67.45432,55.04164,2021-08-09
17002,9867,25952,4416476,2507790,2042310,97.2,119.60488,67.91476,55.30886,2507790,2042310,67.91476,55.30886,2021-08-10
17660,10576,27088,4443564,2525450,2052886,95.3,120.33846,68.39302,55.59527,2525450,2052886,68.39302,55.59527,2021-08-11
14963,11984,25869,4469433,2540413,2064870,95.4,121.03904,68.79824,55.91982,2540413,2064870,68.79824,55.91982,2021-08-12
11890,11980,23134,4492567,2552303,2076850,95.2,121.66554,69.12024,56.24425,2552303,2076850,69.12024,56.24425,2021-08-13
10885,12027,22409,4514976,2563188,2088877,95.6,122.27241,69.41503,56.56996,2563188,2088877,69.41503,56.56996,2021-08-14
5460,9444,14700,4529676,2568648,2098321,96.0,122.67051,69.56289,56.82572,2568648,2098321,69.56289,56.82572,2021-08-15
17327,13600,30036,4559712,2585975,2111921,96.6,123.48393,70.03213,57.19403,2585975,2111921,70.03213,57.19403,2021-08-16
11992,15119,26044,4585756,2597967,2127040,96.8,124.18924,70.35689,57.60348,2597967,2127040,70.35689,57.60348,2021-08-17
13465,13385,25975,4611731,2611432,2140425,93.4,124.89268,70.72155,57.96596,2611432,2140425,70.72155,57.96596,2021-08-18
12558,13069,24219,4635950,2623990,2153494,93.9,125.54857,71.06164,58.31989,2623990,2153494,71.06164,58.31989,2021-08-19
10473,10430,20249,4656199,2634463,2163924,94.3,126.09694,71.34526,58.60235,2634463,2163924,71.34526,58.60235,2021-08-20
8537,9874,18002,4674201,2643000,2173798,94.6,126.58447,71.57646,58.86975,2643000,2173798,71.57646,58.86975,2021-08-21
7639,11480,18546,4692747,2650639,2185278,95.0,127.08672,71.78333,59.18065,2650639,2185278,71.78333,59.18065,2021-08-22
12211,11834,22763,4715510,2662850,2197112,95.5,127.70318,72.11402,59.50113,2662850,2197112,72.11402,59.50113,2021-08-23
13630,9491,21945,4737455,2676480,2206603,94.1,128.29748,72.48315,59.75816,2676480,2206603,72.48315,59.75816,2021-08-24
11363,10203,20350,4757805,2687843,2216806,94.5,128.84859,72.79087,60.03447,2687843,2216806,72.79087,60.03447,2021-08-25
10237,9446,18614,4776419,2698080,2226252,91.0,129.35268,73.06811,60.29029,2698080,2226252,73.06811,60.29029,2021-08-26
8295,8753,16316,4792735,2706375,2235005,91.3,129.79455,73.29275,60.52733,2706375,2235005,73.29275,60.52733,2021-08-27
6862,9531,15835,4808570,2713237,2244536,91.6,130.22338,73.47858,60.78545,2713237,2244536,73.47858,60.78545,2021-08-28
8206,9449,17051,4825621,2721443,2253985,91.9,130.68515,73.70081,61.04134,2721443,2253985,73.70081,61.04134,2021-08-29
14315,12193,24874,4850495,2735758,2266178,92.4,131.35877,74.08848,61.37154,2735758,2266178,74.08848,61.37154,2021-08-30
12201,9830,21005,4871500,2747959,2276008,92.8,131.92762,74.41891,61.63775,2747959,2276008,74.41891,61.63775,2021-08-31
14487,10274,23683,4895183,2762446,2286282,93.2,132.56899,74.81124,61.91599,2762446,2286282,74.81124,61.91599,2021-09-01
12033,7545,18174,4913357,2774479,2293827,91.4,133.06117,75.13711,62.12032,2774479,2293827,75.13711,62.12032,2021-09-02
8303,6672,14233,4927590,2782782,2300499,91.7,133.44662,75.36196,62.30101,2782782,2300499,75.36196,62.30101,2021-09-03
8352,9316,16740,4944330,2791134,2309815,92.0,133.89997,75.58815,62.5533,2791134,2309815,75.58815,62.5533,2021-09-04
6918,8875,15216,4959546,2798052,2318690,92.3,134.31204,75.7755,62.79365,2798052,2318690,75.7755,62.79365,2021-09-05
10514,13554,22870,4982416,2808566,2332244,92.7,134.9314,76.06023,63.16071,2808566,2332244,76.06023,63.16071,2021-09-06
7394,12321,18983,5001399,2815960,2344565,91.3,135.44548,76.26048,63.49438,2815960,2344565,76.26048,63.49438,2021-09-07
7958,14227,21376,5022775,2823918,2358792,89.7,136.02438,76.47599,63.87967,2823918,2358792,76.47599,63.87967,2021-09-08
7849,13226,20083,5042858,2831767,2372018,90.0,136.56826,76.68855,64.23785,2831767,2372018,76.68855,64.23785,2021-09-09
6149,12650,18154,5061012,2837916,2384668,90.4,137.05989,76.85508,64.58043,2837916,2384668,76.85508,64.58043,2021-09-10
6073,13681,19114,5080126,2843989,2398349,90.7,137.57753,77.01954,64.95094,2843989,2398349,77.01954,64.95094,2021-09-11
4886,14000,18322,5098448,2848875,2412349,91.0,138.07372,77.15186,65.33008,2848875,2412349,77.15186,65.33008,2021-09-12
3910,14969,18487,5116935,2852785,2427318,91.4,138.57437,77.25775,65.73546,2852785,2427318,77.25775,65.73546,2021-09-13
3538,12977,16162,5133097,2856323,2440295,91.6,139.01207,77.35357,66.0869,2856323,2440295,77.35357,66.0869,2021-09-14
4282,13044,16768,5149865,2860605,2453339,91.3,139.46617,77.46953,66.44015,2860605,2453339,77.46953,66.44015,2021-09-15
4778,13312,17569,5167434,2865383,2466651,90.3,139.94196,77.59893,66.80066,2865383,2466651,77.59893,66.80066,2021-09-16
4651,15410,19545,5186979,2870034,2482061,91.1,140.47127,77.72488,67.21798,2870034,2482061,77.72488,67.21798,2021-09-17
6332,16623,22259,5209238,2876366,2498684,91.5,141.07408,77.89636,67.66816,2876366,2498684,77.89636,67.66816,2021-09-18
6117,16332,21805,5231043,2882483,2515016,91.9,141.66459,78.06202,68.11045,2882483,2515016,78.06202,68.11045,2021-09-19
3798,18701,22135,5253178,2886281,2533717,92.2,142.26404,78.16487,68.61691,2886281,2533717,78.16487,68.61691,2021-09-20
3142,16824,19706,5272884,2889423,2550541,92.6,142.79771,78.24997,69.07253,2889423,2550541,78.24997,69.07253,2021-09-21
5188,17640,22371,5295255,2894611,2568181,91.2,143.40355,78.39046,69.55024,2894611,2568181,78.39046,69.55024,2021-09-22
4939,14946,19399,5314654,2899550,2583127,91.6,143.92891,78.52422,69.955,2899550,2583127,78.52422,69.955,2021-09-23
5099,14260,18859,5333513,2904649,2597387,91.9,144.43964,78.66231,70.34119,2904649,2597387,78.66231,70.34119,2021-09-24
6257,14918,20529,5354042,2910906,2612305,92.3,144.99559,78.83176,70.74519,2910906,2612305,78.83176,70.74519,2021-09-25
5324,10431,15216,5369258,2916230,2622736,92.5,145.40766,78.97594,71.02768,2916230,2622736,78.97594,71.02768,2021-09-26
4814,16860,21115,5390373,2921044,2639596,92.9,145.97949,79.10631,71.48427,2921044,2639596,79.10631,71.48427,2021-09-27
4384,12653,16585,5406958,2925428,2652249,93.2,146.42864,79.22504,71.82693,2925428,2652249,79.22504,71.82693,2021-09-28
5537,14154,19165,5426123,2930965,2666403,89.1,146.94766,79.37499,72.21024,2930965,2666403,79.37499,72.21024,2021-09-29
5417,13030,17892,5444015,2936382,2679433,89.4,147.4322,79.52169,72.56312,2936382,2679433,79.52169,72.56312,2021-09-30
2971,10081,12773,5456788,2939353,2689514,89.6,147.77811,79.60215,72.83613,2939353,2689514,79.60215,72.83613,2021-10-01
3616,9761,13006,5469794,2942969,2699275,89.8,148.13033,79.70007,73.10047,2942969,2699275,79.70007,73.10047,2021-10-02
2476,8386,10637,5480431,2945445,2707661,90.0,148.4184,79.76713,73.32757,2945445,2707661,79.76713,73.32757,2021-10-03
3294,9832,12841,5493272,2948739,2717493,90.2,148.76615,79.85633,73.59384,2948739,2717493,79.85633,73.59384,2021-10-04
2936,10593,13253,5506525,2951675,2728086,90.4,149.12506,79.93584,73.88071,2951675,2728086,79.93584,73.88071,2021-10-05
3766,9755,13118,5519643,2955441,2737841,89.6,149.48032,80.03783,74.14489,2955441,2737841,80.03783,74.14489,2021-10-06
3915,8734,12248,5531891,2959356,2746575,89.8,149.81201,80.14386,74.38142,2959356,2746575,80.14386,74.38142,2021-10-07
3551,8059,11192,5543083,2962907,2754634,90.0,150.11511,80.24002,74.59967,2962907,2754634,80.24002,74.59967,2021-10-08
3142,7840,10582,5553665,2966049,2762474,90.2,150.40169,80.32511,74.81199,2966049,2762474,80.32511,74.81199,2021-10-09
1392,7013,8282,5561947,2967441,2769487,90.3,150.62598,80.36281,75.00192,2967441,2769487,80.36281,75.00192,2021-10-10
2885,9156,11800,5573747,2970326,2778643,90.5,150.94554,80.44094,75.24987,2970326,2778643,80.44094,75.24987,2021-10-11
3367,8364,11424,5585171,2973693,2787007,90.7,151.25492,80.53212,75.47638,2973693,2787007,80.53212,75.47638,2021-10-12
4490,10485,14605,5599776,2978183,2797492,91.0,151.65044,80.65372,75.76033,2978183,2797492,80.65372,75.76033,2021-10-13
4556,8882,13044,5612820,2982739,2806374,91.2,152.00369,80.7771,76.00087,2982739,2806374,80.7771,76.00087,2021-10-14
4329,7650,11623,5624443,2987068,2814024,91.4,152.31846,80.89434,76.20805,2987068,2814024,80.89434,76.20805,2021-10-15
3695,7983,11216,5635659,2990763,2822007,91.5,152.62221,80.99441,76.42424,2990763,2822007,80.99441,76.42424,2021-10-16
1705,6459,7998,5643657,2992468,2828466,91.7,152.83881,81.04058,76.59916,2992468,2828466,81.04058,76.59916,2021-10-17
2361,7362,9513,5653170,2994829,2835828,91.8,153.09643,81.10452,76.79853,2994829,2835828,81.10452,76.79853,2021-10-18
1705,4917,6425,5659595,2996534,2840745,91.9,153.27043,81.15069,76.93169,2996534,2840745,81.15069,76.93169,2021-10-19
0,0,0,5659595,2996534,2840745,91.9,153.27043,81.15069,76.93169,2996534,2840745,81.15069,76.93169,2021-10-20
1821,6207,23166,5682761,2998355,2846952,94.9,153.8978,81.20001,77.09979,2998355,2846952,81.20001,77.09979,2021-10-21
1821,6208,23167,5705928,3000176,2853160,94.9,154.5252,81.24932,77.26791,3000176,2853160,81.24932,77.26791,2021-10-22
1821,6208,23167,5729095,3001997,2859368,94.9,155.1526,81.29864,77.43603,3001997,2859368,81.29864,77.43603,2021-10-23
1821,6208,23167,5752262,3003818,2865576,94.9,155.78,81.34796,77.60415,3003818,2865576,81.34796,77.60415,2021-10-24
1821,6207,23166,5775428,3005639,2871783,94.9,156.40737,81.39727,77.77225,3005639,2871783,81.39727,77.77225,2021-10-25
1821,6208,23167,5798595,3007460,2877991,94.9,157.03476,81.44659,77.94037,3007460,2877991,81.44659,77.94037,2021-10-26
1821,6208,23167,5821762,3009281,2884199,94.9,157.66216,81.4959,78.10849,3009281,2884199,81.4959,78.10849,2021-10-27
1821,6208,23167,5844929,3011102,2890407,94.9,158.28956,81.54522,78.27661,3011102,2890407,81.54522,78.27661,2021-10-28
