delta_1d,delta_2d,delta_all,sum_doses,sum_1d,sum_2d,perc_doses,perc_inh_tot,perc_inh_1d,perc_inh_2d,sum_monotone_1d,sum_monotone_2d,perc_inh_monotone_1d,perc_inh_monotone_2d,date
0,0,0,0,0,0,0,0,0,0,0,0,0,0,2020-12-26
92,0,92,92,92,0,108.2,0.01057,0.01057,0.0,92,0,0.01057,0.0,2020-12-27
0,0,0,92,92,0,108.2,0.01057,0.01057,0.0,92,0,0.01057,0.0,2020-12-28
0,0,0,92,92,0,108.2,0.01057,0.01057,0.0,92,0,0.01057,0.0,2020-12-29
0,0,0,92,92,0,1.9,0.01057,0.01057,0.0,92,0,0.01057,0.0,2020-12-30
345,0,345,437,437,0,8.8,0.05022,0.05022,0.0,437,0,0.05022,0.0,2020-12-31
292,1,292,729,729,1,14.7,0.08378,0.08378,0.00011,729,1,0.08378,0.00011,2021-01-01
326,0,326,1055,1055,1,21.3,0.12124,0.12124,0.00011,1055,1,0.12124,0.00011,2021-01-02
291,0,291,1346,1346,1,27.1,0.15468,0.15468,0.00011,1346,1,0.15468,0.00011,2021-01-03
847,2,847,2193,2193,3,44.2,0.25202,0.25202,0.00034,2193,3,0.25202,0.00034,2021-01-04
902,0,902,3095,3095,3,31.5,0.35568,0.35568,0.00034,3095,3,0.35568,0.00034,2021-01-05
879,2,879,3974,3974,5,40.4,0.45669,0.45669,0.00057,3974,5,0.45669,0.00057,2021-01-06
1393,5,1393,5367,5367,10,54.6,0.61678,0.61678,0.00115,5367,10,0.61678,0.00115,2021-01-07
1245,2,1245,6612,6612,12,67.2,0.75986,0.75986,0.00138,6612,12,0.75986,0.00138,2021-01-08
1796,11,1796,8408,8408,23,85.5,0.96625,0.96625,0.00264,8408,23,0.96625,0.00264,2021-01-09
1090,2,1090,9498,9498,25,96.6,1.09152,1.09152,0.00287,9498,25,1.09152,0.00287,2021-01-10
1386,3,1386,10884,10884,28,110.7,1.2508,1.2508,0.00322,10884,28,1.2508,0.00322,2021-01-11
881,1,881,11765,11765,29,75.0,1.35204,1.35204,0.00333,11765,29,1.35204,0.00333,2021-01-12
475,2,475,12240,12240,31,73.4,1.40663,1.40663,0.00356,12240,31,1.40663,0.00356,2021-01-13
749,8,749,12989,12989,39,77.8,1.49271,1.49271,0.00448,12989,39,1.49271,0.00448,2021-01-14
764,2,764,13753,13753,41,82.4,1.5805,1.5805,0.00471,13753,41,1.5805,0.00471,2021-01-15
242,0,242,13995,13995,41,83.9,1.60832,1.60832,0.00471,13995,41,1.60832,0.00471,2021-01-16
56,0,56,14051,14051,41,84.2,1.61475,1.61475,0.00471,14051,41,1.61475,0.00471,2021-01-17
587,93,679,14730,14638,134,77.4,1.69278,1.68221,0.0154,14638,134,1.68221,0.0154,2021-01-18
102,0,102,14832,14740,134,78.0,1.7045,1.69393,0.0154,14740,134,1.69393,0.0154,2021-01-19
624,4,624,15456,15364,138,68.6,1.77621,1.76564,0.01586,15364,138,1.76564,0.01586,2021-01-20
379,290,668,16124,15743,428,71.6,1.85298,1.8092,0.04919,15743,428,1.8092,0.04919,2021-01-21
32,261,293,16417,15775,689,72.9,1.88665,1.81287,0.07918,15775,689,1.81287,0.07918,2021-01-22
2,296,298,16715,15777,985,74.2,1.9209,1.8131,0.1132,15777,985,1.8131,0.1132,2021-01-23
1,273,274,16989,15778,1258,75.4,1.95239,1.81322,0.14457,15778,1258,1.81322,0.14457,2021-01-24
5,674,679,17668,15783,1932,78.4,2.03042,1.81379,0.22203,15783,1932,1.81379,0.22203,2021-01-25
19,843,862,18530,15802,2775,74.5,2.12948,1.81598,0.31891,15802,2775,1.81598,0.31891,2021-01-26
14,865,879,19409,15816,3640,78.0,2.2305,1.81759,0.41831,15816,3640,1.81759,0.41831,2021-01-27
20,1318,1338,20747,15836,4958,83.4,2.38426,1.81988,0.56978,15836,4958,1.81988,0.56978,2021-01-28
85,1205,1289,22036,15921,6163,88.6,2.53239,1.82965,0.70826,15921,6163,1.82965,0.70826,2021-01-29
44,1585,1629,23665,15965,7748,95.1,2.7196,1.83471,0.89041,15965,7748,1.83471,0.89041,2021-01-30
25,1068,1093,24758,15990,8816,99.5,2.84521,1.83758,1.01314,15990,8816,1.83758,1.01314,2021-01-31
52,1275,1327,26085,16042,10091,100.8,2.99771,1.84356,1.15967,16042,10091,1.84356,1.15967,2021-02-01
32,956,988,27073,16074,11047,88.6,3.11125,1.84724,1.26953,16074,11047,1.84724,1.26953,2021-02-02
68,709,777,27850,16142,11756,91.1,3.20054,1.85505,1.35101,16142,11756,1.85505,1.35101,2021-02-03
27,749,776,28626,16169,12505,93.7,3.28972,1.85815,1.43708,16169,12505,1.85815,1.43708,2021-02-04
18,823,840,29466,16187,13328,96.4,3.38625,1.86022,1.53166,16187,13328,1.86022,1.53166,2021-02-05
36,450,486,29952,16223,13778,98.0,3.44211,1.86436,1.58338,16223,13778,1.86436,1.58338,2021-02-06
1,55,56,30008,16224,13833,98.2,3.44854,1.86447,1.5897,16224,13833,1.86447,1.5897,2021-02-07
91,605,696,30704,16315,14438,100.5,3.52853,1.87493,1.65923,16315,14438,1.87493,1.65923,2021-02-08
0,0,0,30704,16315,14438,89.6,3.52853,1.87493,1.65923,16315,14438,1.87493,1.65923,2021-02-09
724,18,739,31443,17039,14456,76.2,3.61345,1.95813,1.66129,17039,14456,1.95813,1.66129,2021-02-10
851,6,856,32299,17890,14462,78.3,3.71182,2.05593,1.66198,17890,14462,2.05593,1.66198,2021-02-11
681,6,687,32986,18571,14468,79.9,3.79078,2.13419,1.66267,18571,14468,2.13419,1.66267,2021-02-12
113,3,116,33102,18684,14471,69.1,3.80411,2.14718,1.66302,18684,14471,2.14718,1.66302,2021-02-13
0,1,1,33103,18684,14472,69.1,3.80422,2.14718,1.66313,18684,14472,2.14718,1.66313,2021-02-14
1394,5,1395,34498,20078,14477,72.1,3.96454,2.30738,1.66371,20078,14477,2.30738,1.66371,2021-02-15
1322,14,1332,35830,21400,14491,74.8,4.11761,2.4593,1.66532,21400,14491,2.4593,1.66532,2021-02-16
1294,367,1659,37489,22694,14858,78.3,4.30826,2.60801,1.70749,22694,14858,2.60801,1.70749,2021-02-17
1046,513,1556,39045,23740,15371,66.9,4.48708,2.72822,1.76645,23740,15371,2.72822,1.76645,2021-02-18
531,229,759,39804,24271,15600,60.4,4.5743,2.78924,1.79276,24271,15600,2.78924,1.79276,2021-02-19
265,25,290,40094,24536,15625,60.8,4.60763,2.8197,1.79564,24536,15625,2.8197,1.79564,2021-02-20
1,0,1,40095,24537,15625,60.8,4.60775,2.81981,1.79564,24537,15625,2.81981,1.79564,2021-02-21
1866,96,1956,42051,26403,15721,63.8,4.83253,3.03425,1.80667,26403,15721,3.03425,1.80667,2021-02-22
1710,43,1752,43803,28113,15764,66.4,5.03387,3.23077,1.81161,28113,15764,3.23077,1.81161,2021-02-23
1573,16,1588,45391,29686,15780,59.4,5.21637,3.41154,1.81345,29686,15780,3.41154,1.81345,2021-02-24
1318,64,1372,46763,31004,15844,61.2,5.37404,3.563,1.8208,31004,15844,3.563,1.8208,2021-02-25
666,13,674,47437,31670,15857,62.0,5.45149,3.63954,1.8223,31670,15857,3.63954,1.8223,2021-02-26
1643,24,1659,49096,33313,15881,59.3,5.64215,3.82835,1.82506,33313,15881,3.82835,1.82506,2021-02-27
0,0,0,49096,33313,15881,59.3,5.64215,3.82835,1.82506,33313,15881,3.82835,1.82506,2021-02-28
1407,125,1526,50622,34720,16006,58.1,5.81752,3.99005,1.83942,34720,16006,3.99005,1.83942,2021-03-01
3664,28,3673,54295,38384,16034,55.0,6.23962,4.41112,1.84264,38384,16034,4.41112,1.84264,2021-03-02
3749,743,4483,58778,42133,16777,59.5,6.75481,4.84196,1.92803,42133,16777,4.84196,1.92803,2021-03-03
3682,872,4525,63303,45815,17649,64.1,7.27483,5.26509,2.02824,45815,17649,5.26509,2.02824,2021-03-04
3967,701,4639,67942,49782,18350,68.8,7.80794,5.72098,2.1088,49782,18350,5.72098,2.1088,2021-03-05
4193,192,4333,72275,53975,18542,73.1,8.3059,6.20285,2.13086,53975,18542,6.20285,2.13086,2021-03-06
840,10,847,73122,54815,18552,74.0,8.40323,6.29938,2.13201,54815,18552,6.29938,2.13201,2021-03-07
2376,1404,3765,76887,57191,19956,77.8,8.83591,6.57243,2.29336,57191,19956,6.57243,2.29336,2021-03-08
2829,1324,4140,81027,60020,21280,73.2,9.31168,6.89754,2.44551,60020,21280,6.89754,2.44551,2021-03-09
2816,1307,4100,85127,62836,22587,70.8,9.78286,7.22116,2.59571,62836,22587,7.22116,2.59571,2021-03-10
2709,1046,3733,88860,65545,23633,73.9,10.21186,7.53248,2.71592,65545,23633,7.53248,2.71592,2021-03-11
2201,518,2702,91562,67746,24151,76.1,10.52237,7.78542,2.77545,67746,24151,7.78542,2.77545,2021-03-12
1493,264,1747,93309,69239,24415,75.2,10.72314,7.957,2.80579,69239,24415,7.957,2.80579,2021-03-13
67,0,67,93376,69306,24415,75.3,10.73084,7.9647,2.80579,69306,24415,7.9647,2.80579,2021-03-14
2887,1840,4719,98095,72193,26255,72.3,11.27315,8.29647,3.01724,72193,26255,8.29647,3.01724,2021-03-15
1953,1691,3641,101736,74146,27946,75.0,11.69158,8.52091,3.21157,74146,27946,8.52091,3.21157,2021-03-16
1904,1543,3444,105180,76050,29489,77.5,12.08736,8.73972,3.3889,76050,29489,8.73972,3.3889,2021-03-17
1759,1309,3060,108240,77809,30798,79.7,12.43902,8.94187,3.53933,77809,30798,8.94187,3.53933,2021-03-18
1094,678,1763,110003,78903,31476,81.0,12.64163,9.06759,3.61725,78903,31476,9.06759,3.61725,2021-03-19
2299,35,2324,112327,81202,31511,82.7,12.9087,9.33179,3.62127,81202,31511,9.33179,3.62127,2021-03-20
677,6,677,113004,81879,31517,83.2,12.9865,9.40959,3.62196,81879,31517,9.40959,3.62196,2021-03-21
2341,1277,3604,116608,84220,32794,76.1,13.40068,9.67862,3.76871,84220,32794,9.67862,3.76871,2021-03-22
2229,1695,3886,120494,86449,34489,78.6,13.84726,9.93478,3.9635,86449,34489,9.93478,3.9635,2021-03-23
2852,1389,4200,124694,89301,35878,81.3,14.32993,10.26254,4.12313,89301,35878,10.26254,4.12313,2021-03-24
2920,1128,4001,128695,92221,37006,81.8,14.78972,10.5981,4.25276,92221,37006,10.5981,4.25276,2021-03-25
4486,264,4662,133357,96707,37270,84.8,15.32548,11.11364,4.2831,96707,37270,11.11364,4.2831,2021-03-26
3959,406,4303,137660,100666,37676,87.5,15.81999,11.56861,4.32975,100666,37676,11.56861,4.32975,2021-03-27
1094,58,1118,138778,101760,37734,88.2,15.94847,11.69433,4.33642,101760,37734,11.69433,4.33642,2021-03-28
2260,1518,3714,142492,104020,39252,80.9,16.37529,11.95405,4.51087,104020,39252,11.95405,4.51087,2021-03-29
2493,1613,4064,146556,106513,40865,83.2,16.84232,12.24055,4.69624,106513,40865,12.24055,4.69624,2021-03-30
2260,1756,3979,150535,108773,42621,85.5,17.29959,12.50027,4.89804,108773,42621,12.50027,4.89804,2021-03-31
2441,2183,4585,155120,111214,44804,88.1,17.8265,12.78079,5.14891,111214,44804,12.78079,5.14891,2021-04-01
3696,812,4455,159575,114910,45616,86.5,18.33848,13.20554,5.24222,114910,45616,13.20554,5.24222,2021-04-02
1049,1083,2121,161696,115959,46699,79.2,18.58222,13.32609,5.36668,115959,46699,13.32609,5.36668,2021-04-03
22,35,57,161753,115981,46734,79.2,18.58877,13.32862,5.37071,115981,46734,13.32862,5.37071,2021-04-04
2328,2122,4438,166191,118309,48856,81.4,19.09879,13.59616,5.61457,118309,48856,13.59616,5.61457,2021-04-05
3050,2478,5487,171678,121359,51334,73.9,19.72936,13.94667,5.89934,121359,51334,13.94667,5.89934,2021-04-06
3988,2150,6046,177724,125347,53484,76.5,20.42417,14.40497,6.14642,125347,53484,14.40497,6.14642,2021-04-07
4114,1922,5960,183684,129461,55406,79.1,21.1091,14.87775,6.3673,129461,55406,14.87775,6.3673,2021-04-08
6561,350,6780,190464,136022,55756,82.0,21.88826,15.63175,6.40752,136022,55756,15.63175,6.40752,2021-04-09
7335,240,7431,197895,143357,55996,85.2,22.74224,16.47469,6.4351,143357,55996,16.47469,6.4351,2021-04-10
3056,69,3106,201001,146413,56065,86.5,23.09918,16.82589,6.44303,146413,56065,16.82589,6.44303,2021-04-11
5451,1802,7193,208194,151864,57867,89.6,23.92581,17.45232,6.65012,151864,57867,17.45232,6.65012,2021-04-12
6093,1793,7792,215986,157957,59660,92.0,24.82127,18.15253,6.85617,157957,59660,18.15253,6.85617,2021-04-13
6265,2123,8306,224292,164222,61783,87.3,25.7758,18.87251,7.10015,164222,61783,18.87251,7.10015,2021-04-14
5785,2016,7723,232015,170007,63799,90.3,26.66333,19.53733,7.33183,170007,63799,19.53733,7.33183,2021-04-15
6278,2074,8166,240181,176285,65873,93.5,27.60178,20.2588,7.57017,176285,65873,20.2588,7.57017,2021-04-16
5365,1557,6744,246925,181650,67430,94.8,28.3768,20.87535,7.74911,181650,67430,20.87535,7.74911,2021-04-17
602,972,1550,248475,182252,68402,95.4,28.55493,20.94453,7.86081,182252,68402,20.94453,7.86081,2021-04-18
2993,2155,5084,253559,185245,70557,95.3,29.13919,21.28849,8.10846,185245,70557,21.28849,8.10846,2021-04-19
3509,2070,5502,259061,188754,72627,97.3,29.77148,21.69175,8.34635,188754,72627,21.69175,8.34635,2021-04-20
3104,2326,5384,264445,191858,74953,89.8,30.39021,22.04846,8.61365,191858,74953,22.04846,8.61365,2021-04-21
2784,2831,5531,269976,194642,77784,90.9,31.02584,22.3684,8.93899,194642,77784,22.3684,8.93899,2021-04-22
3506,3467,6771,276747,198148,81251,93.2,31.80397,22.77131,9.33742,198148,81251,22.77131,9.33742,2021-04-23
3386,1302,4579,281326,201534,82553,94.8,32.33019,23.16044,9.48705,201534,82553,23.16044,9.48705,2021-04-24
4302,519,4388,285714,205836,83072,96.2,32.83446,23.65482,9.5467,205836,83072,23.65482,9.5467,2021-04-25
3147,2434,5540,291254,208983,85506,96.4,33.47112,24.01648,9.82641,208983,85506,24.01648,9.82641,2021-04-26
3093,2762,5819,297073,212076,88268,98.3,34.13985,24.37193,10.14382,212076,88268,24.37193,10.14382,2021-04-27
3000,2830,5767,302840,215076,91098,91.1,34.80259,24.71669,10.46905,215076,91098,24.71669,10.46905,2021-04-28
2898,2460,5265,308105,217974,93558,91.1,35.40765,25.04973,10.75175,217974,93558,25.04973,10.75175,2021-04-29
2863,3537,6278,314383,220837,97095,92.9,36.12912,25.37875,11.15823,220837,97095,25.37875,11.15823,2021-04-30
2148,3289,5391,319774,222985,100384,86.3,36.74866,25.6256,11.5362,222985,100384,25.6256,11.5362,2021-05-01
1327,2488,3785,323559,224312,102872,87.4,37.18364,25.7781,11.82213,224312,102872,25.7781,11.82213,2021-05-02
2206,3066,5166,328725,226518,105938,88.8,37.77732,26.03161,12.17447,226518,105938,26.03161,12.17447,2021-05-03
2422,3553,5623,334348,228940,109491,90.3,38.42352,26.30995,12.58279,228940,109491,26.30995,12.58279,2021-05-04
3923,3834,7307,341655,232863,113325,85.2,39.26324,26.76079,13.02339,232863,113325,26.76079,13.02339,2021-05-05
6161,3986,9482,351137,239024,117311,87.6,40.35292,27.46881,13.48147,239024,117311,27.46881,13.48147,2021-05-06
6946,3731,10139,361276,245970,121042,89.0,41.5181,28.26705,13.91024,245970,121042,28.26705,13.91024,2021-05-07
4913,3864,8171,369447,250883,124906,91.0,42.45712,28.83166,14.35429,250883,124906,28.83166,14.35429,2021-05-08
5381,514,5772,375219,256264,125420,92.4,43.12044,29.45005,14.41336,256264,125420,29.45005,14.41336,2021-05-09
3862,2499,6016,381235,260126,127919,93.9,43.81181,29.89387,14.70055,260126,127919,29.89387,14.70055,2021-05-10
4071,2356,6265,387500,264197,130275,95.5,44.53178,30.36171,14.9713,264197,130275,30.36171,14.9713,2021-05-11
4383,2567,6537,394037,268580,132842,90.3,45.28302,30.86541,15.2663,268580,132842,30.86541,15.2663,2021-05-12
3867,2243,5955,399992,272447,135085,91.7,45.96737,31.30981,15.52407,272447,135085,31.30981,15.52407,2021-05-13
3530,2177,5351,405343,275977,137262,89.6,46.58231,31.71548,15.77425,275977,137262,31.71548,15.77425,2021-05-14
1832,3239,5004,410347,277809,140501,90.7,47.15738,31.92601,16.14648,277809,140501,31.92601,16.14648,2021-05-15
5186,144,5236,415583,282995,140645,91.8,47.7591,32.52199,16.16303,282995,140645,32.52199,16.16303,2021-05-16
4207,2266,6387,421970,287202,142911,93.2,48.4931,33.00546,16.42344,287202,142911,33.00546,16.42344,2021-05-17
3931,3952,7780,429750,291133,146863,95.0,49.38719,33.45722,16.8776,291133,146863,33.45722,16.8776,2021-05-18
5689,4630,9436,439186,296822,151493,91.1,50.47158,34.111,17.40969,296822,151493,34.111,17.40969,2021-05-19
6222,4954,9884,449070,303044,156447,93.2,51.60745,34.82604,17.979,303044,156447,34.82604,17.979,2021-05-20
4157,6003,8993,458063,307201,162450,93.5,52.64094,35.30376,18.66887,307201,162450,35.30376,18.66887,2021-05-21
2656,5280,6997,465060,309857,167730,94.9,53.44504,35.60899,19.27565,309857,167730,35.60899,19.27565,2021-05-22
654,4515,5078,470138,310511,172245,96.0,54.0286,35.68415,19.79452,310511,172245,35.68415,19.79452,2021-05-23
8201,2091,9084,479222,318712,174336,96.0,55.07254,36.62662,20.03482,318712,174336,36.62662,20.03482,2021-05-24
7765,1728,8833,488055,326477,176064,97.7,56.08764,37.51898,20.2334,326477,176064,37.51898,20.2334,2021-05-25
8419,1776,9679,497734,334896,177840,94.1,57.19996,38.48649,20.4375,334896,177840,38.48649,20.4375,2021-05-26
8665,2035,10000,507734,343561,179875,96.0,58.34916,39.48228,20.67137,343561,179875,39.48228,20.67137,2021-05-27
7304,2507,9611,517345,350865,182382,97.8,59.45367,40.32166,20.95947,350865,182382,40.32166,20.95947,2021-05-28
6292,1685,7863,525208,357157,184067,99.3,60.35729,41.04474,21.15311,357157,184067,41.04474,21.15311,2021-05-29
5783,321,5985,531193,362940,184388,98.3,61.04509,41.70933,21.19,362940,184388,41.70933,21.19,2021-05-30
4945,2858,5833,537026,367885,187246,99.4,61.71542,42.27761,21.51845,367885,187246,42.27761,21.51845,2021-05-31
4237,1783,4395,541421,372122,189029,92.4,62.2205,42.76453,21.72335,372122,189029,42.76453,21.72335,2021-06-01
3885,1385,3928,545349,376007,190414,92.4,62.67191,43.211,21.88252,376007,190414,43.211,21.88252,2021-06-02
8761,476,9055,554404,384768,190890,93.9,63.71251,44.21782,21.93722,384768,190890,44.21782,21.93722,2021-06-03
7728,1400,8938,563342,392496,192290,92.0,64.73968,45.10593,22.09811,392496,192290,45.10593,22.09811,2021-06-04
5579,2819,8236,571578,398075,195109,93.4,65.68616,45.74707,22.42207,398075,195109,45.74707,22.42207,2021-06-05
6923,823,7618,579196,404998,195932,93.8,66.56163,46.54267,22.51665,404998,195932,46.54267,22.51665,2021-06-06
6267,1789,6968,586164,411265,197721,95.0,67.3624,47.26288,22.72224,411265,197721,47.26288,22.72224,2021-06-07
6871,1023,7432,593596,418136,198744,96.2,68.21649,48.0525,22.83981,418136,198744,48.0525,22.83981,2021-06-08
7444,1097,8175,601771,425580,199841,91.4,69.15596,48.90797,22.96587,425580,199841,48.90797,22.96587,2021-06-09
6788,1353,7583,609354,432368,201194,92.6,70.02741,49.68805,23.12136,432368,201194,49.68805,23.12136,2021-06-10
6249,1049,7022,616376,438617,202243,92.6,70.83438,50.40619,23.24191,438617,202243,50.40619,23.24191,2021-06-11
6144,1781,7731,624107,444761,204024,93.8,71.72283,51.11226,23.44659,444761,204024,51.11226,23.44659,2021-06-12
6542,381,6772,630879,451303,204405,94.8,72.50108,51.86407,23.49037,451303,204405,51.86407,23.49037,2021-06-13
3373,2158,5390,636269,454676,206563,94.9,73.1205,52.2517,23.73837,454676,206563,52.2517,23.73837,2021-06-14
3920,2215,6002,642271,458596,208778,95.4,73.81025,52.70219,23.99292,458596,208778,52.70219,23.99292,2021-06-15
3230,3271,6334,648605,461826,212049,90.2,74.53816,53.07338,24.36883,461826,212049,53.07338,24.36883,2021-06-16
4906,2972,6990,655595,466732,215021,91.2,75.34146,53.63718,24.71037,466732,215021,53.63718,24.71037,2021-06-17
1648,3286,4822,660417,468380,218307,91.2,75.89561,53.82657,25.088,468380,218307,53.82657,25.088,2021-06-18
2560,2140,4597,665014,470940,220447,91.9,76.4239,54.12077,25.33393,470940,220447,54.12077,25.33393,2021-06-19
1619,4662,6232,671246,472559,225109,91.8,77.14008,54.30683,25.86969,472559,225109,54.30683,25.86969,2021-06-20
5217,2521,7559,678805,477776,227630,92.8,78.00877,54.90637,26.15941,477776,227630,54.90637,26.15941,2021-06-21
5295,2986,8101,686906,483071,230616,93.9,78.93974,55.51487,26.50256,483071,230616,55.51487,26.50256,2021-06-22
7948,3702,11370,698276,491019,234318,88.2,80.24639,56.42826,26.928,491019,234318,56.42826,26.928,2021-06-23
6258,4300,10280,708556,497277,238618,89.5,81.42778,57.14744,27.42216,497277,238618,57.14744,27.42216,2021-06-24
5461,5086,10255,718811,502738,243704,90.8,82.60629,57.77502,28.00664,502738,243704,57.77502,28.00664,2021-06-25
5748,3832,9395,728206,508486,247536,86.0,83.68597,58.43558,28.44702,508486,247536,58.43558,28.44702,2021-06-26
1811,5760,7487,735693,510297,253296,86.9,84.54638,58.64371,29.10896,510297,253296,58.64371,29.10896,2021-06-27
3840,6149,9843,745536,514137,259445,88.0,85.67754,59.085,29.81561,514137,259445,59.085,29.81561,2021-06-28
4272,5895,9983,755519,518409,265340,89.2,86.8248,59.57594,30.49307,518409,265340,59.57594,30.49307,2021-06-29
3828,6940,10561,766080,522237,272280,85.4,88.03848,60.01586,31.29062,522237,272280,60.01586,31.29062,2021-06-30
3462,6850,9764,775844,525699,279130,86.5,89.16056,60.41371,32.07782,525699,279130,60.41371,32.07782,2021-07-01
3149,6084,8773,784617,528848,285214,86.7,90.16876,60.7756,32.777,528848,285214,60.7756,32.777,2021-07-02
2985,3725,6489,791106,531833,288939,87.4,90.91448,61.11864,33.20508,531833,288939,61.11864,33.20508,2021-07-03
2442,1085,3419,794525,534275,290024,87.8,91.3074,61.39927,33.32977,534275,290024,61.39927,33.32977,2021-07-04
170,8289,8434,802959,534445,298313,88.7,92.27664,61.41881,34.28235,534445,298313,61.41881,34.28235,2021-07-05
171,8496,8615,811574,534616,306809,89.6,93.26668,61.43846,35.25872,534616,306809,61.43846,35.25872,2021-07-06
115,9428,9503,821077,534731,316237,88.0,94.35877,61.45168,36.34219,534731,316237,61.45168,36.34219,2021-07-07
227,9429,9583,830660,534958,325666,89.0,95.46006,61.47777,37.42578,534958,325666,61.47777,37.42578,2021-07-08
154,9508,9584,840244,535112,335174,90.0,96.56146,61.49546,38.51844,535112,335174,61.49546,38.51844,2021-07-09
82,7629,7696,847940,535194,342803,90.2,97.44589,61.50489,39.39517,535194,342803,61.50489,39.39517,2021-07-10
86,5795,5879,853819,535280,348598,90.9,98.12151,61.51477,40.06114,535280,348598,61.51477,40.06114,2021-07-11
117,4543,4643,858462,535397,353141,91.4,98.65508,61.52822,40.58322,535397,353141,61.52822,40.58322,2021-07-12
86,4179,4241,862703,535483,357320,91.8,99.14246,61.5381,41.06348,535483,357320,61.5381,41.06348,2021-07-13
1948,4972,6213,868916,537431,362292,89.8,99.85646,61.76196,41.63486,537431,362292,61.76196,41.63486,2021-07-14
666,10126,10584,879500,538097,372418,90.9,101.07279,61.8385,42.79855,538097,372418,61.8385,42.79855,2021-07-15
745,9051,9637,889137,538842,381469,91.9,102.18028,61.92412,43.8387,538842,381469,61.92412,43.8387,2021-07-16
1437,6431,7681,896818,540279,387900,92.7,103.06298,62.08926,44.57775,540279,387900,62.08926,44.57775,2021-07-17
300,7611,7862,904680,540579,395511,92.7,103.96649,62.12374,45.45241,540579,395511,62.12374,45.45241,2021-07-18
1641,6153,7686,912366,542220,401664,92.1,104.84977,62.31232,46.15952,542220,401664,62.31232,46.15952,2021-07-19
1185,7210,8282,920648,543405,408874,92.9,105.80154,62.4485,46.9881,543405,408874,62.4485,46.9881,2021-07-20
1323,8707,9872,930520,544728,417581,91.3,106.93604,62.60054,47.98871,544728,417581,62.60054,47.98871,2021-07-21
1760,8446,10089,940609,546488,426027,92.3,108.09548,62.8028,48.95934,546488,426027,62.8028,48.95934,2021-07-22
1445,9448,10688,951297,547933,435475,93.4,109.32375,62.96886,50.04511,547933,435475,62.96886,50.04511,2021-07-23
1417,7369,8708,960005,549350,442844,94.2,110.32448,63.1317,50.89196,549350,442844,63.1317,50.89196,2021-07-24
1212,6151,7315,967320,550562,448995,94.9,111.16512,63.27099,51.59883,550562,448995,63.27099,51.59883,2021-07-25
4010,5256,9103,976423,554572,454251,95.2,112.21125,63.73182,52.20286,554572,454251,63.73182,52.20286,2021-07-26
2811,5507,8152,984575,557383,459758,96.0,113.14808,64.05486,52.83573,557383,459758,64.05486,52.83573,2021-07-27
3096,5295,8256,992831,560479,465053,94.2,114.09687,64.41066,53.44423,560479,465053,64.41066,53.44423,2021-07-28
2275,6106,8225,1001056,562754,471159,95.0,115.04209,64.6721,54.14594,562754,471159,64.6721,54.14594,2021-07-29
3319,3080,6237,1007293,566073,474239,95.6,115.75885,65.05352,54.49989,566073,474239,65.05352,54.49989,2021-07-30
1541,2908,4352,1011645,567614,477147,96.0,116.25899,65.23062,54.83408,567614,477147,65.23062,54.83408,2021-07-31
1378,1703,3030,1014675,568992,478850,96.3,116.6072,65.38898,55.02979,568992,478850,65.38898,55.02979,2021-08-01
286,5332,5548,1020223,569278,484182,96.8,117.24478,65.42185,55.64255,569278,484182,65.42185,55.64255,2021-08-02
3699,5777,9225,1029448,572977,489959,95.6,118.30492,65.84694,56.30645,572977,489959,65.84694,56.30645,2021-08-03
3492,7407,10692,1040140,576469,497366,94.2,119.53365,66.24824,57.15767,576469,497366,66.24824,57.15767,2021-08-04
4017,5895,9721,1049861,580486,503261,95.1,120.6508,66.70988,57.83512,580486,503261,66.70988,57.83512,2021-08-05
3442,5057,8275,1058136,583928,508318,95.8,121.60177,67.10543,58.41628,583928,508318,67.10543,58.41628,2021-08-06
2619,4747,7241,1065377,586547,513065,96.5,122.43391,67.40641,58.96181,586547,513065,67.40641,58.96181,2021-08-07
3660,1531,5075,1070452,590207,514596,96.3,123.01713,67.82702,59.13775,590207,514596,67.82702,59.13775,2021-08-08
3670,3242,6714,1077166,593877,517838,96.9,123.78871,68.24878,59.51032,593877,517838,68.24878,59.51032,2021-08-09
4165,3446,7424,1084590,598042,521284,97.5,124.64188,68.72743,59.90634,598042,521284,68.72743,59.90634,2021-08-10
3922,3944,7646,1092236,601964,525228,95.8,125.52056,69.17814,60.35959,601964,525228,69.17814,60.35959,2021-08-11
4849,2827,7404,1099640,606813,528055,95.0,126.37144,69.7354,60.68447,606813,528055,69.7354,60.68447,2021-08-12
4482,2790,7020,1106660,611295,530845,95.7,127.17818,70.25047,61.0051,611295,530845,70.25047,61.0051,2021-08-13
3101,2952,5891,1112551,614396,533797,96.2,127.85518,70.60684,61.34434,614396,533797,70.60684,61.34434,2021-08-14
3041,1537,4427,1116978,617437,535334,96.5,128.36393,70.95631,61.52098,617437,535334,70.95631,61.52098,2021-08-15
2120,1843,3608,1120586,619557,537177,96.9,128.77856,71.19994,61.73277,619557,537177,71.19994,61.73277,2021-08-16
2639,1313,3732,1124318,622196,538490,97.2,129.20745,71.50322,61.88367,622196,538490,71.50322,61.88367,2021-08-17
3719,1979,4875,1129193,625915,540469,93.8,129.76769,71.93061,62.11109,625915,540469,71.93061,62.11109,2021-08-18
4255,2066,5873,1135066,630170,542535,94.3,130.44262,72.4196,62.34852,630170,542535,72.4196,62.34852,2021-08-19
3174,1803,4466,1139532,633344,544338,94.7,130.95585,72.78436,62.55572,633344,544338,72.78436,62.55572,2021-08-20
1743,1277,2861,1142393,635087,545615,94.9,131.28464,72.98466,62.70248,635087,545615,72.98466,62.70248,2021-08-21
498,1012,1476,1143869,635585,546627,95.0,131.45426,73.04189,62.81878,635585,546627,73.04189,62.81878,2021-08-22
1648,3851,5321,1149190,637233,550478,95.5,132.06576,73.23128,63.26134,637233,550478,73.23128,63.26134,2021-08-23
1981,2622,4462,1153652,639214,553100,94.1,132.57853,73.45894,63.56266,639214,553100,73.45894,63.56266,2021-08-24
1649,2818,4332,1157984,640863,555918,94.5,133.07637,73.64845,63.8865,640863,555918,73.64845,63.8865,2021-08-25
1933,2315,4103,1162087,642796,558233,91.1,133.54789,73.87059,64.15255,642796,558233,73.87059,64.15255,2021-08-26
1636,3181,4644,1166731,644432,561414,91.5,134.08158,74.0586,64.51811,644432,561414,74.0586,64.51811,2021-08-27
1461,1439,2815,1169546,645893,562853,91.7,134.40508,74.2265,64.68348,645893,562853,74.2265,64.68348,2021-08-28
697,1268,1953,1171499,646590,564121,91.9,134.62952,74.3066,64.8292,646590,564121,74.3066,64.8292,2021-08-29
1613,477,1990,1173489,648203,564598,92.0,134.85822,74.49196,64.88402,648203,564598,74.49196,64.88402,2021-08-30
1303,2953,4158,1177647,649506,567551,92.4,135.33606,74.64171,65.22338,649506,567551,74.64171,65.22338,2021-08-31
1219,3513,4636,1182283,650725,571064,92.7,135.86883,74.78179,65.62709,650725,571064,74.78179,65.62709,2021-09-01
1039,3451,4407,1186690,651764,574515,91.1,136.37529,74.9012,66.02369,651764,574515,74.9012,66.02369,2021-09-02
1403,2971,4270,1190960,653167,577486,91.4,136.866,75.06243,66.36511,653167,577486,75.06243,66.36511,2021-09-03
1186,2352,3469,1194429,654353,579838,91.7,137.26466,75.19873,66.63541,654353,579838,75.19873,66.63541,2021-09-04
280,3145,3404,1197833,654633,582983,91.9,137.65585,75.2309,66.99683,654633,582983,75.2309,66.99683,2021-09-05
946,3695,4600,1202433,655579,586678,92.3,138.18448,75.33962,67.42147,655579,586678,75.33962,67.42147,2021-09-06
1119,3838,4861,1207294,656698,590516,91.0,138.74311,75.46822,67.86253,656698,590516,75.46822,67.86253,2021-09-07
1084,3648,4656,1211950,657782,594164,89.4,139.27818,75.59279,68.28176,657782,594164,75.59279,68.28176,2021-09-08
1107,4476,5505,1217455,658889,598640,89.8,139.91082,75.72001,68.79615,658889,598640,75.72001,68.79615,2021-09-09
786,3871,4600,1222055,659675,602511,90.1,140.43946,75.81033,69.24101,659675,602511,75.81033,69.24101,2021-09-10
687,2775,3419,1225474,660362,605286,90.4,140.83237,75.88929,69.55991,660362,605286,75.88929,69.55991,2021-09-11
482,2621,3086,1228560,660844,607907,90.6,141.18702,75.94468,69.86112,660844,607907,75.94468,69.86112,2021-09-12
344,2156,2475,1231035,661188,610063,90.8,141.47145,75.98421,70.10889,661188,610063,75.98421,70.10889,2021-09-13
457,2427,2854,1233889,661645,612490,91.0,141.79943,76.03673,70.3878,661645,612490,76.03673,70.3878,2021-09-14
997,2854,3772,1237661,662642,615344,90.6,142.23291,76.1513,70.71578,662642,615344,76.1513,70.71578,2021-09-15
740,3785,4468,1242129,663382,619129,89.7,142.74638,76.23635,71.15076,663382,619129,76.23635,71.15076,2021-09-16
886,2511,3336,1245465,664268,621640,91.4,143.12975,76.33817,71.43932,664268,621640,76.33817,71.43932,2021-09-17
1328,1672,2944,1248409,665596,623312,91.6,143.46808,76.49078,71.63147,665596,623312,76.49078,71.63147,2021-09-18
520,525,1018,1249427,666116,623837,91.7,143.58507,76.55054,71.69181,666116,623837,76.55054,71.69181,2021-09-19
823,1737,2513,1251940,666939,625574,91.9,143.87386,76.64512,71.89142,666939,625574,76.64512,71.89142,2021-09-20
1162,1915,3005,1254945,668101,627489,92.1,144.2192,76.77866,72.1115,668101,627489,76.77866,72.1115,2021-09-21
1101,1536,2592,1257537,669202,629025,90.7,144.51707,76.90518,72.28801,669202,629025,76.90518,72.28801,2021-09-22
1060,1708,2712,1260249,670262,630733,90.9,144.82874,77.027,72.4843,670262,630733,77.027,72.4843,2021-09-23
1004,1486,2427,1262676,671266,632219,91.0,145.10765,77.14238,72.65507,671266,632219,77.14238,72.65507,2021-09-24
1074,1420,2452,1265128,672340,633639,91.2,145.38944,77.26581,72.81826,672340,633639,77.26581,72.81826,2021-09-25
573,706,1249,1266377,672913,634345,91.3,145.53297,77.33166,72.89939,672913,634345,77.33166,72.89939,2021-09-26
765,1499,2228,1268605,673678,635844,91.5,145.78902,77.41957,73.07166,673678,635844,77.41957,73.07166,2021-09-27
662,1183,1813,1270418,674340,637027,91.6,145.99737,77.49565,73.20761,674340,637027,77.49565,73.20761,2021-09-28
794,1215,1953,1272371,675134,638242,87.6,146.22181,77.58689,73.34724,675134,638242,77.58689,73.34724,2021-09-29
1072,967,1993,1274364,676206,639209,87.7,146.45085,77.71009,73.45837,676206,639209,77.71009,73.45837,2021-09-30
764,1177,1900,1276264,676970,640386,87.8,146.66919,77.79789,73.59363,676970,640386,77.79789,73.59363,2021-10-01
960,1113,2005,1278269,677930,641499,88.0,146.89961,77.90821,73.72154,677930,641499,77.90821,73.72154,2021-10-02
431,286,703,1278972,678361,641785,88.0,146.9804,77.95774,73.7544,678361,641785,77.95774,73.7544,2021-10-03
777,931,1665,1280637,679138,642716,88.1,147.17174,78.04704,73.86139,679138,642716,78.04704,73.86139,2021-10-04
669,992,1613,1282250,679807,643708,88.2,147.35711,78.12392,73.9754,679807,643708,78.12392,73.9754,2021-10-05
801,910,1668,1283918,680608,644618,87.4,147.5488,78.21597,74.07997,680608,644618,78.21597,74.07997,2021-10-06
705,907,1573,1285491,681313,645525,87.5,147.72957,78.29699,74.18421,681313,645525,78.29699,74.18421,2021-10-07
675,763,1398,1286889,681988,646288,87.6,147.89023,78.37456,74.27189,681988,646288,78.37456,74.27189,2021-10-08
775,762,1478,1288367,682763,647050,87.7,148.06008,78.46362,74.35946,682763,647050,78.46362,74.35946,2021-10-09
363,459,807,1289174,683126,647509,87.7,148.15282,78.50534,74.41221,683126,647509,78.50534,74.41221,2021-10-10
691,507,1143,1290317,683817,648016,87.8,148.28418,78.58475,74.47047,683817,648016,78.58475,74.47047,2021-10-11
674,540,1184,1291501,684491,648556,87.9,148.42024,78.66221,74.53253,684491,648556,78.66221,74.53253,2021-10-12
914,792,1659,1293160,685405,649348,88.0,148.6109,78.76725,74.62355,685405,649348,78.76725,74.62355,2021-10-13
847,701,1502,1294662,686252,650049,88.1,148.78351,78.86458,74.70411,686252,650049,78.86458,74.70411,2021-10-14
793,879,1631,1296293,687045,650928,88.2,148.97094,78.95572,74.80512,687045,650928,78.95572,74.80512,2021-10-15
743,1149,1843,1298136,687788,652077,88.3,149.18274,79.0411,74.93717,687788,652077,79.0411,74.93717,2021-10-16
369,554,909,1299045,688157,652631,88.4,149.2872,79.08351,75.00083,688157,652631,79.08351,75.00083,2021-10-17
455,848,1276,1300321,688612,653479,88.5,149.43384,79.1358,75.09829,688612,653479,79.1358,75.09829,2021-10-18
345,791,1115,1301436,688957,654270,88.6,149.56198,79.17544,75.18919,688957,654270,79.17544,75.18919,2021-10-19
293,897,1172,1302608,689250,655167,88.6,149.69667,79.20912,75.29227,689250,655167,79.20912,75.29227,2021-10-20
304,1113,1374,1303982,689554,656280,88.7,149.85457,79.24405,75.42018,689554,656280,79.24405,75.42018,2021-10-21
288,785,1043,1305025,689842,657065,88.8,149.97443,79.27715,75.51039,689842,657065,79.27715,75.51039,2021-10-22
309,994,1269,1306294,690151,658059,88.9,150.12026,79.31266,75.62462,690151,658059,79.31266,75.62462,2021-10-23
135,759,881,1307175,690286,658818,89.0,150.22151,79.32817,75.71185,690286,658818,79.32817,75.71185,2021-10-24
261,758,991,1308166,690547,659576,89.0,150.3354,79.35817,75.79896,690547,659576,79.35817,75.79896,2021-10-25
194,594,768,1308934,690741,660170,89.1,150.42366,79.38046,75.86722,690741,660170,79.38046,75.86722,2021-10-26
257,663,902,1309836,690998,660833,89.1,150.52731,79.41,75.94341,690998,660833,79.41,75.94341,2021-10-27
345,1150,1469,1311305,691343,661983,89.2,150.69613,79.44964,76.07557,691343,661983,79.44964,76.07557,2021-10-28
204,603,795,1312100,691547,662586,89.3,150.78749,79.47309,76.14487,691547,662586,79.47309,76.14487,2021-10-29
229,720,932,1313032,691776,663306,89.4,150.8946,79.49941,76.22761,691776,663306,79.49941,76.22761,2021-10-30
85,339,420,1313452,691861,663645,89.4,150.94287,79.50917,76.26657,691861,663645,79.50917,76.26657,2021-10-31
95,364,447,1313899,691956,664009,89.4,150.99424,79.52009,76.3084,691956,664009,79.52009,76.3084,2021-11-01
232,599,812,1314711,692188,664608,89.5,151.08755,79.54675,76.37724,692188,664608,79.54675,76.37724,2021-11-02
209,690,879,1315590,692397,665298,89.5,151.18857,79.57077,76.45653,692397,665298,79.57077,76.45653,2021-11-03
211,553,736,1316326,692608,665851,89.6,151.27315,79.59502,76.52009,692608,665851,79.59502,76.52009,2021-11-04
232,523,737,1317063,692840,666374,89.6,151.35785,79.62168,76.58019,692840,666374,79.62168,76.58019,2021-11-05
239,745,963,1318026,693079,667119,89.7,151.46851,79.64915,76.6658,693079,667119,79.64915,76.6658,2021-11-06
33,117,145,1318171,693112,667236,89.7,151.48518,79.65294,76.67925,693112,667236,79.65294,76.67925,2021-11-07
224,621,823,1318994,693336,667857,89.8,151.57976,79.67868,76.75062,693336,667857,79.67868,76.75062,2021-11-08
217,597,792,1319786,693553,668454,89.8,151.67078,79.70362,76.81922,693553,668454,79.70362,76.81922,2021-11-09
236,699,916,1320702,693789,669153,89.9,151.77604,79.73074,76.89955,693789,669153,79.73074,76.89955,2021-11-10
196,650,831,1321533,693985,669803,89.9,151.87154,79.75327,76.97425,693985,669803,79.75327,76.97425,2021-11-11
245,665,887,1322420,694230,670468,90.0,151.97348,79.78142,77.05067,694230,670468,79.78142,77.05067,2021-11-12
267,731,976,1323396,694497,671199,90.1,152.08564,79.8121,77.13468,694497,671199,79.8121,77.13468,2021-11-13
60,122,177,1323573,694557,671321,90.1,152.10598,79.819,77.1487,694557,671321,79.819,77.1487,2021-11-14
267,508,764,1324337,694824,671829,90.1,152.19378,79.84968,77.20708,694824,671829,79.84968,77.20708,2021-11-15
293,399,650,1324987,695117,672228,90.2,152.26848,79.88336,77.25293,695117,672228,79.88336,77.25293,2021-11-16
241,329,550,1325537,695358,672557,90.2,152.33168,79.91105,77.29074,695358,672557,79.91105,77.29074,2021-11-17
243,305,536,1326073,695601,672862,90.2,152.39328,79.93898,77.32579,695601,672862,79.93898,77.32579,2021-11-18
240,299,534,1326607,695841,673161,90.3,152.45465,79.96656,77.36016,695841,673161,79.96656,77.36016,2021-11-19
327,426,741,1327348,696168,673587,90.3,152.53981,80.00414,77.40911,696168,673587,80.00414,77.40911,2021-11-20
32,33,63,1327411,696200,673620,90.3,152.54705,80.00781,77.4129,696200,673620,80.00781,77.4129,2021-11-21
289,306,579,1327990,696489,673926,88.7,152.61358,80.04103,77.44807,696489,673926,80.04103,77.44807,2021-11-22
258,251,501,1328491,696747,674177,88.7,152.67116,80.07068,77.47692,696747,674177,80.07068,77.47692,2021-11-23
251,279,515,1329006,696998,674456,88.8,152.73034,80.09952,77.50898,696998,674456,80.09952,77.50898,2021-11-24
344,175,517,1329523,697342,674631,88.8,152.78976,80.13905,77.52909,697342,674631,80.13905,77.52909,2021-11-25
353,248,590,1330113,697695,674879,88.8,152.85756,80.17962,77.55759,697695,674879,80.17962,77.55759,2021-11-26
556,315,860,1330973,698251,675194,88.9,152.95639,80.24352,77.59379,698251,675194,80.24352,77.59379,2021-11-27
92,38,125,1331098,698343,675232,88.9,152.97076,80.25409,77.59816,698343,675232,80.25409,77.59816,2021-11-28
406,233,626,1331724,698749,675465,88.9,153.0427,80.30075,77.62493,698749,675465,80.30075,77.62493,2021-11-29
446,262,695,1332419,699195,675727,89.0,153.12257,80.352,77.65504,699195,675727,80.352,77.65504,2021-11-30
425,253,671,1333090,699620,675980,86.7,153.19968,80.40084,77.68412,699620,675980,80.40084,77.68412,2021-12-01
399,205,596,1333686,700019,676185,86.1,153.26817,80.4467,77.70768,700019,676185,80.4467,77.70768,2021-12-02
476,290,752,1334438,700495,676475,86.2,153.35459,80.5014,77.741,700495,676475,80.5014,77.741,2021-12-03
474,305,771,1335209,700969,676780,86.2,153.4432,80.55587,77.77605,700969,676780,80.55587,77.77605,2021-12-04
542,133,663,1335872,701511,676913,86.3,153.51939,80.61816,77.79134,701511,676913,80.61816,77.79134,2021-12-05
483,294,760,1336632,701994,677207,85.5,153.60673,80.67367,77.82513,701994,677207,80.67367,77.82513,2021-12-06
535,298,823,1337455,702529,677505,85.6,153.70131,80.73515,77.85937,702529,677505,80.73515,77.85937,2021-12-07
289,161,445,1337900,702818,677666,85.6,153.75245,80.76836,77.87787,702818,677666,80.76836,77.87787,2021-12-08
437,292,722,1338622,703255,677958,85.6,153.83542,80.81858,77.91143,703255,677958,80.81858,77.91143,2021-12-09
434,332,750,1339372,703689,678290,85.1,153.92161,80.86846,77.94958,703689,678290,80.86846,77.94958,2021-12-10
388,335,716,1340088,704077,678625,85.1,154.0039,80.91305,77.98808,704077,678625,80.91305,77.98808,2021-12-11
236,95,324,1340412,704313,678720,85.1,154.04113,80.94017,77.999,704313,678720,80.94017,77.999,2021-12-12
361,325,676,1341088,704674,679045,85.2,154.11882,80.98165,78.03635,704674,679045,80.98165,78.03635,2021-12-13
308,275,576,1341664,704982,679320,85.2,154.18501,81.01705,78.06795,704982,679320,81.01705,78.06795,2021-12-14
339,300,632,1342296,705321,679620,82.8,154.25764,81.05601,78.10243,705321,679620,81.05601,78.10243,2021-12-15
612,299,905,1343201,705933,679919,81.8,154.36164,81.12634,78.13679,705933,679919,81.12634,78.13679,2021-12-16
628,298,919,1344120,706561,680217,81.8,154.46726,81.19851,78.17104,706561,680217,81.19851,78.17104,2021-12-17
0,0,0,1344120,706561,680217,81.8,154.46726,81.19851,78.17104,706561,680217,81.19851,78.17104,2021-12-18
512,301,61799,1405919,707073,680518,96.9,161.56924,81.25735,78.20563,707073,680518,81.25735,78.20563,2021-12-19
512,302,61800,1467719,707585,680820,96.9,168.67134,81.31619,78.24033,707585,680820,81.31619,78.24033,2021-12-20
512,302,61800,1529519,708097,681122,96.9,175.77345,81.37503,78.27504,708097,681122,81.37503,78.27504,2021-12-21
513,302,61800,1591319,708610,681424,96.9,182.87555,81.43398,78.30975,708610,681424,81.43398,78.30975,2021-12-22
1050,510,13524,1604843,709660,681934,95.8,184.42973,81.55465,78.36836,709660,681934,81.55465,78.36836,2021-12-23
536,324,7771,1612614,710196,682258,96.3,185.32278,81.61625,78.40559,710196,682258,81.61625,78.40559,2021-12-24
32,21,1075,1613689,710228,682279,96.3,185.44632,81.61992,78.408,710228,682279,81.61992,78.408,2021-12-25
9,30,939,1614628,710237,682309,96.4,185.55423,81.62096,78.41145,710237,682309,81.62096,78.41145,2021-12-26
346,431,4567,1619195,710583,682740,96.7,186.07908,81.66072,78.46098,710583,682740,81.66072,78.46098,2021-12-27
888,660,9133,1628328,711471,683400,97.2,187.12865,81.76277,78.53683,711471,683400,81.76277,78.53683,2021-12-28
779,522,9592,1637920,712250,683922,96.8,188.23097,81.85229,78.59682,712250,683922,81.85229,78.59682,2021-12-29
769,385,9321,1647241,713019,684307,97.4,189.30214,81.94067,78.64106,713019,684307,81.94067,78.64106,2021-12-30
736,404,8875,1656116,713755,684711,97.9,190.32207,82.02525,78.68749,713755,684711,82.02525,78.68749,2021-12-31
0,0,0,1656116,713755,684711,97.9,190.32207,82.02525,78.68749,713755,684711,82.02525,78.68749,2022-01-01
