delta_1d,delta_2d,delta_all,sum_doses,sum_1d,sum_2d,perc_doses,perc_inh_tot,perc_inh_1d,perc_inh_2d,sum_monotone_1d,sum_monotone_2d,perc_inh_monotone_1d,perc_inh_monotone_2d,date
0,0,0,0,0,0,0,0,0,0,0,0,0,0,2020-12-26
20,0,20,20,20,0,100.0,0.016,0.016,0.0,20,0,0.016,0.0,2020-12-27
0,0,0,20,20,0,100.0,0.016,0.016,0.0,20,0,0.016,0.0,2020-12-28
0,0,0,20,20,0,100.0,0.016,0.016,0.0,20,0,0.016,0.0,2020-12-29
0,0,0,20,20,0,2.0,0.016,0.016,0.0,20,0,0.016,0.0,2020-12-30
18,0,18,38,38,0,3.8,0.03039,0.03039,0.0,38,0,0.03039,0.0,2020-12-31
0,0,0,38,38,0,3.8,0.03039,0.03039,0.0,38,0,0.03039,0.0,2021-01-01
6,0,6,44,44,0,4.4,0.03519,0.03519,0.0,44,0,0.03519,0.0,2021-01-02
0,0,0,44,44,0,4.4,0.03519,0.03519,0.0,44,0,0.03519,0.0,2021-01-03
142,0,142,186,186,0,18.7,0.14876,0.14876,0.0,186,0,0.14876,0.0,2021-01-04
150,0,150,336,336,0,17.1,0.26873,0.26873,0.0,336,0,0.26873,0.0,2021-01-05
65,0,65,401,401,0,20.4,0.32071,0.32071,0.0,401,0,0.32071,0.0,2021-01-06
275,0,275,676,676,0,34.3,0.54065,0.54065,0.0,676,0,0.54065,0.0,2021-01-07
299,0,299,975,975,0,49.5,0.77979,0.77979,0.0,975,0,0.77979,0.0,2021-01-08
443,0,443,1418,1418,0,72.0,1.13409,1.13409,0.0,1418,0,1.13409,0.0,2021-01-09
220,0,220,1638,1638,0,83.1,1.31004,1.31004,0.0,1638,0,1.31004,0.0,2021-01-10
325,0,325,1963,1963,0,99.6,1.56997,1.56997,0.0,1963,0,1.56997,0.0,2021-01-11
302,0,302,2265,2265,0,57.8,1.81151,1.81151,0.0,2265,0,1.81151,0.0,2021-01-12
337,0,337,2602,2602,0,63.2,2.08103,2.08103,0.0,2602,0,2.08103,0.0,2021-01-13
237,0,237,2839,2839,0,68.9,2.27058,2.27058,0.0,2839,0,2.27058,0.0,2021-01-14
218,0,218,3057,3057,0,74.2,2.44493,2.44493,0.0,3057,0,2.44493,0.0,2021-01-15
236,0,236,3293,3293,0,79.9,2.63368,2.63368,0.0,3293,0,2.63368,0.0,2021-01-16
131,0,131,3424,3424,0,83.1,2.73846,2.73846,0.0,3424,0,2.73846,0.0,2021-01-17
213,0,213,3637,3637,0,88.3,2.90881,2.90881,0.0,3637,0,2.90881,0.0,2021-01-18
256,0,256,3893,3893,0,94.5,3.11355,3.11355,0.0,3893,0,3.11355,0.0,2021-01-19
23,0,23,3916,3916,0,74.0,3.13195,3.13195,0.0,3916,0,3.13195,0.0,2021-01-20
33,0,33,3949,3949,0,74.7,3.15834,3.15834,0.0,3949,0,3.15834,0.0,2021-01-21
20,36,56,4005,3969,36,75.7,3.20313,3.17434,0.02879,3969,36,3.17434,0.02879,2021-01-22
0,0,0,4005,3969,36,75.7,3.20313,3.17434,0.02879,3969,36,3.17434,0.02879,2021-01-23
0,0,0,4005,3969,36,75.7,3.20313,3.17434,0.02879,3969,36,3.17434,0.02879,2021-01-24
0,147,147,4152,3969,183,78.5,3.3207,3.17434,0.14636,3969,183,3.17434,0.14636,2021-01-25
0,139,139,4291,3969,322,66.4,3.43187,3.17434,0.25753,3969,322,3.17434,0.25753,2021-01-26
79,72,151,4442,4048,394,68.8,3.55263,3.23752,0.31511,4048,394,3.23752,0.31511,2021-01-27
56,234,290,4732,4104,628,73.3,3.78457,3.28231,0.50226,4104,628,3.28231,0.50226,2021-01-28
2,316,318,5050,4106,944,78.2,4.0389,3.28391,0.75499,4106,944,3.28391,0.75499,2021-01-29
14,425,439,5489,4120,1369,85.0,4.39001,3.2951,1.0949,4120,1369,3.2951,1.0949,2021-01-30
58,233,291,5780,4178,1602,89.5,4.62274,3.34149,1.28125,4178,1602,3.34149,1.28125,2021-01-31
87,317,404,6184,4265,1919,94.3,4.94585,3.41107,1.53478,4265,1919,3.41107,1.53478,2021-02-01
2,270,272,6456,4267,2189,83.5,5.1634,3.41267,1.75072,4267,2189,3.41267,1.75072,2021-02-02
14,337,351,6807,4281,2526,88.1,5.44412,3.42387,2.02025,4281,2526,3.42387,2.02025,2021-02-03
8,286,294,7101,4289,2812,91.9,5.67926,3.43027,2.24899,4289,2812,3.43027,2.24899,2021-02-04
101,193,294,7395,4390,3005,95.7,5.91439,3.51104,2.40335,4390,3005,3.51104,2.40335,2021-02-05
92,197,289,7684,4482,3202,99.4,6.14553,3.58462,2.5609,4482,3202,3.58462,2.5609,2021-02-06
190,102,292,7976,4672,3304,103.2,6.37906,3.73658,2.64248,4672,3304,3.73658,2.64248,2021-02-07
25,198,223,8199,4697,3502,106.1,6.55742,3.75658,2.80084,4697,3502,3.75658,2.80084,2021-02-08
68,183,251,8450,4765,3685,94.9,6.75816,3.81096,2.9472,4765,3685,3.81096,2.9472,2021-02-09
141,107,248,8698,4906,3792,92.5,6.95651,3.92373,3.03278,4906,3792,3.92373,3.03278,2021-02-10
222,9,231,8929,5128,3801,95.0,7.14126,4.10128,3.03997,5128,3801,4.10128,3.03997,2021-02-11
217,46,263,9192,5345,3847,97.8,7.3516,4.27484,3.07676,5345,3847,4.27484,3.07676,2021-02-12
215,1,216,9408,5560,3848,91.3,7.52435,4.44679,3.07756,5560,3848,4.44679,3.07756,2021-02-13
1,47,48,9456,5561,3895,91.8,7.56274,4.44759,3.11515,5561,3895,4.44759,3.11515,2021-02-14
229,35,264,9720,5790,3930,94.4,7.77389,4.63074,3.14315,5790,3930,4.63074,3.14315,2021-02-15
320,5,325,10045,6110,3935,97.5,8.03381,4.88667,3.14714,6110,3935,4.88667,3.14714,2021-02-16
227,100,327,10372,6337,4035,100.7,8.29534,5.06822,3.22712,6337,4035,5.06822,3.22712,2021-02-17
261,88,349,10721,6598,4123,93.5,8.57447,5.27696,3.2975,6598,4123,5.27696,3.2975,2021-02-18
268,24,292,11013,6866,4147,96.0,8.808,5.49131,3.3167,6866,4147,5.49131,3.3167,2021-02-19
241,10,251,11264,7107,4157,89.6,9.00875,5.68405,3.3247,7107,4157,5.68405,3.3247,2021-02-20
0,18,18,11282,7107,4175,89.8,9.02315,5.68405,3.33909,7107,4175,5.68405,3.33909,2021-02-21
213,103,316,11598,7320,4278,92.3,9.27588,5.85441,3.42147,7320,4278,5.85441,3.42147,2021-02-22
216,0,216,11814,7536,4278,86.0,9.44863,6.02716,3.42147,7536,4278,6.02716,3.42147,2021-02-23
164,19,183,11997,7700,4297,87.3,9.59499,6.15832,3.43667,7700,4297,6.15832,3.43667,2021-02-24
194,7,201,12198,7894,4304,88.8,9.75575,6.31348,3.44226,7894,4304,6.31348,3.44226,2021-02-25
122,85,207,12405,8016,4389,90.3,9.9213,6.41106,3.51025,8016,4389,6.41106,3.51025,2021-02-26
124,107,231,12636,8140,4496,86.3,10.10605,6.51023,3.59582,8140,4496,6.51023,3.59582,2021-02-27
77,183,260,12896,8217,4679,85.2,10.31399,6.57181,3.74218,8217,4679,6.57181,3.74218,2021-02-28
147,34,181,13077,8364,4713,86.4,10.45876,6.68938,3.76937,8364,4713,6.68938,3.76937,2021-03-01
336,3,339,13416,8700,4716,82.3,10.72988,6.95811,3.77177,8700,4716,6.95811,3.77177,2021-03-02
186,69,255,13671,8886,4785,83.8,10.93383,7.10687,3.82696,8886,4785,7.10687,3.82696,2021-03-03
42,249,291,13962,8928,5034,85.6,11.16656,7.14046,4.0261,8928,5034,7.14046,4.0261,2021-03-04
53,222,275,14237,8981,5256,87.3,11.3865,7.18285,4.20366,8981,5256,7.18285,4.20366,2021-03-05
22,0,22,14259,9003,5256,87.4,11.4041,7.20044,4.20366,9003,5256,7.20044,4.20366,2021-03-06
11,53,64,14323,9014,5309,87.8,11.45528,7.20924,4.24605,9014,5309,7.20924,4.24605,2021-03-07
237,245,482,14805,9251,5554,90.8,11.84078,7.39879,4.44199,9251,5554,7.39879,4.44199,2021-03-08
174,32,206,15011,9425,5586,85.9,12.00553,7.53795,4.46758,9425,5586,7.53795,4.46758,2021-03-09
225,213,438,15449,9650,5799,82.3,12.35584,7.7179,4.63794,9650,5799,7.7179,4.63794,2021-03-10
66,131,197,15646,9716,5930,83.3,12.5134,7.77069,4.74271,9716,5930,7.77069,4.74271,2021-03-11
305,226,531,16177,10021,6156,86.1,12.93808,8.01462,4.92346,10021,6156,8.01462,4.92346,2021-03-12
145,0,145,16322,10166,6156,84.7,13.05405,8.13059,4.92346,10166,6156,8.13059,4.92346,2021-03-13
392,0,392,16714,10558,6156,86.7,13.36756,8.4441,4.92346,10558,6156,8.4441,4.92346,2021-03-14
159,203,362,17076,10717,6359,83.5,13.65709,8.57127,5.08582,10717,6359,8.57127,5.08582,2021-03-15
118,62,180,17256,10835,6421,84.4,13.80105,8.66564,5.1354,10835,6421,8.66564,5.1354,2021-03-16
273,160,433,17689,11108,6581,86.5,14.14735,8.88398,5.26337,11108,6581,8.88398,5.26337,2021-03-17
99,37,136,17825,11207,6618,87.2,14.25612,8.96316,5.29296,11207,6618,8.96316,5.29296,2021-03-18
286,36,322,18147,11493,6654,88.7,14.51365,9.1919,5.32175,11493,6654,9.1919,5.32175,2021-03-19
172,36,208,18355,11665,6690,89.8,14.68001,9.32946,5.35054,11665,6690,9.32946,5.35054,2021-03-20
355,0,355,18710,12020,6690,91.5,14.96393,9.61339,5.35054,12020,6690,9.61339,5.35054,2021-03-21
333,227,560,19270,12353,6917,78.1,15.41181,9.87971,5.5321,12353,6917,9.87971,5.5321,2021-03-22
245,134,379,19649,12598,7051,79.7,15.71493,10.07566,5.63927,12598,7051,10.07566,5.63927,2021-03-23
258,257,515,20164,12856,7308,81.8,16.12681,10.282,5.84481,12856,7308,10.282,5.84481,2021-03-24
379,10,389,20553,13235,7318,81.4,16.43793,10.58512,5.85281,13235,7318,10.58512,5.85281,2021-03-25
491,7,498,21051,13726,7325,83.3,16.83622,10.97781,5.85841,13726,7325,10.97781,5.85841,2021-03-26
302,31,333,21384,14028,7356,84.7,17.10255,11.21935,5.8832,14028,7356,11.21935,5.8832,2021-03-27
521,1,522,21906,14549,7357,86.7,17.52003,11.63603,5.884,14549,7357,11.63603,5.884,2021-03-28
453,40,493,22399,15002,7397,84.7,17.91433,11.99834,5.91599,15002,7397,11.99834,5.91599,2021-03-29
382,20,402,22801,15384,7417,86.3,18.23584,12.30385,5.93199,15384,7417,12.30385,5.93199,2021-03-30
529,26,555,23356,15913,7443,88.4,18.67972,12.72694,5.95278,15913,7443,12.72694,5.95278,2021-03-31
764,12,776,24132,16677,7455,91.3,19.30035,13.33797,5.96238,16677,7455,13.33797,5.96238,2021-04-01
648,225,873,25005,17325,7680,91.2,19.99856,13.85623,6.14233,17325,7680,13.85623,6.14233,2021-04-02
661,15,676,25681,17986,7695,85.2,20.53921,14.38489,6.15433,17986,7695,14.38489,6.15433,2021-04-03
571,1,572,26253,18557,7696,87.1,20.99669,14.84156,6.15513,18557,7696,14.84156,6.15513,2021-04-04
457,4,461,26714,19014,7700,88.7,21.36539,15.20706,6.15832,19014,7700,15.20706,6.15832,2021-04-05
629,112,741,27455,19643,7812,84.6,21.95803,15.71013,6.2479,19643,7812,15.71013,6.2479,2021-04-06
679,229,908,28363,20322,8041,87.4,22.68423,16.25318,6.43105,20322,8041,16.25318,6.43105,2021-04-07
441,143,584,28947,20763,8184,89.1,23.1513,16.60588,6.54542,20763,8184,16.60588,6.54542,2021-04-08
204,33,237,29184,20967,8217,89.9,23.34085,16.76904,6.57181,20967,8217,16.76904,6.57181,2021-04-09
399,5,404,29588,21366,8222,91.1,23.66396,17.08815,6.57581,21366,8222,17.08815,6.57581,2021-04-10
479,0,479,30067,21845,8222,92.6,24.04706,17.47125,6.57581,21845,8222,17.47125,6.57581,2021-04-11
322,163,485,30552,22167,8385,90.8,24.43495,17.72878,6.70618,22167,8385,17.72878,6.70618,2021-04-12
329,44,373,30925,22496,8429,91.9,24.73327,17.99191,6.74137,22496,8429,17.99191,6.74137,2021-04-13
717,224,941,31866,23213,8653,83.2,25.48587,18.56535,6.92052,23213,8653,18.56535,6.92052,2021-04-14
671,139,810,32676,23884,8792,84.6,26.13369,19.102,7.03169,23884,8792,19.102,7.03169,2021-04-15
597,2,599,33275,24481,8794,86.2,26.61276,19.57947,7.03329,24481,8794,19.57947,7.03329,2021-04-16
636,2,638,33913,25117,8796,87.8,27.12302,20.08814,7.03489,25117,8796,20.08814,7.03489,2021-04-17
518,4,522,34435,25635,8800,89.2,27.54051,20.50242,7.03809,25635,8800,20.50242,7.03809,2021-04-18
542,209,751,35186,26177,9009,89.3,28.14115,20.93591,7.20524,26177,9009,20.93591,7.20524,2021-04-19
738,194,932,36118,26915,9203,91.6,28.88654,21.52614,7.3604,26915,9203,21.52614,7.3604,2021-04-20
620,248,868,36986,27535,9451,82.4,29.58075,22.02201,7.55874,27535,9451,22.02201,7.55874,2021-04-21
684,383,1067,38053,28219,9834,84.1,30.43412,22.56906,7.86506,28219,9834,22.56906,7.86506,2021-04-22
538,383,921,38974,28757,10217,86.1,31.17072,22.99934,8.17138,28757,10217,22.99934,8.17138,2021-04-23
555,167,722,39696,29312,10384,87.7,31.74816,23.44322,8.30494,29312,10384,23.44322,8.30494,2021-04-24
709,139,848,40544,30021,10523,89.6,32.42638,24.01027,8.41611,30021,10523,24.01027,8.41611,2021-04-25
545,170,715,41259,30566,10693,89.6,32.99822,24.44615,8.55207,30566,10693,24.44615,8.55207,2021-04-26
686,297,978,42237,31252,10990,91.7,33.78041,24.9948,8.78961,31252,10990,24.9948,8.78961,2021-04-27
713,529,1217,43454,31965,11519,85.7,34.75375,25.56505,9.21269,31965,11519,25.56505,9.21269,2021-04-28
757,554,1291,44745,32722,12073,88.2,35.78627,26.17048,9.65577,32722,12073,26.17048,9.65577,2021-04-29
485,391,831,45576,33207,12464,89.8,36.45089,26.55838,9.96849,33207,12464,26.55838,9.96849,2021-04-30
454,504,938,46514,33661,12968,85.0,37.20108,26.92148,10.37158,33661,12968,26.92148,10.37158,2021-05-01
605,160,765,47279,34266,13128,86.4,37.81291,27.40535,10.49954,34266,13128,27.40535,10.49954,2021-05-02
488,351,839,48118,34754,13479,87.9,38.48393,27.79564,10.78027,34754,13479,27.79564,10.78027,2021-05-03
462,693,1135,49253,35216,14172,90.0,39.39169,28.16514,11.33452,35216,14172,28.16514,11.33452,2021-05-04
456,605,1036,50289,35672,14777,84.6,40.22026,28.52984,11.81839,35672,14777,28.52984,11.81839,2021-05-05
679,414,1063,51352,36351,15191,86.4,41.07043,29.07289,12.1495,36351,15191,29.07289,12.1495,2021-05-06
533,82,564,51916,36884,15273,86.4,41.52151,29.49918,12.21508,36884,15273,29.49918,12.21508,2021-05-07
526,443,904,52820,37410,15716,87.9,42.24451,29.91986,12.56938,37410,15716,29.91986,12.56938,2021-05-08
444,130,574,53394,37854,15846,88.8,42.70358,30.27497,12.67335,37854,15846,30.27497,12.67335,2021-05-09
546,234,780,54174,38400,16080,90.1,43.32741,30.71165,12.8605,38400,16080,30.71165,12.8605,2021-05-10
494,176,645,54819,38894,16256,91.2,43.84327,31.10674,13.00126,38894,16256,31.10674,13.00126,2021-05-11
467,685,1137,55956,39361,16941,84.8,44.75263,31.48024,13.54911,39361,16941,31.48024,13.54911,2021-05-12
540,628,1139,57095,39901,17569,86.6,45.66358,31.91212,14.05138,39901,17569,31.91212,14.05138,2021-05-13
291,698,959,58054,40192,18267,86.8,46.43057,32.14486,14.60963,40192,18267,32.14486,14.60963,2021-05-14
379,685,1064,59118,40571,18952,88.4,47.28154,32.44797,15.15748,40571,18952,32.44797,15.15748,2021-05-15
347,341,688,59806,40918,19293,89.4,47.83179,32.7255,15.4302,40918,19293,32.7255,15.4302,2021-05-16
375,433,808,60614,41293,19726,90.7,48.47801,33.02542,15.77651,41293,19726,33.02542,15.77651,2021-05-17
352,625,967,61581,41645,20351,92.1,49.2514,33.30694,16.27637,41645,20351,33.30694,16.27637,2021-05-18
418,573,991,62572,42063,20924,87.5,50.04399,33.64125,16.73465,42063,20924,33.64125,16.73465,2021-05-19
367,440,807,63379,42430,21364,88.6,50.68941,33.93477,17.08655,42430,21364,33.93477,17.08655,2021-05-20
531,391,917,64296,42961,21755,88.5,51.42281,34.35945,17.39927,42961,21755,34.35945,17.39927,2021-05-21
540,399,939,65235,43501,22154,89.8,52.17381,34.79134,17.71838,43501,22154,34.79134,17.71838,2021-05-22
658,339,997,66232,44159,22493,91.2,52.97119,35.31759,17.98951,44159,22493,35.31759,17.98951,2021-05-23
301,451,747,66979,44460,22944,92.2,53.56863,35.55833,18.35021,44460,22944,35.55833,18.35021,2021-05-24
412,463,865,67844,44872,23407,91.8,54.26044,35.88784,18.72051,44872,23407,35.88784,18.72051,2021-05-25
