delta_1d,delta_2d,delta_all,sum_doses,sum_1d,sum_2d,perc_doses,perc_inh_tot,perc_inh_1d,perc_inh_2d,sum_monotone_1d,sum_monotone_2d,perc_inh_monotone_1d,perc_inh_monotone_2d,date
0,0,0,0,0,0,0,0,0,0,0,0,0,0,2020-12-26
20,0,20,20,20,0,100.0,0.016,0.016,0.0,20,0,0.016,0.0,2020-12-27
0,0,0,20,20,0,100.0,0.016,0.016,0.0,20,0,0.016,0.0,2020-12-28
0,0,0,20,20,0,100.0,0.016,0.016,0.0,20,0,0.016,0.0,2020-12-29
0,0,0,20,20,0,2.0,0.016,0.016,0.0,20,0,0.016,0.0,2020-12-30
18,0,18,38,38,0,3.8,0.03039,0.03039,0.0,38,0,0.03039,0.0,2020-12-31
0,0,0,38,38,0,3.8,0.03039,0.03039,0.0,38,0,0.03039,0.0,2021-01-01
6,0,6,44,44,0,4.4,0.03519,0.03519,0.0,44,0,0.03519,0.0,2021-01-02
0,0,0,44,44,0,4.4,0.03519,0.03519,0.0,44,0,0.03519,0.0,2021-01-03
144,0,144,188,188,0,18.9,0.15036,0.15036,0.0,188,0,0.15036,0.0,2021-01-04
152,1,152,340,340,1,17.3,0.27193,0.27193,0.0008,340,1,0.27193,0.0008,2021-01-05
66,1,66,406,406,2,20.6,0.32471,0.32471,0.0016,406,2,0.32471,0.0016,2021-01-06
284,5,284,690,690,7,35.0,0.55185,0.55185,0.0056,690,7,0.55185,0.0056,2021-01-07
301,0,301,991,991,7,50.3,0.79258,0.79258,0.0056,991,7,0.79258,0.0056,2021-01-08
446,2,446,1437,1437,9,72.9,1.14929,1.14929,0.0072,1437,9,1.14929,0.0072,2021-01-09
223,9,223,1660,1660,18,84.3,1.32764,1.32764,0.0144,1660,18,1.32764,0.0144,2021-01-10
328,1,328,1988,1988,19,100.9,1.58997,1.58997,0.0152,1988,19,1.58997,0.0152,2021-01-11
303,1,303,2291,2291,20,58.4,1.8323,1.8323,0.016,2291,20,1.8323,0.016,2021-01-12
340,0,340,2631,2631,20,63.9,2.10423,2.10423,0.016,2631,20,2.10423,0.016,2021-01-13
237,0,237,2868,2868,20,69.6,2.29378,2.29378,0.016,2868,20,2.29378,0.016,2021-01-14
220,0,220,3088,3088,20,75.0,2.46973,2.46973,0.016,3088,20,2.46973,0.016,2021-01-15
240,0,240,3328,3328,20,80.8,2.66168,2.66168,0.016,3328,20,2.66168,0.016,2021-01-16
131,0,131,3459,3459,20,84.0,2.76645,2.76645,0.016,3459,20,2.76645,0.016,2021-01-17
214,0,214,3673,3673,20,89.2,2.9376,2.9376,0.016,3673,20,2.9376,0.016,2021-01-18
256,0,256,3929,3929,20,95.4,3.14235,3.14235,0.016,3929,20,3.14235,0.016,2021-01-19
64,0,64,3993,3993,20,75.5,3.19353,3.19353,0.016,3993,20,3.19353,0.016,2021-01-20
33,0,33,4026,4026,20,76.1,3.21992,3.21992,0.016,4026,20,3.21992,0.016,2021-01-21
22,36,58,4084,4048,56,77.2,3.26631,3.23752,0.04479,4048,56,3.23752,0.04479,2021-01-22
0,0,0,4084,4048,56,77.2,3.26631,3.23752,0.04479,4048,56,3.23752,0.04479,2021-01-23
0,0,0,4084,4048,56,77.2,3.26631,3.23752,0.04479,4048,56,3.23752,0.04479,2021-01-24
1,149,150,4234,4049,205,80.0,3.38628,3.23832,0.16396,4049,205,3.23832,0.16396,2021-01-25
2,148,150,4384,4051,353,67.9,3.50625,3.23992,0.28232,4051,353,3.23992,0.28232,2021-01-26
81,76,157,4541,4132,429,70.3,3.63181,3.3047,0.34311,4132,429,3.3047,0.34311,2021-01-27
55,239,294,4835,4187,668,74.8,3.86695,3.34869,0.53425,4187,668,3.34869,0.53425,2021-01-28
2,319,321,5156,4189,987,79.8,4.12368,3.35029,0.78939,4189,987,3.35029,0.78939,2021-01-29
14,428,440,5596,4203,1415,86.6,4.47558,3.36149,1.13169,4203,1415,3.36149,1.13169,2021-01-30
58,234,292,5888,4261,1649,91.1,4.70912,3.40787,1.31884,4261,1649,3.40787,1.31884,2021-01-31
89,323,409,6297,4350,1972,96.0,5.03623,3.47905,1.57717,4350,1972,3.47905,1.57717,2021-02-01
3,291,294,6591,4353,2263,85.3,5.27137,3.48145,1.80991,4353,2263,3.48145,1.80991,2021-02-02
15,340,355,6946,4368,2603,89.9,5.55529,3.49345,2.08183,4368,2603,3.49345,2.08183,2021-02-03
8,288,296,7242,4376,2891,93.7,5.79202,3.49985,2.31217,4376,2891,3.49985,2.31217,2021-02-04
103,194,297,7539,4479,3085,97.5,6.02956,3.58223,2.46733,4479,3085,3.58223,2.46733,2021-02-05
92,201,292,7831,4571,3286,101.3,6.2631,3.65581,2.62809,4571,3286,3.65581,2.62809,2021-02-06
190,102,292,8123,4761,3388,105.1,6.49663,3.80776,2.70966,4761,3388,3.80776,2.70966,2021-02-07
25,199,224,8347,4786,3587,108.0,6.67578,3.82776,2.86882,4786,3587,3.82776,2.86882,2021-02-08
71,185,255,8602,4857,3772,96.7,6.87973,3.88454,3.01678,4857,3772,3.88454,3.01678,2021-02-09
141,107,248,8850,4998,3879,94.1,7.07807,3.99731,3.10236,4998,3879,3.99731,3.10236,2021-02-10
223,10,232,9082,5221,3889,96.6,7.26362,4.17566,3.11035,5221,3889,4.17566,3.11035,2021-02-11
217,47,263,9345,5438,3936,99.4,7.47397,4.34922,3.14794,5438,3936,4.34922,3.14794,2021-02-12
221,15,222,9567,5659,3951,92.9,7.65152,4.52597,3.15994,5659,3951,4.52597,3.15994,2021-02-13
1,47,48,9615,5660,3998,93.3,7.68991,4.52677,3.19753,5660,3998,4.52677,3.19753,2021-02-14
229,38,264,9879,5889,4036,95.9,7.90105,4.70992,3.22792,5889,4036,4.70992,3.22792,2021-02-15
323,15,329,10208,6212,4051,99.1,8.16418,4.96825,3.23992,6212,4051,4.96825,3.23992,2021-02-16
227,104,329,10537,6439,4155,102.3,8.42731,5.1498,3.3231,6439,4155,5.1498,3.3231,2021-02-17
261,94,349,10886,6700,4249,94.9,8.70643,5.35854,3.39828,6700,4249,5.35854,3.39828,2021-02-18
268,25,292,11178,6968,4274,97.5,8.93997,5.57288,3.41827,6968,4274,5.57288,3.41827,2021-02-19
247,16,257,11435,7215,4290,91.0,9.14551,5.77043,3.43107,7215,4290,5.77043,3.43107,2021-02-20
0,18,18,11453,7215,4308,91.1,9.15991,5.77043,3.44546,7215,4308,5.77043,3.44546,2021-02-21
214,106,318,11771,7429,4414,93.6,9.41424,5.94158,3.53024,7429,4414,5.94158,3.53024,2021-02-22
217,4,217,11988,7646,4418,87.2,9.58779,6.11514,3.53344,7646,4418,6.11514,3.53344,2021-02-23
164,22,185,12173,7810,4440,88.6,9.73575,6.2463,3.55103,7810,4440,6.2463,3.55103,2021-02-24
194,14,202,12375,8004,4454,90.1,9.89731,6.40146,3.56223,8004,4454,6.40146,3.56223,2021-02-25
124,101,211,12586,8128,4555,91.6,10.06606,6.50063,3.64301,8128,4555,6.50063,3.64301,2021-02-26
125,112,232,12818,8253,4667,87.6,10.25161,6.6006,3.73258,8253,4667,6.6006,3.73258,2021-02-27
77,187,260,13078,8330,4854,86.4,10.45956,6.66219,3.88214,8330,4854,6.66219,3.88214,2021-02-28
148,42,182,13260,8478,4896,87.6,10.60512,6.78056,3.91573,8478,4896,6.78056,3.91573,2021-03-01
337,48,340,13600,8815,4944,83.4,10.87704,7.05008,3.95412,8815,4944,7.05008,3.95412,2021-03-02
187,77,258,13858,9002,5021,85.0,11.08339,7.19964,4.01571,9002,5021,7.19964,4.01571,2021-03-03
40,253,291,14149,9042,5274,86.8,11.31612,7.23163,4.21805,9042,5274,7.23163,4.21805,2021-03-04
54,224,277,14426,9096,5498,88.4,11.53766,7.27482,4.3972,9096,5498,7.27482,4.3972,2021-03-05
22,4,22,14448,9118,5502,88.6,11.55526,7.29242,4.4004,9118,5502,7.29242,4.4004,2021-03-06
11,53,64,14512,9129,5555,89.0,11.60644,7.30121,4.44279,9129,5555,7.30121,4.44279,2021-03-07
243,248,488,15000,9372,5803,92.0,11.99674,7.49556,4.64114,9372,5803,7.49556,4.64114,2021-03-08
174,46,206,15206,9546,5849,87.0,12.16149,7.63472,4.67793,9546,5849,7.63472,4.67793,2021-03-09
225,221,439,15645,9771,6070,83.3,12.5126,7.81467,4.85468,9771,6070,7.81467,4.85468,2021-03-10
154,241,393,16038,9925,6311,85.4,12.82691,7.93784,5.04743,9925,6311,7.93784,5.04743,2021-03-11
309,238,535,16573,10234,6549,88.2,13.25479,8.18497,5.23778,10234,6549,8.18497,5.23778,2021-03-12
149,7,149,16722,10383,6556,86.7,13.37396,8.30414,5.24337,10383,6556,8.30414,5.24337,2021-03-13
395,30,395,17117,10778,6586,88.8,13.68988,8.62006,5.26737,10778,6586,8.62006,5.26737,2021-03-14
185,215,388,17505,10963,6801,85.6,14.00019,8.76802,5.43932,10963,6801,8.76802,5.43932,2021-03-15
118,77,186,17691,11081,6878,86.5,14.14895,8.86239,5.5009,11081,6878,8.86239,5.5009,2021-03-16
273,181,438,18129,11354,7059,88.7,14.49926,9.08073,5.64566,11354,7059,9.08073,5.64566,2021-03-17
99,40,136,18265,11453,7099,89.3,14.60803,9.15991,5.67766,11453,7099,9.15991,5.67766,2021-03-18
287,43,322,18587,11740,7142,90.9,14.86556,9.38945,5.71205,11740,7142,9.38945,5.71205,2021-03-19
173,43,209,18796,11913,7185,91.9,15.03271,9.52781,5.74644,11913,7185,9.52781,5.74644,2021-03-20
363,16,365,19161,12276,7201,93.7,15.32463,9.81813,5.75923,12276,7201,9.81813,5.75923,2021-03-21
332,236,561,19722,12608,7437,80.0,15.77331,10.08366,5.94798,12608,7437,10.08366,5.94798,2021-03-22
247,153,382,20104,12855,7590,81.5,16.07883,10.2812,6.07035,12855,7590,10.2812,6.07035,2021-03-23
259,264,519,20623,13114,7854,83.6,16.49391,10.48835,6.28149,13114,7854,10.48835,6.28149,2021-03-24
379,27,389,21012,13493,7881,83.2,16.80503,10.79146,6.30309,13493,7881,10.79146,6.30309,2021-03-25
491,17,498,21510,13984,7898,85.2,17.20332,11.18416,6.31668,13984,7898,11.18416,6.31668,2021-03-26
306,46,337,21847,14290,7944,86.5,17.47285,11.42889,6.35347,14290,7944,11.42889,6.35347,2021-03-27
524,31,524,22371,14814,7975,88.6,17.89193,11.84798,6.37827,14814,7975,11.84798,6.37827,2021-03-28
454,47,494,22865,15268,8022,86.5,18.28703,12.21108,6.41585,15268,8022,12.21108,6.41585,2021-03-29
382,40,402,23267,15650,8062,88.0,18.60854,12.5166,6.44785,15650,8062,12.5166,6.44785,2021-03-30
529,45,555,23822,16179,8107,90.1,19.05242,12.93968,6.48384,16179,8107,12.93968,6.48384,2021-03-31
767,36,779,24601,16946,8143,93.1,19.67545,13.55311,6.51263,16946,8143,13.55311,6.51263,2021-04-01
649,255,875,25476,17595,8398,92.9,20.37526,14.07217,6.71657,17595,8398,14.07217,6.71657,2021-04-02
661,31,676,26152,18256,8429,86.8,20.91591,14.60083,6.74137,18256,8429,14.60083,6.74137,2021-04-03
573,14,573,26725,18829,8443,88.7,21.37419,15.0591,6.75256,18829,8443,15.0591,6.75256,2021-04-04
460,24,466,27191,19289,8467,90.2,21.74688,15.427,6.77176,19289,8467,15.427,6.77176,2021-04-05
631,147,743,27934,19920,8614,86.0,22.34112,15.93167,6.88933,19920,8614,15.93167,6.88933,2021-04-06
681,255,910,28844,20601,8869,88.8,23.06893,16.47632,7.09327,20601,8869,16.47632,7.09327,2021-04-07
442,169,587,29431,21043,9038,90.6,23.5384,16.82982,7.22843,21043,9038,16.82982,7.22843,2021-04-08
205,38,238,29669,21248,9076,91.4,23.72875,16.99378,7.25883,21248,9076,16.99378,7.25883,2021-04-09
400,16,405,30074,21648,9092,92.6,24.05266,17.31369,7.27162,21648,9092,17.31369,7.27162,2021-04-10
481,18,481,30555,22129,9110,94.1,24.43735,17.69839,7.28602,22129,9110,17.69839,7.28602,2021-04-11
325,183,490,31045,22454,9293,92.3,24.82925,17.95832,7.43238,22454,9293,17.95832,7.43238,2021-04-12
329,61,373,31418,22783,9354,93.4,25.12757,18.22144,7.48117,22783,9354,18.22144,7.48117,2021-04-13
718,252,942,32360,23501,9606,84.4,25.88096,18.79569,7.68271,23501,9606,18.79569,7.68271,2021-04-14
674,174,814,33174,24175,9780,85.9,26.53198,19.33474,7.82187,24175,9780,19.33474,7.82187,2021-04-15
598,35,600,33774,24773,9815,87.5,27.01185,19.81301,7.84986,24773,9815,19.81301,7.84986,2021-04-16
636,43,638,34412,25409,9858,89.1,27.52211,20.32167,7.88426,25409,9858,20.32167,7.88426,2021-04-17
521,28,523,34935,25930,9886,90.5,27.9404,20.73836,7.90665,25930,9886,20.73836,7.90665,2021-04-18
545,233,754,35689,26475,10119,90.5,28.54344,21.17424,8.093,26475,10119,21.17424,8.093,2021-04-19
744,228,940,36629,27219,10347,92.9,29.29523,21.76928,8.27535,27219,10347,21.76928,8.27535,2021-04-20
620,283,869,37498,27839,10630,83.5,29.99024,22.26514,8.50169,27839,10630,22.26514,8.50169,2021-04-21
687,417,1070,38568,28526,11047,85.2,30.84601,22.81459,8.8352,28526,11047,22.81459,8.8352,2021-04-22
540,413,923,39491,29066,11460,87.3,31.58421,23.24648,9.16551,29066,11460,23.24648,9.16551,2021-04-23
558,192,726,40217,29624,11652,88.9,32.16485,23.69276,9.31907,29624,11652,23.69276,9.31907,2021-04-24
711,177,850,41067,30335,11829,90.8,32.84467,24.2614,9.46063,30335,11829,24.2614,9.46063,2021-04-25
554,203,724,41791,30889,12032,90.8,33.42371,24.70448,9.62298,30889,12032,24.70448,9.62298,2021-04-26
687,333,979,42770,31576,12365,92.9,34.2067,25.25393,9.88931,31576,12365,25.25393,9.88931,2021-04-27
717,564,1220,43990,32293,12929,86.7,35.18243,25.82737,10.34039,32293,12929,25.82737,10.34039,2021-04-28
761,574,1294,45284,33054,13503,89.3,36.21735,26.43601,10.79946,33054,13503,26.43601,10.79946,2021-04-29
486,411,833,46117,33540,13914,90.9,36.88357,26.8247,11.12817,33540,13914,26.8247,11.12817,2021-04-30
459,522,943,47060,33999,14436,86.0,37.63776,27.1918,11.54566,33999,14436,27.1918,11.54566,2021-05-01
605,184,765,47825,34604,14620,87.4,38.2496,27.67567,11.69282,34604,14620,27.67567,11.69282,2021-05-02
489,384,841,48666,35093,15004,88.9,38.92221,28.06677,11.99994,35093,15004,28.06677,11.99994,2021-05-03
462,721,1136,49802,35555,15725,91.0,39.83077,28.43627,12.57658,35555,15725,28.43627,12.57658,2021-05-04
457,629,1039,50841,36012,16354,85.6,40.66174,28.80177,13.07964,36012,16354,28.80177,13.07964,2021-05-05
697,465,1082,51923,36709,16819,87.4,41.5271,29.35921,13.45154,36709,16819,29.35921,13.45154,2021-05-06
536,106,566,52489,37245,16925,87.3,41.97978,29.7879,13.53632,37245,16925,29.7879,13.53632,2021-05-07
526,476,909,53398,37771,17401,88.8,42.70678,30.20858,13.91701,37771,17401,30.20858,13.91701,2021-05-08
444,150,575,53973,38215,17551,89.8,43.16666,30.56369,14.03698,38215,17551,30.56369,14.03698,2021-05-09
550,257,786,54759,38765,17808,91.1,43.79529,31.00357,14.24253,38765,17808,31.00357,14.24253,2021-05-10
501,203,651,55410,39266,18011,92.2,44.31595,31.40426,14.40488,39266,18011,31.40426,14.40488,2021-05-11
474,711,1145,56555,39740,18722,85.7,45.2317,31.78335,14.97353,39740,18722,31.78335,14.97353,2021-05-12
544,653,1146,57701,40284,19375,87.5,46.14825,32.21844,15.49579,40284,19375,32.21844,15.49579,2021-05-13
294,730,964,58665,40578,20105,87.7,46.91924,32.45357,16.07963,40578,20105,32.45357,16.07963,2021-05-14
381,700,1068,59733,40959,20805,89.3,47.77341,32.75829,16.63947,40959,20805,32.75829,16.63947,2021-05-15
348,352,690,60423,41307,21157,90.4,48.32526,33.03661,16.921,41307,21157,33.03661,16.921,2021-05-16
375,445,810,61233,41682,21602,91.6,48.97308,33.33653,17.2769,41682,21602,33.33653,17.2769,2021-05-17
353,637,975,62208,42035,22239,93.0,49.75287,33.61886,17.78636,42035,22239,33.61886,17.78636,2021-05-18
418,584,993,63201,42453,22823,88.3,50.54705,33.95316,18.25344,42453,22823,33.95316,18.25344,2021-05-19
605,473,1047,64248,43058,23296,89.8,51.38442,34.43703,18.63173,43058,23296,34.43703,18.63173,2021-05-20
532,416,934,65182,43590,23712,89.7,52.13142,34.86252,18.96444,43590,23712,34.86252,18.96444,2021-05-21
555,423,956,66138,44145,24135,91.0,52.89601,35.3064,19.30275,44145,24135,35.3064,19.30275,2021-05-22
659,347,999,67137,44804,24482,92.4,53.69499,35.83345,19.58027,44804,24482,35.83345,19.58027,2021-05-23
695,469,1143,68280,45499,24951,92.3,54.60915,36.3893,19.95537,45499,24951,36.3893,19.95537,2021-05-24
542,603,1118,69398,46041,25554,93.9,55.5033,36.82278,20.43764,46041,25554,36.82278,20.43764,2021-05-25
578,655,1212,70610,46619,26209,89.8,56.47264,37.28506,20.9615,46619,26209,37.28506,20.9615,2021-05-26
587,518,1093,71703,47206,26727,91.2,57.3468,37.75453,21.37579,47206,26727,37.75453,21.37579,2021-05-27
562,445,979,72682,47768,27172,92.4,58.12979,38.20401,21.73169,47768,27172,38.20401,21.73169,2021-05-28
561,253,806,73488,48329,27425,93.5,58.77441,38.65269,21.93403,48329,27425,38.65269,21.93403,2021-05-29
694,183,865,74353,49023,27608,92.7,59.46623,39.20774,22.08039,49023,27608,39.20774,22.08039,2021-05-30
502,394,883,75236,49525,28002,93.8,60.17243,39.60923,22.39551,49525,28002,39.60923,22.39551,2021-05-31
520,364,874,76110,50045,28366,87.2,60.87144,40.02511,22.68663,50045,28366,40.02511,22.68663,2021-06-01
816,410,1218,77328,50861,28776,88.6,61.84558,40.67774,23.01454,50861,28776,40.67774,23.01454,2021-06-02
901,442,1315,78643,51762,29218,90.1,62.89729,41.39834,23.36804,51762,29218,41.39834,23.36804,2021-06-03
475,455,910,79553,52237,29673,87.4,63.62509,41.77824,23.73194,52237,29673,41.77824,23.73194,2021-06-04
739,333,930,80483,52976,30006,88.4,64.36889,42.36928,23.99827,52976,30006,42.36928,23.99827,2021-06-05
787,658,1162,81645,53763,30664,89.0,65.29824,42.9987,24.52453,53763,30664,42.9987,24.52453,2021-06-06
650,75,711,82356,54413,30739,89.8,65.86688,43.51856,24.58451,54413,30739,43.51856,24.58451,2021-06-07
739,41,772,83128,55152,30780,90.6,66.48432,44.1096,24.6173,55152,30780,44.1096,24.6173,2021-06-08
1023,52,1058,84186,56175,30832,88.4,67.33049,44.92778,24.65889,56175,30832,44.92778,24.65889,2021-06-09
1019,56,1060,85246,57194,30888,89.5,68.17826,45.74276,24.70368,57194,30888,45.74276,24.70368,2021-06-10
766,296,1049,86295,57960,31184,90.3,69.01723,46.35539,24.94042,57960,31184,46.35539,24.94042,2021-06-11
1067,187,1234,87529,59027,31371,91.6,70.00416,47.20876,25.08998,59027,31371,47.20876,25.08998,2021-06-12
375,487,857,88386,59402,31858,92.5,70.68957,47.50868,25.47947,59402,31858,47.50868,25.47947,2021-06-13
589,442,1017,89403,59991,32300,92.9,71.50295,47.97975,25.83297,59991,32300,47.97975,25.83297,2021-06-14
669,273,927,90330,60660,32573,93.8,72.24435,48.5148,26.05131,60660,32573,48.5148,26.05131,2021-06-15
674,406,1069,91399,61334,32979,88.7,73.09932,49.05386,26.37603,61334,32979,49.05386,26.37603,2021-06-16
655,358,997,92396,61989,33337,89.6,73.8967,49.57771,26.66235,61989,33337,49.57771,26.66235,2021-06-17
603,415,1004,93400,62592,33752,89.6,74.69968,50.05998,26.99426,62592,33752,50.05998,26.99426,2021-06-18
676,637,1297,94697,63268,34389,90.8,75.737,50.60064,27.50372,63268,34389,50.60064,27.50372,2021-06-19
490,659,1134,95831,63758,35048,90.9,76.64395,50.99253,28.03078,63758,35048,50.99253,28.03078,2021-06-20
617,518,1125,96956,64375,35566,92.0,77.54371,51.486,28.44506,64375,35566,51.486,28.44506,2021-06-21
544,663,1194,98150,64919,36229,93.1,78.49865,51.92108,28.97532,64919,36229,51.92108,28.97532,2021-06-22
429,622,1046,99196,65348,36851,87.3,79.33522,52.26418,29.47278,65348,36851,52.26418,29.47278,2021-06-23
392,846,1229,100425,65740,37697,88.4,80.31815,52.5777,30.1494,65740,37697,52.5777,30.1494,2021-06-24
327,661,982,101407,66067,38358,89.3,81.10354,52.83923,30.67806,66067,38358,52.83923,30.67806,2021-06-25
359,715,1066,102473,66426,39073,89.6,81.95611,53.12635,31.2499,66426,39073,53.12635,31.2499,2021-06-26
325,945,1256,103729,66751,40018,90.7,82.96063,53.38628,32.00569,66751,40018,53.38628,32.00569,2021-06-27
331,670,996,104725,67082,40688,91.6,83.75722,53.65101,32.54155,67082,40688,53.65101,32.54155,2021-06-28
239,595,783,105508,67321,41283,92.2,84.38345,53.84215,33.01742,67321,41283,53.84215,33.01742,2021-06-29
428,706,1123,106631,67749,41989,87.8,85.2816,54.18446,33.58207,67749,41989,54.18446,33.58207,2021-06-30
341,636,964,107595,68090,42625,88.6,86.05259,54.45719,34.09073,68090,42625,54.45719,34.09073,2021-07-01
311,572,877,108472,68401,43197,88.6,86.754,54.70592,34.5482,68401,43197,54.70592,34.5482,2021-07-02
401,547,938,109410,68802,43744,89.4,87.5042,55.02663,34.98568,68802,43744,55.02663,34.98568,2021-07-03
364,846,1195,110605,69166,44590,89.2,88.45994,55.31775,35.6623,69166,44590,55.31775,35.6623,2021-07-04
325,525,837,111442,69491,45115,89.9,89.12936,55.57768,36.08219,69491,45115,55.57768,36.08219,2021-07-05
165,747,888,112330,69656,45862,90.6,89.83956,55.70965,36.67962,69656,45862,55.70965,36.67962,2021-07-06
431,386,795,113125,70087,46248,88.7,90.47539,56.05435,36.98834,70087,46248,56.05435,36.98834,2021-07-07
350,937,1276,114401,70437,47185,89.7,91.49591,56.33428,37.73774,70437,47185,56.33428,37.73774,2021-07-08
289,669,947,115348,70726,47854,90.5,92.25331,56.56541,38.27279,70726,47854,56.56541,38.27279,2021-07-09
329,983,1297,116645,71055,48837,90.4,93.29062,56.82854,39.05898,71055,48837,56.82854,39.05898,2021-07-10
266,657,909,117554,71321,49494,91.1,94.01763,57.04128,39.58443,71321,49494,57.04128,39.58443,2021-07-11
246,741,979,118533,71567,50235,91.9,94.80061,57.23803,40.17707,71567,50235,57.23803,40.17707,2021-07-12
318,755,1066,119599,71885,50990,92.7,95.65318,57.49236,40.78091,71885,50990,57.49236,40.78091,2021-07-13
293,743,1022,120621,72178,51733,91.0,96.47056,57.7267,41.37515,72178,51733,57.7267,41.37515,2021-07-14
300,828,1109,121730,72478,52561,91.9,97.35752,57.96663,42.03737,72478,52561,57.96663,42.03737,2021-07-15
352,754,1084,122814,72830,53315,92.7,98.22448,58.24816,42.6404,72830,53315,58.24816,42.6404,2021-07-16
254,760,998,123812,73084,54075,93.4,99.02267,58.4513,43.24824,73084,54075,58.4513,43.24824,2021-07-17
261,698,935,124747,73345,54773,93.4,99.77046,58.66004,43.80648,73345,54773,58.66004,43.80648,2021-07-18
259,636,883,125630,73604,55409,94.0,100.47667,58.86719,44.31515,73604,55409,58.86719,44.31515,2021-07-19
397,743,1123,126753,74001,56152,94.9,101.37483,59.1847,44.90938,74001,56152,59.1847,44.90938,2021-07-20
319,872,1169,127922,74320,57024,93.3,102.30977,59.43983,45.60679,74320,57024,59.43983,45.60679,2021-07-21
284,735,990,128912,74604,57759,94.0,103.10156,59.66697,46.19464,74604,57759,59.66697,46.19464,2021-07-22
369,625,978,129890,74973,58384,94.7,103.88374,59.96209,46.6945,74973,58384,59.96209,46.6945,2021-07-23
339,702,1022,130912,75312,59086,95.5,104.70112,60.23322,47.25595,75312,59086,60.23322,47.25595,2021-07-24
273,765,1022,131934,75585,59851,96.2,105.5185,60.45156,47.86778,75585,59851,60.45156,47.86778,2021-07-25
328,703,1012,132946,75913,60554,96.9,106.32788,60.71389,48.43003,75913,60554,60.71389,48.43003,2021-07-26
585,571,1138,134084,76498,61125,97.1,107.23803,61.18176,48.8867,76498,61125,61.18176,48.8867,2021-07-27
381,1084,1432,135516,76879,62209,95.7,108.38332,61.48648,49.75367,76879,62209,61.48648,49.75367,2021-07-28
333,684,1002,136518,77212,62893,96.4,109.1847,61.7528,50.30072,77212,62893,61.7528,50.30072,2021-07-29
444,551,968,137486,77656,63444,97.1,109.95889,62.10791,50.7414,77656,63444,62.10791,50.7414,2021-07-30
337,577,893,138379,77993,64021,97.7,110.6731,62.37743,51.20287,77993,64021,62.37743,51.20287,2021-07-31
295,561,843,139222,78288,64582,98.3,111.34731,62.61337,51.65155,78288,64582,62.61337,51.65155,2021-08-01
323,466,771,139993,78611,65048,98.8,111.96395,62.8717,52.02425,78611,65048,62.8717,52.02425,2021-08-02
590,381,948,140941,79201,65429,98.1,112.72214,63.34357,52.32897,79201,65429,63.34357,52.32897,2021-08-03
394,686,1054,141995,79595,66115,95.7,113.56511,63.65868,52.87762,79595,66115,63.65868,52.87762,2021-08-04
310,516,790,142785,79905,66631,96.3,114.19694,63.90662,53.29031,79905,66631,63.90662,53.29031,2021-08-05
424,426,823,143608,80329,67057,96.8,114.85516,64.24573,53.63101,80329,67057,64.24573,53.63101,2021-08-06
326,441,748,144356,80655,67498,97.3,115.4534,64.50645,53.98372,80655,67498,64.50645,53.98372,2021-08-07
187,406,581,144937,80842,67904,97.0,115.91807,64.65601,54.30843,80842,67904,64.65601,54.30843,2021-08-08
269,430,676,145613,81111,68334,97.4,116.45872,64.87116,54.65233,81111,68334,64.87116,54.65233,2021-08-09
593,281,857,146470,81704,68615,98.0,117.14414,65.34543,54.87707,81704,68615,65.34543,54.87707,2021-08-10
326,477,779,147249,82030,69092,96.3,117.76717,65.60616,55.25857,82030,69092,65.60616,55.25857,2021-08-11
130,260,378,147627,82160,69352,95.0,118.06949,65.71013,55.46651,82160,69352,65.71013,55.46651,2021-08-12
214,293,497,148124,82374,69645,95.4,118.46698,65.88128,55.70085,82374,69645,65.88128,55.70085,2021-08-13
152,331,466,148590,82526,69976,95.7,118.83968,66.00285,55.96558,82526,69976,66.00285,55.96558,2021-08-14
0,0,0,148590,82526,69976,95.7,118.83968,66.00285,55.96558,82526,69976,66.00285,55.96558,2021-08-15
148,296,424,149014,82674,70272,95.9,119.17878,66.12122,56.20231,82674,70272,66.12122,56.20231,2021-08-16
219,351,561,149575,82893,70623,96.3,119.62746,66.29637,56.48304,82893,70623,66.29637,56.48304,2021-08-17
255,452,688,150263,83148,71075,92.5,120.17771,66.50031,56.84454,83148,71075,66.50031,56.84454,2021-08-18
87,195,267,150530,83235,71270,92.7,120.39125,66.56989,57.0005,83235,71270,66.56989,57.0005,2021-08-19
159,332,475,151005,83394,71602,93.0,120.77115,66.69706,57.26602,83394,71602,66.69706,57.26602,2021-08-20
113,349,444,151449,83507,71951,93.3,121.12625,66.78743,57.54515,83507,71951,66.78743,57.54515,2021-08-21
8,170,178,151627,83515,72121,93.4,121.26861,66.79383,57.68111,83515,72121,66.79383,57.68111,2021-08-22
105,313,404,152031,83620,72434,93.6,121.59173,66.87781,57.93144,83620,72434,66.87781,57.93144,2021-08-23
154,531,672,152703,83774,72965,92.2,122.12918,67.00098,58.35613,83774,72965,67.00098,58.35613,2021-08-24
154,554,682,153385,83928,73519,92.6,122.67463,67.12414,58.79921,83928,73519,67.12414,58.79921,2021-08-25
89,264,344,153729,84017,73783,89.1,122.94976,67.19532,59.01035,84017,73783,67.19532,59.01035,2021-08-26
132,377,499,154228,84149,74160,89.4,123.34885,67.30089,59.31187,84149,74160,67.30089,59.31187,2021-08-27
113,448,538,154766,84262,74608,89.7,123.77913,67.39127,59.67017,84262,74608,67.39127,59.67017,2021-08-28
7,203,209,154975,84269,74811,89.8,123.94629,67.39687,59.83253,84269,74811,67.39687,59.83253,2021-08-29
153,437,552,155527,84422,75248,90.1,124.38777,67.51923,60.18203,84422,75248,67.51923,60.18203,2021-08-30
144,541,677,156204,84566,75789,90.5,124.92922,67.6344,60.61471,84566,75789,67.6344,60.61471,2021-08-31
215,618,801,157005,84781,76407,91.0,125.56985,67.80636,61.10898,84781,76407,67.80636,61.10898,2021-09-01
104,432,520,157525,84885,76839,89.5,125.98573,67.88953,61.45448,84885,76839,67.88953,61.45448,2021-09-02
168,396,537,158062,85053,77235,89.8,126.41522,68.0239,61.7712,85053,77235,68.0239,61.7712,2021-09-03
149,383,517,158579,85202,77618,90.1,126.8287,68.14307,62.07751,85202,77618,68.14307,62.07751,2021-09-04
7,139,143,158722,85209,77757,90.1,126.94307,68.14866,62.18868,85209,77757,68.14866,62.18868,2021-09-05
177,350,496,159218,85386,78107,90.4,127.33976,68.29023,62.46861,85386,78107,68.29023,62.46861,2021-09-06
114,583,694,159912,85500,78690,89.1,127.89481,68.3814,62.93488,85500,78690,68.3814,62.93488,2021-09-07
261,403,610,160522,85761,79093,87.2,128.38268,68.59014,63.25719,85761,79093,68.59014,63.25719,2021-09-08
111,228,328,160850,85872,79321,87.3,128.64501,68.67892,63.43954,85872,79321,68.67892,63.43954,2021-09-09
253,408,617,161467,86125,79729,87.7,129.13847,68.88126,63.76586,86125,79729,68.88126,63.76586,2021-09-10
5,388,390,161857,86130,80117,87.9,129.45039,68.88526,64.07617,86130,80117,68.88526,64.07617,2021-09-11
0,0,0,161857,86130,80117,87.9,129.45039,68.88526,64.07617,86130,80117,68.88526,64.07617,2021-09-12
16,278,292,162149,86146,80395,88.0,129.68393,68.89806,64.29851,86146,80395,68.89806,64.29851,2021-09-13
10,538,547,162696,86156,80933,88.3,130.12141,68.90606,64.72879,86156,80933,68.90606,64.72879,2021-09-14
24,351,374,163070,86180,81284,87.9,130.42053,68.92525,65.00952,86180,81284,68.92525,65.00952,2021-09-15
324,237,473,163543,86504,81521,87.0,130.79882,69.18438,65.19907,86504,81521,69.18438,65.19907,2021-09-16
24,176,195,163738,86528,81697,87.1,130.95478,69.20358,65.33983,86528,81697,69.20358,65.33983,2021-09-17
228,71,245,163983,86756,81768,87.3,131.15073,69.38593,65.39661,86756,81768,69.38593,65.39661,2021-09-18
0,0,0,163983,86756,81768,87.3,131.15073,69.38593,65.39661,86756,81768,69.38593,65.39661,2021-09-19
334,314,562,164545,87090,82082,87.6,131.6002,69.65305,65.64774,87090,82082,69.65305,65.64774,2021-09-20
120,277,384,164929,87210,82359,87.8,131.90732,69.74903,65.86928,87210,82359,69.74903,65.86928,2021-09-21
345,351,656,165585,87555,82710,86.6,132.43198,70.02495,66.15001,87555,82710,70.02495,66.15001,2021-09-22
209,157,344,165929,87764,82867,86.8,132.7071,70.19211,66.27557,87764,82867,70.19211,66.27557,2021-09-23
248,181,396,166325,88012,83048,87.0,133.02382,70.39045,66.42033,88012,83048,70.39045,66.42033,2021-09-24
0,0,0,166325,88012,83048,87.0,133.02382,70.39045,66.42033,88012,83048,70.39045,66.42033,2021-09-25
0,0,0,166325,88012,83048,87.0,133.02382,70.39045,66.42033,88012,83048,70.39045,66.42033,2021-09-26
324,200,478,166803,88336,83248,87.3,133.40611,70.64958,66.58029,88336,83248,70.64958,66.58029,2021-09-27
44,183,224,167027,88380,83431,87.4,133.58526,70.68477,66.72665,88380,83431,70.68477,66.72665,2021-09-28
274,361,602,167629,88654,83792,87.7,134.06673,70.90391,67.01537,88654,83792,70.90391,67.01537,2021-09-29
133,20,138,167767,88787,83812,87.8,134.1771,71.01029,67.03137,88787,83812,71.01029,67.03137,2021-09-30
292,174,424,168191,89079,83986,88.0,134.51621,71.24382,67.17053,89079,83986,71.24382,67.17053,2021-10-01
3,221,224,168415,89082,84207,88.1,134.69536,71.24622,67.34728,89082,84207,71.24622,67.34728,2021-10-02
0,0,0,168415,89082,84207,88.1,134.69536,71.24622,67.34728,89082,84207,71.24622,67.34728,2021-10-03
2,287,289,168704,89084,84494,88.3,134.9265,71.24782,67.57682,89084,84494,71.24782,67.57682,2021-10-04
188,146,313,169017,89272,84640,88.4,135.17683,71.39818,67.69359,89272,84640,71.39818,67.69359,2021-10-05
32,213,245,169262,89304,84853,88.5,135.37278,71.42377,67.86394,89304,84853,71.42377,67.86394,2021-10-06
350,227,548,169810,89654,85080,88.8,135.81106,71.7037,68.04549,89654,85080,71.7037,68.04549,2021-10-07
261,150,371,170181,89915,85230,89.0,136.10778,71.91244,68.16546,89915,85230,71.91244,68.16546,2021-10-08
0,0,0,170181,89915,85230,89.0,136.10778,71.91244,68.16546,89915,85230,71.91244,68.16546,2021-10-09
0,0,0,170181,89915,85230,89.0,136.10778,71.91244,68.16546,89915,85230,71.91244,68.16546,2021-10-10
11,0,11,170192,89926,85230,89.0,136.11658,71.92124,68.16546,89926,85230,71.92124,68.16546,2021-10-11
288,58,319,170511,90214,85288,89.2,136.37171,72.15157,68.21185,90214,85288,72.15157,68.21185,2021-10-12
5,59,64,170575,90219,85347,89.2,136.42289,72.15557,68.25903,90219,85347,72.15557,68.25903,2021-10-13
345,216,531,171106,90564,85563,89.5,136.84758,72.4315,68.43179,90564,85563,72.4315,68.43179,2021-10-14
379,116,453,171559,90943,85679,89.8,137.20988,72.73462,68.52456,90943,85679,72.73462,68.52456,2021-10-15
0,162,162,171721,90943,85841,89.8,137.33944,72.73462,68.65413,90943,85841,72.73462,68.65413,2021-10-16
0,0,0,171721,90943,85841,89.8,137.33944,72.73462,68.65413,90943,85841,72.73462,68.65413,2021-10-17
17,264,281,172002,90960,86105,90.0,137.56418,72.74821,68.86527,90960,86105,72.74821,68.86527,2021-10-18
279,141,387,172389,91239,86246,90.2,137.8737,72.97135,68.97804,91239,86246,72.97135,68.97804,2021-10-19
163,291,431,172820,91402,86537,90.4,138.2184,73.10172,69.21077,91402,86537,73.10172,69.21077,2021-10-20
1,187,187,173007,91403,86724,90.5,138.36796,73.10252,69.36033,91403,86724,73.10252,69.36033,2021-10-21
178,236,390,173397,91581,86960,90.7,138.67988,73.24488,69.54908,91581,86960,73.24488,69.54908,2021-10-22
3,0,3,173400,91584,86960,90.7,138.68228,73.24728,69.54908,91584,86960,73.24728,69.54908,2021-10-23
0,1,1,173401,91584,86961,90.7,138.68308,73.24728,69.54988,91584,86961,73.24728,69.54988,2021-10-24
1,251,252,173653,91585,87212,90.8,138.88462,73.24808,69.75063,91585,87212,73.24808,69.75063,2021-10-25
230,70,275,173928,91815,87282,91.0,139.10456,73.43203,69.80661,91815,87282,73.43203,69.80661,2021-10-26
73,221,288,174216,91888,87503,91.1,139.3349,73.49041,69.98336,91888,87503,73.49041,69.98336,2021-10-27
10,120,130,174346,91898,87623,91.2,139.43887,73.49841,70.07934,91898,87623,73.49841,70.07934,2021-10-28
109,255,345,174691,92007,87878,91.4,139.7148,73.58558,70.28328,92007,87878,73.58558,70.28328,2021-10-29
0,0,0,174691,92007,87878,91.4,139.7148,73.58558,70.28328,92007,87878,73.58558,70.28328,2021-10-30
0,0,0,174691,92007,87878,91.4,139.7148,73.58558,70.28328,92007,87878,73.58558,70.28328,2021-10-31
0,0,0,174691,92007,87878,91.4,139.7148,73.58558,70.28328,92007,87878,73.58558,70.28328,2021-11-01
97,152,238,174929,92104,88030,91.5,139.90515,73.66316,70.40485,92104,88030,73.66316,70.40485,2021-11-02
5,34,39,174968,92109,88064,91.5,139.93634,73.66716,70.43204,92109,88064,73.66716,70.43204,2021-11-03
7,273,280,175248,92116,88337,91.7,140.16028,73.67276,70.65038,92116,88337,73.67276,70.65038,2021-11-04
120,221,326,175574,92236,88558,91.9,140.42101,73.76873,70.82714,92236,88558,73.76873,70.82714,2021-11-05
0,0,0,175574,92236,88558,91.9,140.42101,73.76873,70.82714,92236,88558,73.76873,70.82714,2021-11-06
0,0,0,175574,92236,88558,91.9,140.42101,73.76873,70.82714,92236,88558,73.76873,70.82714,2021-11-07
1,207,208,175782,92237,88765,92.0,140.58736,73.76953,70.99269,92237,88765,73.76953,70.99269,2021-11-08
165,66,215,175997,92402,88831,92.1,140.75931,73.9015,71.04548,92402,88831,73.9015,71.04548,2021-11-09
59,13,67,176064,92461,88844,92.1,140.8129,73.94869,71.05587,92461,88844,73.94869,71.05587,2021-11-10
7,280,283,176347,92468,89124,92.3,141.03924,73.95428,71.27981,92468,89124,73.95428,71.27981,2021-11-11
29,200,223,176570,92497,89324,92.4,141.21759,73.97748,71.43977,92497,89324,73.97748,71.43977,2021-11-12
0,0,0,176570,92497,89324,92.4,141.21759,73.97748,71.43977,92497,89324,73.97748,71.43977,2021-11-13
8,15,23,176593,92505,89339,92.4,141.23598,73.98388,71.45177,92505,89339,73.98388,71.45177,2021-11-14
7,18,24,176617,92512,89357,92.4,141.25518,73.98947,71.46616,92512,89357,73.98947,71.46616,2021-11-15
152,234,376,176993,92664,89591,92.6,141.5559,74.11104,71.65331,92664,89591,74.11104,71.65331,2021-11-16
4,164,168,177161,92668,89755,92.7,141.69026,74.11424,71.78447,92668,89755,74.11424,71.78447,2021-11-17
2,8,10,177171,92670,89763,92.7,141.69826,74.11584,71.79087,92670,89763,74.11584,71.79087,2021-11-18
139,185,307,177478,92809,89948,94.1,141.94379,74.22701,71.93883,92809,89948,74.22701,71.93883,2021-11-19
0,0,0,177478,92809,89948,94.1,141.94379,74.22701,71.93883,92809,89948,74.22701,71.93883,2021-11-20
0,0,0,177478,92809,89948,94.1,141.94379,74.22701,71.93883,92809,89948,74.22701,71.93883,2021-11-21
3,17,20,177498,92812,89965,92.2,141.95979,74.22941,71.95243,92812,89965,74.22941,71.95243,2021-11-22
164,185,340,177838,92976,90150,92.4,142.23171,74.36057,72.10039,92976,90150,74.36057,72.10039,2021-11-23
3,71,73,177911,92979,90221,92.4,142.2901,74.36297,72.15717,92979,90221,74.36297,72.15717,2021-11-24
1,8,9,177920,92980,90229,92.4,142.2973,74.36377,72.16357,92980,90229,74.36377,72.16357,2021-11-25
108,89,189,178109,93088,90318,92.5,142.44845,74.45015,72.23475,93088,90318,74.45015,72.23475,2021-11-26
0,0,0,178109,93088,90318,92.5,142.44845,74.45015,72.23475,93088,90318,74.45015,72.23475,2021-11-27
0,0,0,178109,93088,90318,92.5,142.44845,74.45015,72.23475,93088,90318,74.45015,72.23475,2021-11-28
5,24,29,178138,93093,90342,92.5,142.47165,74.45415,72.25395,93093,90342,74.45415,72.25395,2021-11-29
162,80,239,178377,93255,90422,92.6,142.6628,74.58371,72.31793,93255,90422,74.58371,72.31793,2021-11-30
15,13,28,178405,93270,90435,89.9,142.68519,74.59571,72.32833,93270,90435,74.59571,72.32833,2021-12-01
21,17,38,178443,93291,90452,89.2,142.71558,74.61251,72.34192,93291,90452,74.61251,72.34192,2021-12-02
98,93,186,178629,93389,90545,89.3,142.86434,74.69088,72.4163,93389,90545,74.69088,72.4163,2021-12-03
23,9,32,178661,93412,90554,89.3,142.88993,74.70928,72.4235,93412,90554,74.70928,72.4235,2021-12-04
9,3,12,178673,93421,90557,89.3,142.89953,74.71648,72.4259,93421,90557,74.71648,72.4259,2021-12-05
10,71,81,178754,93431,90628,89.4,142.96431,74.72447,72.48268,93431,90628,74.72447,72.48268,2021-12-06
316,42,356,179110,93747,90670,89.6,143.24904,74.97721,72.51628,93747,90670,74.97721,72.51628,2021-12-07
7,10,16,179126,93754,90680,89.6,143.26183,74.9828,72.52427,93754,90680,74.9828,72.52427,2021-12-08
15,32,47,179173,93769,90712,89.6,143.29942,74.9948,72.54987,93769,90712,74.9948,72.54987,2021-12-09
224,76,300,179473,93993,90788,89.0,143.53936,75.17395,72.61065,93993,90788,75.17395,72.61065,2021-12-10
12,6,18,179491,94005,90794,89.0,143.55375,75.18355,72.61545,94005,90794,75.18355,72.61545,2021-12-11
93,5,98,179589,94098,90799,89.1,143.63213,75.25793,72.61945,94098,90799,75.25793,72.61945,2021-12-12
53,14,66,179655,94151,90813,89.1,143.68492,75.30032,72.63064,94151,90813,75.30032,72.63064,2021-12-13
326,204,527,180182,94477,91017,89.4,144.1064,75.56105,72.7938,94477,91017,75.56105,72.7938,2021-12-14
40,14,54,180236,94517,91031,85.4,144.14959,75.59304,72.805,94517,91031,75.59304,72.805,2021-12-15
20,7,27,180263,94537,91038,84.2,144.17119,75.60903,72.8106,94537,91038,75.60903,72.8106,2021-12-16
183,136,319,180582,94720,91174,84.3,144.42632,75.75539,72.91937,94720,91174,75.75539,72.91937,2021-12-17
0,0,0,180582,94720,91174,84.3,144.42632,75.75539,72.91937,94720,91174,75.75539,72.91937,2021-12-18
192,-102,9664,190246,94912,91072,102.4,152.15541,75.90895,72.83779,94912,91072,75.90895,72.83779,2021-12-19
192,-101,9665,199911,95104,90971,102.4,159.88531,76.06251,72.75701,95104,90971,76.06251,72.75701,2021-12-20
192,-101,9665,209576,95296,90870,102.4,167.61521,76.21607,72.67623,95296,90870,76.21607,72.67623,2021-12-21
192,-101,9665,219241,95488,90769,102.4,175.34511,76.36963,72.59545,95488,90769,76.36963,72.59545,2021-12-22
89,17,1929,221170,95577,90786,100.9,176.88789,76.44081,72.60905,95577,90786,76.44081,72.60905,2021-12-23
94,93,996,222166,95671,90879,101.3,177.68447,76.51599,72.68343,95671,90879,76.51599,72.68343,2021-12-24
1,1,2,222168,95672,90880,101.3,177.68607,76.51679,72.68423,95672,90880,76.51679,72.68423,2021-12-25
0,0,9,222177,95672,90880,101.3,177.69327,76.51679,72.68423,95672,90880,76.51679,72.68423,2021-12-26
48,3,625,222802,95720,90883,101.6,178.19313,76.55518,72.68663,95720,90883,76.55518,72.68663,2021-12-27
117,76,1143,223945,95837,90959,102.2,179.10728,76.64875,72.74741,95837,90959,76.64875,72.74741,2021-12-28
225,73,1296,225241,96062,91032,102.7,180.1438,76.8287,72.8058,96062,91032,76.8287,72.8058,2021-12-29
161,13,1386,226627,96223,91045,103.4,181.2523,76.95747,72.81619,96223,91045,76.95747,72.81619,2021-12-30
123,79,802,227429,96346,91124,103.7,181.89372,77.05584,72.87938,96346,91124,77.05584,72.87938,2021-12-31
0,1,13,227442,96346,91125,103.8,181.90412,77.05584,72.88018,96346,91125,77.05584,72.88018,2022-01-01
50,3,824,228266,96396,91128,104.1,182.56314,77.09583,72.88258,96396,91128,77.09583,72.88258,2022-01-02
64,19,1164,229430,96460,91147,104.7,183.49409,77.14702,72.89777,96460,91147,77.14702,72.89777,2022-01-03
76,159,1105,230535,96536,91306,105.2,184.37785,77.2078,73.02494,96536,91306,77.2078,73.02494,2022-01-04
207,159,1457,231992,96743,91465,102.9,185.54313,77.37335,73.1521,96743,91465,77.37335,73.1521,2022-01-05
61,7,1439,233431,96804,91472,103.6,186.69402,77.42214,73.1577,96804,91472,77.42214,73.1577,2022-01-06
139,157,904,234335,96943,91629,104.0,187.41702,77.53331,73.28327,96943,91629,77.53331,73.28327,2022-01-07
99,49,1610,235945,97042,91678,104.7,188.70467,77.61249,73.32246,97042,91678,77.61249,73.32246,2022-01-08
44,32,1589,237534,97086,91710,105.4,189.97553,77.64768,73.34805,97086,91710,77.64768,73.34805,2022-01-09
143,97,1456,238990,97229,91807,106.0,191.14001,77.76205,73.42563,97229,91807,77.76205,73.42563,2022-01-10
45,166,539,239529,97274,91973,106.3,191.57109,77.79804,73.55839,97274,91973,77.79804,73.55839,2022-01-11
226,296,1871,241400,97500,92269,104.9,193.06749,77.97879,73.79513,97500,92269,77.97879,73.79513,2022-01-12
120,91,1760,243160,97620,92360,104.8,194.4751,78.07476,73.86791,97620,92360,78.07476,73.86791,2022-01-13
126,158,1139,244299,97746,92518,105.3,195.38605,78.17554,73.99427,97746,92518,78.17554,73.99427,2022-01-14
200,56,1502,245801,97946,92574,106.0,196.58733,78.33549,74.03906,97946,92574,78.33549,74.03906,2022-01-15
53,40,1288,247089,97999,92614,106.5,197.61745,78.37788,74.07105,97999,92614,78.37788,74.07105,2022-01-16
76,78,988,248077,98075,92692,106.9,198.40763,78.43866,74.13344,98075,92692,78.43866,74.13344,2022-01-17
90,250,977,249054,98165,92942,107.4,199.18902,78.51065,74.33338,98165,92942,78.51065,74.33338,2022-01-18
150,159,1017,250071,98315,93101,104.1,200.0024,78.63061,74.46055,98315,93101,78.63061,74.46055,2022-01-19
86,155,1101,251172,98401,93256,103.8,200.88296,78.69939,74.58451,98401,93256,78.69939,74.58451,2022-01-20
48,68,728,251900,98449,93324,104.1,201.4652,78.73778,74.6389,98449,93324,78.73778,74.6389,2022-01-21
153,27,1115,253015,98602,93351,104.5,202.35696,78.86015,74.66049,98602,93351,78.86015,74.66049,2022-01-22
154,79,1010,254025,98756,93430,105.0,203.16474,78.98332,74.72368,98756,93430,78.98332,74.72368,2022-01-23
79,59,803,254828,98835,93489,105.3,203.80696,79.0465,74.77086,98835,93489,79.0465,74.77086,2022-01-24
73,187,903,255731,98908,93676,105.2,204.52917,79.10488,74.92042,98908,93676,79.10488,74.92042,2022-01-25
86,121,805,256536,98994,93797,104.3,205.17299,79.17366,75.0172,98994,93797,79.17366,75.0172,2022-01-26
45,84,830,257366,99039,93881,103.7,205.83681,79.20965,75.08438,99039,93881,79.20965,75.08438,2022-01-27
54,129,672,258038,99093,94010,104.0,206.37427,79.25284,75.18755,99093,94010,79.25284,75.18755,2022-01-28
125,94,1005,259043,99218,94104,104.4,207.17805,79.35282,75.26273,99218,94104,79.35282,75.26273,2022-01-29
78,102,995,260038,99296,94206,104.8,207.97383,79.4152,75.34431,99296,94206,79.4152,75.34431,2022-01-30
63,44,714,260752,99359,94250,105.1,208.54488,79.46559,75.3795,99359,94250,79.46559,75.3795,2022-01-31
47,179,769,261521,99406,94429,105.4,209.15991,79.50318,75.52266,99406,94429,79.50318,75.52266,2022-02-01
40,114,562,262083,99446,94543,104.2,209.60939,79.53517,75.61383,99446,94543,79.53517,75.61383,2022-02-02
22,117,551,262634,99468,94660,103.6,210.05007,79.55276,75.70741,99468,94660,79.55276,75.70741,2022-02-03
6,112,232,262866,99474,94772,103.7,210.23562,79.55756,75.79698,99474,94772,79.55756,75.79698,2022-02-04
74,160,956,263822,99548,94932,104.0,211.00021,79.61674,75.92495,99548,94932,79.61674,75.92495,2022-02-05
43,123,744,264566,99591,95055,104.3,211.59525,79.65113,76.02332,99591,95055,79.65113,76.02332,2022-02-06
12,69,399,264965,99603,95124,104.5,211.91436,79.66073,76.07851,99603,95124,79.66073,76.07851,2022-02-07
39,153,560,265525,99642,95277,104.7,212.36224,79.69192,76.20087,99642,95277,79.69192,76.20087,2022-02-08
32,131,358,265883,99674,95408,100.6,212.64856,79.71752,76.30564,99674,95408,79.71752,76.30564,2022-02-09
7,98,377,266260,99681,95506,100.8,212.95008,79.72312,76.38402,99681,95506,79.72312,76.38402,2022-02-10
11,135,356,266616,99692,95641,100.9,213.2348,79.73191,76.49199,99692,95641,79.73191,76.49199,2022-02-11
32,200,606,267222,99724,95841,101.1,213.71947,79.75751,76.65195,99724,95841,79.75751,76.65195,2022-02-12
43,56,306,267528,99767,95897,101.2,213.9642,79.7919,76.69674,99767,95897,79.7919,76.69674,2022-02-13
5,35,169,267697,99772,95932,101.3,214.09936,79.7959,76.72473,99772,95932,79.7959,76.72473,2022-02-14
24,120,506,268203,99796,96052,101.5,214.50405,79.81509,76.8207,99796,96052,79.81509,76.8207,2022-02-15
17,66,192,268395,99813,96118,83.8,214.65761,79.82869,76.87349,99813,96118,79.82869,76.87349,2022-02-16
16,76,256,268651,99829,96194,100.6,214.86236,79.84148,76.93427,99829,96194,79.84148,76.93427,2022-02-17
8,112,264,268915,99837,96306,100.7,215.0735,79.84788,77.02385,99837,96306,79.84788,77.02385,2022-02-18
42,43,421,269336,99879,96349,100.8,215.41021,79.88147,77.05824,99879,96349,79.88147,77.05824,2022-02-19
2,119,285,269621,99881,96468,100.9,215.63815,79.88307,77.15341,99881,96468,79.88307,77.15341,2022-02-20
6,57,130,269751,99887,96525,101.0,215.74212,79.88787,77.199,99887,96525,79.88787,77.199,2022-02-21
19,85,408,270159,99906,96610,101.1,216.06843,79.90307,77.26698,99906,96610,79.90307,77.26698,2022-02-22
6,21,140,270299,99912,96631,100.1,216.1804,79.90787,77.28378,99912,96631,79.90787,77.28378,2022-02-23
2,30,37,270336,99914,96661,100.1,216.20999,79.90946,77.30777,99914,96661,79.90946,77.30777,2022-02-24
15,43,185,270521,99929,96704,100.2,216.35795,79.92146,77.34216,99929,96704,79.92146,77.34216,2022-02-25
11,61,446,270967,99940,96765,100.4,216.71465,79.93026,77.39095,99940,96765,79.93026,77.39095,2022-02-26
2,29,170,271137,99942,96794,100.4,216.85062,79.93186,77.41414,99942,96794,79.93186,77.41414,2022-02-27
2,13,54,271191,99944,96807,100.4,216.8938,79.93346,77.42454,99944,96807,79.93346,77.42454,2022-02-28
12,44,269,271460,99956,96851,99.8,217.10895,79.94306,77.45973,99956,96851,79.94306,77.45973,2022-03-01
12,47,191,271651,99968,96898,98.1,217.2617,79.95265,77.49732,99968,96898,79.95265,77.49732,2022-03-02
-1,8,11,271662,99967,96906,98.1,217.2705,79.95185,77.50372,99967,96906,79.95185,77.50372,2022-03-03
9,37,197,271859,99976,96943,98.2,217.42806,79.95905,77.53331,99976,96943,79.95905,77.53331,2022-03-04
17,25,288,272147,99993,96968,98.3,217.6584,79.97265,77.55331,99993,96968,79.97265,77.55331,2022-03-05
3,5,122,272269,99996,96973,98.4,217.75597,79.97505,77.5573,99996,96973,79.97505,77.5573,2022-03-06
2,6,26,272295,99998,96979,98.4,217.77676,79.97665,77.5621,99998,96979,79.97665,77.5621,2022-03-07
11,45,275,272570,100009,97024,98.5,217.9967,79.98544,77.59809,100009,97024,79.98544,77.59809,2022-03-08
9,33,190,272760,100018,97057,96.9,218.14866,79.99264,77.62449,100018,97057,79.99264,77.62449,2022-03-09
0,3,14,272774,100018,97060,96.9,218.15986,79.99264,77.62689,100018,97060,79.99264,77.62689,2022-03-10
