delta_1d,delta_2d,delta_all,sum_doses,sum_1d,sum_2d,perc_doses,perc_inh_tot,perc_inh_1d,perc_inh_2d,sum_monotone_1d,sum_monotone_2d,perc_inh_monotone_1d,perc_inh_monotone_2d,date
0,0,0,0,0,0,0,0,0,0,0,0,0,0,2020-12-26
880,0,880,880,880,0,100.6,0.01804,0.01804,0.0,880,0,0.01804,0.0,2020-12-27
0,0,0,880,880,0,100.6,0.01804,0.01804,0.0,880,0,0.01804,0.0,2020-12-28
0,0,0,880,880,0,100.6,0.01804,0.01804,0.0,880,0,0.01804,0.0,2020-12-29
699,0,699,1579,1579,0,6.0,0.03236,0.03236,0.0,1579,0,0.03236,0.0,2020-12-30
3221,0,3221,4800,4800,0,12.3,0.09838,0.09838,0.0,4800,0,0.09838,0.0,2020-12-31
1528,1,1528,6328,6328,1,16.3,0.1297,0.1297,2e-05,6328,1,0.1297,2e-05,2021-01-01
5744,1,5744,12072,12072,2,31.0,0.24742,0.24742,4e-05,12072,2,0.24742,4e-05,2021-01-02
5157,0,5157,17229,17229,2,44.3,0.35312,0.35312,4e-05,17229,2,0.35312,4e-05,2021-01-03
6739,3,6739,23968,23968,5,61.6,0.49123,0.49123,0.0001,23968,5,0.49123,0.0001,2021-01-04
7336,2,7336,31304,31304,7,71.5,0.64159,0.64159,0.00014,31304,7,0.64159,0.00014,2021-01-05
8140,3,8140,39444,39444,10,90.1,0.80842,0.80842,0.0002,39444,10,0.80842,0.0002,2021-01-06
8361,1,8361,47805,47805,11,61.4,0.97978,0.97978,0.00023,47805,11,0.97978,0.00023,2021-01-07
9415,14,9415,57220,57220,25,73.5,1.17275,1.17275,0.00051,57220,25,1.17275,0.00051,2021-01-08
7936,5,7936,65156,65156,30,83.6,1.3354,1.3354,0.00061,65156,30,1.3354,0.00061,2021-01-09
5036,1,5036,70192,70192,31,90.1,1.43862,1.43862,0.00064,70192,31,1.43862,0.00064,2021-01-10
7244,1,7244,77436,77436,32,99.4,1.58709,1.58709,0.00066,77436,32,1.58709,0.00066,2021-01-11
5231,8,5231,82667,82667,40,70.7,1.6943,1.6943,0.00082,82667,40,1.6943,0.00082,2021-01-12
5988,3,5988,88655,88655,43,71.1,1.81702,1.81702,0.00088,88655,43,1.81702,0.00088,2021-01-13
7068,20,7068,95723,95723,63,76.8,1.96189,1.96189,0.00129,95723,63,1.96189,0.00129,2021-01-14
5878,6,5878,101601,101601,69,81.5,2.08236,2.08236,0.00141,101601,69,2.08236,0.00141,2021-01-15
4612,0,4612,106213,106213,69,85.2,2.17688,2.17688,0.00141,106213,69,2.17688,0.00141,2021-01-16
1584,349,1933,108146,107797,418,86.7,2.2165,2.20935,0.00857,107797,418,2.20935,0.00857,2021-01-17
2565,206,2766,110912,110362,624,88.9,2.27319,2.26192,0.01279,110362,624,2.26192,0.01279,2021-01-18
1164,150,1313,112225,111526,774,90.0,2.3001,2.28577,0.01586,111526,774,2.28577,0.01586,2021-01-19
387,652,1039,113264,111913,1426,86.0,2.3214,2.29371,0.02923,111913,1426,2.29371,0.02923,2021-01-20
19,2275,2294,115558,111932,3701,78.6,2.36841,2.2941,0.07585,111932,3701,2.2941,0.07585,2021-01-21
25,1055,1080,116638,111957,4756,79.4,2.39055,2.29461,0.09748,111957,4756,2.29461,0.09748,2021-01-22
31,4026,4057,120695,111988,8782,82.1,2.4737,2.29524,0.17999,111988,8782,2.29524,0.17999,2021-01-23
28,4089,4117,124812,112016,12871,84.9,2.55808,2.29582,0.2638,112016,12871,2.29582,0.2638,2021-01-24
157,6314,6471,131283,112173,19185,89.4,2.6907,2.29904,0.39321,112173,19185,2.29904,0.39321,2021-01-25
149,6776,6925,138208,112322,25961,85.9,2.83263,2.30209,0.53208,112322,25961,2.30209,0.53208,2021-01-26
241,6906,7146,145354,112563,32867,73.7,2.97909,2.30703,0.67362,112563,32867,2.30703,0.67362,2021-01-27
171,9047,9216,154570,112734,41914,78.4,3.16798,2.31053,0.85905,112734,41914,2.31053,0.85905,2021-01-28
365,8663,9028,163598,113099,50577,82.9,3.35301,2.31801,1.0366,113099,50577,2.31801,1.0366,2021-01-29
690,8070,8760,172358,113789,58647,87.4,3.53255,2.33216,1.202,113789,58647,2.33216,1.202,2021-01-30
408,4381,4789,177147,114197,63028,89.8,3.63071,2.34052,1.29179,114197,63028,2.34052,1.29179,2021-01-31
157,8406,8563,185710,114354,71434,91.6,3.80621,2.34374,1.46407,114354,71434,2.34374,1.46407,2021-02-01
396,6117,6513,192223,114750,77551,77.4,3.9397,2.35185,1.58944,114750,77551,2.35185,1.58944,2021-02-02
478,5481,5955,198178,115228,83032,79.8,4.06175,2.36165,1.70178,115228,83032,2.36165,1.70178,2021-02-03
551,6846,7396,205574,115779,89878,82.8,4.21333,2.37294,1.84209,115779,89878,2.37294,1.84209,2021-02-04
1418,6981,8390,213964,117197,96859,86.2,4.38529,2.402,1.98517,117197,96859,2.402,1.98517,2021-02-05
708,3390,4098,218062,117905,100249,87.8,4.46928,2.41652,2.05465,117905,100249,2.41652,2.05465,2021-02-06
715,1602,2316,220378,118620,101851,88.8,4.51675,2.43117,2.08748,118620,101851,2.43117,2.08748,2021-02-07
1929,3084,5007,225385,120549,104935,90.8,4.61937,2.47071,2.15069,120549,104935,2.47071,2.15069,2021-02-08
3444,1819,5250,230635,123993,106754,85.8,4.72697,2.54129,2.18797,123993,106754,2.54129,2.18797,2021-02-09
3701,1067,4759,235394,127694,107821,75.7,4.8245,2.61715,2.20984,127694,107821,2.61715,2.20984,2021-02-10
3387,666,4015,239409,131081,108487,77.0,4.90679,2.68656,2.22349,131081,108487,2.68656,2.22349,2021-02-11
3742,643,4314,243723,134823,109130,78.4,4.99521,2.76326,2.23667,134823,109130,2.76326,2.23667,2021-02-12
3246,36,3266,246989,138069,109166,71.5,5.06215,2.82979,2.23741,138069,109166,2.82979,2.23741,2021-02-13
113,13,126,247115,138182,109179,71.5,5.06473,2.8321,2.23767,138182,109179,2.8321,2.23767,2021-02-14
4153,249,4393,251508,142335,109428,72.8,5.15477,2.91722,2.24278,142335,109428,2.91722,2.24278,2021-02-15
6468,205,6644,258152,148803,109633,74.7,5.29094,3.04978,2.24698,148803,109633,3.04978,2.24698,2021-02-16
5928,122,6022,264174,154731,109755,76.5,5.41436,3.17128,2.24948,154731,109755,3.17128,2.24948,2021-02-17
5768,103,5832,270006,160499,109858,68.4,5.53389,3.2895,2.25159,160499,109858,3.2895,2.25159,2021-02-18
7119,328,7323,277329,167618,110186,70.3,5.68398,3.43541,2.25831,167618,110186,3.43541,2.25831,2021-02-19
6357,153,6429,283758,173975,110339,65.1,5.81575,3.56569,2.26145,173975,110339,3.56569,2.26145,2021-02-20
4635,124,4640,288398,178610,110463,66.2,5.91085,3.66069,2.26399,178610,110463,3.66069,2.26399,2021-02-21
6628,438,7019,295417,185238,110901,67.8,6.0547,3.79654,2.27297,185238,110901,3.79654,2.27297,2021-02-22
7114,354,7384,302801,192352,111255,62.3,6.20604,3.94234,2.28022,192352,111255,3.94234,2.28022,2021-02-23
8132,623,8621,311422,200484,111878,64.1,6.38273,4.10901,2.29299,200484,111878,4.10901,2.29299,2021-02-24
7297,744,7904,319326,207781,112622,65.7,6.54473,4.25856,2.30824,207781,112622,4.25856,2.30824,2021-02-25
7040,1355,8300,327626,214821,113977,67.4,6.71484,4.40285,2.33601,214821,113977,4.40285,2.33601,2021-02-26
8145,1029,8994,336620,222966,115006,64.6,6.89918,4.56979,2.3571,222966,115006,4.56979,2.3571,2021-02-27
3299,911,4136,340756,226265,115917,63.0,6.98395,4.6374,2.37577,226265,115917,4.6374,2.37577,2021-02-28
7573,1985,9395,350151,233838,117902,64.8,7.1765,4.79261,2.41645,233838,117902,4.79261,2.41645,2021-03-01
8184,3560,11496,361647,242022,121462,61.0,7.41212,4.96035,2.48942,242022,121462,4.96035,2.48942,2021-03-02
8599,3713,12101,373748,250621,125175,63.0,7.66013,5.13659,2.56552,250621,125175,5.13659,2.56552,2021-03-03
9511,3868,12989,386737,260132,129043,65.2,7.92635,5.33152,2.64479,260132,129043,5.33152,2.64479,2021-03-04
9667,4119,13341,400078,269799,133162,67.4,8.19978,5.52965,2.72921,269799,133162,5.52965,2.72921,2021-03-05
7405,3466,10683,410761,277204,136628,69.2,8.41873,5.68142,2.80025,277204,136628,5.68142,2.80025,2021-03-06
3936,630,4497,415258,281140,137258,70.0,8.5109,5.76209,2.81316,281140,137258,5.76209,2.81316,2021-03-07
9567,4335,13639,428897,290707,141593,72.3,8.79043,5.95817,2.90201,290707,141593,5.95817,2.90201,2021-03-08
10226,6719,16549,445446,300933,148312,68.6,9.12961,6.16776,3.03972,300933,148312,6.16776,3.03972,2021-03-09
13357,6079,19043,464489,314290,154391,66.1,9.51991,6.44151,3.16431,314290,154391,6.44151,3.16431,2021-03-10
14261,6042,19837,484326,328551,160433,68.9,9.92648,6.7338,3.28815,328551,160433,6.7338,3.28815,2021-03-11
11912,7333,18663,502989,340463,167766,71.5,10.30898,6.97794,3.43844,340463,167766,6.97794,3.43844,2021-03-12
14109,3505,17242,520231,354572,171271,71.9,10.66237,7.26711,3.51028,354572,171271,7.26711,3.51028,2021-03-13
14290,1334,15184,535415,368862,172605,74.0,10.97357,7.55999,3.53762,368862,172605,7.55999,3.53762,2021-03-14
11461,5714,16673,552088,380323,178319,70.8,11.31529,7.79489,3.65473,380323,178319,7.79489,3.65473,2021-03-15
6912,5895,12538,564626,387235,184214,72.4,11.57226,7.93655,3.77555,387235,184214,7.93655,3.77555,2021-03-16
7849,7119,14645,579271,395084,191333,74.3,11.87242,8.09742,3.92145,395084,191333,8.09742,3.92145,2021-03-17
7391,5586,12624,591895,402475,196919,75.9,12.13115,8.2489,4.03594,402475,196919,8.2489,4.03594,2021-03-18
7699,6396,13803,605698,410174,203315,77.7,12.41405,8.4067,4.16703,410174,203315,8.4067,4.16703,2021-03-19
10953,2375,13035,618733,421127,205690,79.3,12.68121,8.63119,4.21571,421127,205690,8.63119,4.21571,2021-03-20
8526,3706,11992,630725,429653,209396,80.9,12.92699,8.80593,4.29166,429653,209396,8.80593,4.29166,2021-03-21
13106,5568,18156,648881,442759,214964,72.9,13.2991,9.07454,4.40578,442759,214964,9.07454,4.40578,2021-03-22
17509,5356,22227,671108,460268,220320,75.4,13.75466,9.4334,4.51556,460268,220320,9.4334,4.51556,2021-03-23
15320,7457,22126,693234,475588,227777,77.9,14.20814,9.74739,4.66839,475588,227777,9.74739,4.66839,2021-03-24
19872,7000,25977,719211,495460,234777,78.9,14.74055,10.15467,4.81186,495460,234777,10.15467,4.81186,2021-03-25
24148,6326,29613,748824,519608,241103,82.1,15.34748,10.6496,4.94151,519608,241103,10.6496,4.94151,2021-03-26
26283,6710,32089,780913,545891,247813,85.7,16.00516,11.18828,5.07904,545891,247813,11.18828,5.07904,2021-03-27
27699,4427,31315,812228,573590,252240,89.1,16.64697,11.75598,5.16977,573590,252240,11.75598,5.16977,2021-03-28
27643,4820,31469,843697,601233,257060,84.8,17.29195,12.32254,5.26856,601233,257060,12.32254,5.26856,2021-03-29
30753,6261,36004,879701,631986,263321,88.4,18.02986,12.95283,5.39688,631986,263321,12.95283,5.39688,2021-03-30
31466,8547,38973,918674,663452,271868,92.3,18.82863,13.59774,5.57206,663452,271868,13.59774,5.57206,2021-03-31
18987,7188,25400,944074,682439,279056,94.9,19.34922,13.98689,5.71938,682439,279056,13.98689,5.71938,2021-04-01
17787,6976,24119,968193,700226,286032,93.6,19.84355,14.35144,5.86235,700226,286032,14.35144,5.86235,2021-04-02
14269,8124,21989,990182,714495,294156,87.1,20.29422,14.64389,6.02886,714495,294156,14.64389,6.02886,2021-04-03
6641,1273,7789,997971,721136,295429,87.7,20.45386,14.78,6.05495,721136,295429,14.78,6.05495,2021-04-04
13726,5740,19165,1017136,734862,301169,89.4,20.84665,15.06132,6.17259,734862,301169,15.06132,6.17259,2021-04-05
23984,5772,29031,1046167,758846,306941,82.9,21.44166,15.55289,6.29089,758846,306941,15.55289,6.29089,2021-04-06
28721,8454,36061,1082228,787567,315395,85.8,22.18074,16.14154,6.46416,787567,315395,16.14154,6.46416,2021-04-07
24520,9058,32406,1114634,812087,324453,88.4,22.84492,16.64408,6.64981,812087,324453,16.64408,6.64981,2021-04-08
22856,9291,31207,1145841,834943,333744,90.8,23.48452,17.11253,6.84023,834943,333744,17.11253,6.84023,2021-04-09
19008,9098,27478,1173319,853951,342842,93.0,24.04769,17.50211,7.0267,853951,342842,17.50211,7.0267,2021-04-10
14716,6782,21013,1194332,868667,349624,94.7,24.47837,17.80372,7.1657,868667,349624,17.80372,7.1657,2021-04-11
6701,8518,14918,1209250,875368,358142,95.9,24.78412,17.94106,7.34028,875368,358142,17.94106,7.34028,2021-04-12
8559,5980,14038,1223288,883927,364122,96.5,25.07183,18.11648,7.46284,883927,364122,18.11648,7.46284,2021-04-13
9309,7178,15943,1239231,893236,371300,88.9,25.39859,18.30727,7.60996,893236,371300,18.30727,7.60996,2021-04-14
10107,11578,20939,1260170,903343,382878,89.5,25.82774,18.51442,7.84725,903343,382878,18.51442,7.84725,2021-04-15
12573,12572,24464,1284634,915916,395450,91.3,26.32914,18.77211,8.10492,915916,395450,18.77211,8.10492,2021-04-16
15171,8075,22448,1307082,931087,403525,92.9,26.78923,19.08304,8.27042,931087,403525,19.08304,8.27042,2021-04-17
9963,8020,17530,1324612,941050,411545,94.1,27.14851,19.28724,8.4348,941050,411545,19.28724,8.4348,2021-04-18
5137,16845,21554,1346166,946187,428390,93.4,27.59027,19.39252,8.78004,946187,428390,19.39252,8.78004,2021-04-19
8453,14579,22461,1368627,954640,442969,95.0,28.05062,19.56577,9.07885,954640,442969,19.56577,9.07885,2021-04-20
16341,16840,32406,1401033,970981,459809,87.5,28.71479,19.90069,9.42399,970981,459809,19.90069,9.42399,2021-04-21
16291,16594,32066,1433099,987272,476403,88.7,29.372,20.23458,9.76409,987272,476403,20.23458,9.76409,2021-04-22
22595,9868,31302,1464401,1009867,486271,90.3,30.01355,20.69767,9.96634,1009867,486271,20.69767,9.96634,2021-04-23
15688,9802,24768,1489169,1025555,496073,91.9,30.52118,21.01921,10.16724,1025555,496073,21.01921,10.16724,2021-04-24
13501,5437,18336,1507505,1039056,501510,93.0,30.89699,21.29591,10.27867,1039056,501510,21.29591,10.27867,2021-04-25
15592,7057,20732,1528237,1054648,508567,92.6,31.3219,21.61548,10.42331,1054648,508567,21.61548,10.42331,2021-04-26
21295,9317,28210,1556447,1075943,517884,94.3,31.90007,22.05193,10.61426,1075943,517884,22.05193,10.61426,2021-04-27
23441,12127,32464,1588911,1099384,530011,86.5,32.56544,22.53236,10.86281,1099384,530011,22.53236,10.86281,2021-04-28
37141,16093,50323,1639234,1136525,546104,89.2,33.59683,23.29359,11.19264,1136525,546104,23.29359,11.19264,2021-04-29
34587,18362,50259,1689493,1171112,564466,92.0,34.62691,24.00246,11.56898,1171112,564466,24.00246,11.56898,2021-04-30
29943,12538,38872,1728365,1201055,577004,85.5,35.42361,24.61616,11.82595,1201055,577004,24.61616,11.82595,2021-05-01
26915,12279,37246,1765611,1227970,589283,87.3,36.18698,25.16779,12.07762,1227970,589283,25.16779,12.07762,2021-05-02
34271,9484,40710,1806321,1262241,598767,89.4,37.02135,25.87019,12.272,1262241,598767,25.87019,12.272,2021-05-03
34994,11900,43027,1849348,1297235,610667,91.5,37.90321,26.58741,12.51589,1297235,610667,26.58741,12.51589,2021-05-04
37847,9985,44413,1893761,1335082,620652,86.3,38.81347,27.3631,12.72054,1335082,620652,27.3631,12.72054,2021-05-05
38552,12581,47045,1940806,1373634,633233,88.5,39.77768,28.15324,12.97839,1373634,633233,28.15324,12.97839,2021-05-06
39962,11465,48640,1989446,1413596,644698,89.5,40.77458,28.97228,13.21337,1413596,644698,28.97228,13.21337,2021-05-07
29691,13366,41521,2030967,1443287,658064,91.4,41.62557,29.58081,13.48731,1443287,658064,29.58081,13.48731,2021-05-08
25034,11397,35087,2066054,1468321,669461,92.9,42.3447,30.09389,13.7209,1468321,669461,30.09389,13.7209,2021-05-09
26660,12246,36516,2102570,1494981,681707,94.6,43.09311,30.6403,13.97189,1494981,681707,30.6403,13.97189,2021-05-10
28469,8802,33197,2135767,1523450,690509,96.1,43.77349,31.22379,14.15229,1523450,690509,31.22379,14.15229,2021-05-11
31862,7892,36990,2172757,1555312,698401,90.7,44.53162,31.87681,14.31404,1555312,698401,31.87681,14.31404,2021-05-12
34421,12213,44337,2217094,1589733,710614,92.6,45.44033,32.58228,14.56435,1589733,710614,32.58228,14.56435,2021-05-13
25874,22901,46824,2263918,1615607,733515,92.7,46.40001,33.11258,15.03372,1615607,733515,33.11258,15.03372,2021-05-14
26243,11987,36263,2300181,1641850,745502,94.2,47.14323,33.65045,15.27939,1641850,745502,33.65045,15.27939,2021-05-15
21343,8245,28423,2328604,1663193,753747,95.4,47.72577,34.08788,15.44838,1663193,753747,34.08788,15.44838,2021-05-16
16477,11089,26542,2355146,1679670,764836,96.5,48.26976,34.42558,15.67565,1679670,764836,34.42558,15.67565,2021-05-17
13398,15333,27035,2382181,1693068,780169,97.6,48.82386,34.70018,15.98991,1693068,780169,34.70018,15.98991,2021-05-18
17161,17927,33153,2415334,1710229,798096,92.5,49.50334,35.0519,16.35733,1710229,798096,35.0519,16.35733,2021-05-19
20469,27329,44839,2460173,1730698,825425,94.2,50.42234,35.47142,16.91745,1730698,825425,35.47142,16.91745,2021-05-20
20907,26757,44850,2505023,1751605,852182,94.3,51.34156,35.89992,17.46585,1751605,852182,35.89992,17.46585,2021-05-21
13385,23215,34831,2539854,1764990,875397,95.6,52.05544,36.17425,17.94165,1764990,875397,36.17425,17.94165,2021-05-22
11089,24978,34487,2574341,1776079,900375,96.9,52.76226,36.40153,18.45359,1776079,900375,36.40153,18.45359,2021-05-23
8036,25780,33088,2607429,1784115,926155,96.6,53.44042,36.56623,18.98196,1784115,926155,36.56623,18.98196,2021-05-24
11772,17343,27859,2635288,1795887,943498,97.7,54.0114,36.8075,19.33741,1795887,943498,36.8075,19.33741,2021-05-25
14668,18518,31159,2666447,1810555,962016,93.0,54.65002,37.10813,19.71695,1810555,962016,37.10813,19.71695,2021-05-26
23406,25629,46657,2713104,1833961,987645,94.1,55.60627,37.58785,20.24222,1833961,987645,37.58785,20.24222,2021-05-27
24882,24056,46925,2760029,1858843,1011701,95.7,56.56802,38.09781,20.73526,1858843,1011701,38.09781,20.73526,2021-05-28
25360,9369,33055,2793084,1884203,1021070,96.8,57.2455,38.61758,20.92728,1884203,1021070,38.61758,20.92728,2021-05-29
15859,8719,22550,2815634,1900062,1029789,95.3,57.70767,38.94262,21.10598,1900062,1029789,38.94262,21.10598,2021-05-30
21715,13248,31648,2847282,1921777,1043037,96.4,58.35631,39.38767,21.37751,1921777,1043037,39.38767,21.37751,2021-05-31
16434,12545,26991,2874273,1938211,1055582,89.2,58.9095,39.7245,21.63462,1938211,1055582,39.7245,21.63462,2021-06-01
15970,5315,20316,2894589,1954181,1060897,89.9,59.32589,40.05181,21.74356,1954181,1060897,40.05181,21.74356,2021-06-02
42527,14864,54522,2949111,1996708,1075761,91.6,60.44334,40.92342,22.0482,1996708,1075761,40.92342,22.0482,2021-06-03
41507,11071,49652,2998763,2038215,1086832,88.7,61.46098,41.77412,22.27511,2038215,1086832,41.77412,22.27511,2021-06-04
38772,11076,46875,3045638,2076987,1097908,90.1,62.4217,42.56877,22.50211,2076987,1097908,42.56877,22.50211,2021-06-05
32718,7606,37448,3083086,2109705,1105514,90.4,63.18922,43.23934,22.658,2109705,1105514,43.23934,22.658,2021-06-06
37657,9451,44698,3127784,2147362,1114965,91.7,64.10532,44.01114,22.8517,2147362,1114965,44.01114,22.8517,2021-06-07
37706,9024,43849,3171633,2185068,1123989,93.0,65.00403,44.78394,23.03665,2185068,1123989,44.78394,23.03665,2021-06-08
35322,10814,42819,3214452,2220390,1134803,88.2,65.88162,45.50788,23.25829,2220390,1134803,45.50788,23.25829,2021-06-09
43012,11945,52383,3266835,2263402,1146748,89.6,66.95524,46.38943,23.50311,2263402,1146748,46.38943,23.50311,2021-06-10
36137,13240,47322,3314157,2299539,1159988,90.4,67.92512,47.13007,23.77447,2299539,1159988,47.13007,23.77447,2021-06-11
37870,12700,48700,3362857,2337409,1172688,91.7,68.92325,47.90624,24.03476,2337409,1172688,47.90624,24.03476,2021-06-12
30386,8371,37342,3400199,2367795,1181059,92.7,69.68859,48.52901,24.20633,2367795,1181059,48.52901,24.20633,2021-06-13
27309,16547,42624,3442823,2395104,1197606,93.1,70.56219,49.08872,24.54547,2395104,1197606,49.08872,24.54547,2021-06-14
30293,18885,47838,3490661,2425397,1216491,94.4,71.54265,49.70959,24.93252,2425397,1216491,49.70959,24.93252,2021-06-15
26353,23061,47785,3538446,2451750,1239552,88.9,72.52202,50.24971,25.40517,2451750,1239552,50.24971,25.40517,2021-06-16
26695,26654,51739,3590185,2478445,1266206,90.2,73.58244,50.79683,25.95145,2478445,1266206,50.79683,25.95145,2021-06-17
25026,30217,53650,3643835,2503471,1296423,91.6,74.68202,51.30975,26.57077,2503471,1296423,51.30975,26.57077,2021-06-18
26709,24307,49297,3693132,2530180,1320730,92.6,75.69238,51.85716,27.06895,2530180,1320730,51.85716,27.06895,2021-06-19
19671,22412,41205,3734337,2549851,1343142,92.2,76.5369,52.26033,27.52829,2549851,1343142,52.26033,27.52829,2021-06-20
21368,24147,44328,3778665,2571219,1367289,93.3,77.44542,52.69828,28.0232,2571219,1367289,52.69828,28.0232,2021-06-21
19357,25539,43742,3822407,2590576,1392828,94.0,78.34193,53.09501,28.54663,2590576,1392828,53.09501,28.54663,2021-06-22
15360,35041,49351,3871758,2605936,1427869,87.5,79.3534,53.40982,29.26481,2605936,1427869,53.40982,29.26481,2021-06-23
18318,38712,56209,3927967,2624254,1466581,88.7,80.50543,53.78525,30.05823,2624254,1466581,53.78525,30.05823,2021-06-24
15713,36723,51714,3979681,2639967,1503304,89.9,81.56533,54.1073,30.81088,2639967,1503304,54.1073,30.81088,2021-06-25
14086,34569,48086,4027767,2654053,1537873,90.1,82.55088,54.396,31.51939,2654053,1537873,54.396,31.51939,2021-06-26
15931,25198,40240,4068007,2669984,1563071,91.0,83.37561,54.72251,32.03584,2669984,1563071,54.72251,32.03584,2021-06-27
19120,29368,47656,4115663,2689104,1592439,92.1,84.35234,55.11438,32.63775,2689104,1592439,55.11438,32.63775,2021-06-28
19730,26692,45562,4161225,2708834,1619131,93.1,85.28616,55.51876,33.18481,2708834,1619131,55.51876,33.18481,2021-06-29
18613,28046,45797,4207022,2727447,1647177,88.3,86.22479,55.90024,33.75962,2727447,1647177,55.90024,33.75962,2021-06-30
21695,30459,50992,4258014,2749142,1677636,89.3,87.26989,56.34489,34.3839,2749142,1677636,56.34489,34.3839,2021-07-01
17067,33402,49549,4307563,2766209,1711038,89.5,88.28542,56.69468,35.06848,2766209,1711038,56.69468,35.06848,2021-07-02
11603,27802,38708,4346271,2777812,1738840,90.3,89.07876,56.93249,35.6383,2777812,1738840,56.93249,35.6383,2021-07-03
15598,18973,33889,4380160,2793410,1757813,88.3,89.77333,57.25218,36.02716,2793410,1757813,57.25218,36.02716,2021-07-04
14943,25146,39140,4419300,2808353,1782959,89.1,90.57552,57.55844,36.54254,2808353,1782959,57.55844,36.54254,2021-07-05
13843,23123,36148,4455448,2822196,1806082,89.8,91.31639,57.84216,37.01645,2822196,1806082,57.84216,37.01645,2021-07-06
16434,25492,40962,4496410,2838630,1831574,87.6,92.15592,58.17898,37.53892,2838630,1831574,58.17898,37.53892,2021-07-07
4799,42312,46716,4543126,2843429,1873886,88.5,93.11339,58.27734,38.40613,2843429,1873886,58.27734,38.40613,2021-07-08
4405,41091,45072,4588198,2847834,1914977,89.4,94.03716,58.36762,39.2483,2847834,1914977,58.36762,39.2483,2021-07-09
6653,36980,43193,4631391,2854487,1951957,89.1,94.92242,58.50398,40.00623,2854487,1951957,58.50398,40.00623,2021-07-10
3952,30768,34235,4665626,2858439,1982725,89.7,95.62408,58.58498,40.63683,2858439,1982725,58.58498,40.63683,2021-07-11
4334,39351,43241,4708867,2862773,2022076,90.6,96.51032,58.67381,41.44335,2862773,2022076,58.67381,41.44335,2021-07-12
5727,38250,43563,4752430,2868500,2060326,91.4,97.40317,58.79118,42.2273,2868500,2060326,58.79118,42.2273,2021-07-13
5674,38439,43609,4796039,2874174,2098765,89.2,98.29695,58.90747,43.01512,2874174,2098765,58.90747,43.01512,2021-07-14
6410,45530,51406,4847445,2880584,2144295,90.2,99.35054,59.03885,43.94828,2880584,2144295,59.03885,43.94828,2021-07-15
7412,37930,44722,4892167,2887996,2182225,91.0,100.26714,59.19076,44.72567,2887996,2182225,59.19076,44.72567,2021-07-16
4634,36544,40601,4932768,2892630,2218769,91.8,101.09927,59.28574,45.47466,2892630,2218769,59.28574,45.47466,2021-07-17
4094,34007,37720,4970488,2896724,2252776,92.5,101.87236,59.36965,46.17165,2896724,2252776,59.36965,46.17165,2021-07-18
8349,36979,44744,5015232,2905073,2289755,93.3,102.78941,59.54076,46.92955,2905073,2289755,59.54076,46.92955,2021-07-19
7385,37876,44362,5059594,2912458,2327631,94.1,103.69863,59.69212,47.70583,2912458,2327631,59.69212,47.70583,2021-07-20
9187,35050,43256,5102850,2921645,2362681,92.2,104.58518,59.88041,48.4242,2921645,2362681,59.88041,48.4242,2021-07-21
13933,35716,48370,5151220,2935578,2398397,93.1,105.57654,60.16598,49.15621,2935578,2398397,60.16598,49.15621,2021-07-22
15682,29896,44459,5195679,2951260,2428293,93.9,106.48775,60.48739,49.76894,2951260,2428293,60.48739,49.76894,2021-07-23
13892,28747,41659,5237338,2965152,2457040,94.6,107.34157,60.77211,50.35813,2965152,2457040,60.77211,50.35813,2021-07-24
11290,22613,33180,5270518,2976442,2479653,95.2,108.02161,61.0035,50.82159,2976442,2479653,61.0035,50.82159,2021-07-25
17610,27233,43613,5314131,2994052,2506886,96.0,108.91548,61.36443,51.37974,2994052,2506886,61.36443,51.37974,2021-07-26
12175,30985,42207,5356338,3006227,2537871,97.1,109.78053,61.61396,52.01479,3006227,2537871,61.61396,52.01479,2021-07-27
12472,28784,40229,5396567,3018699,2566655,95.1,110.60504,61.86958,52.60474,3018699,2566655,61.86958,52.60474,2021-07-28
20947,27638,47471,5444038,3039646,2594293,95.9,111.57798,62.2989,53.17119,3039646,2594293,62.2989,53.17119,2021-07-29
23470,23459,45543,5489581,3063116,2617752,96.7,112.5114,62.77992,53.65199,3063116,2617752,62.77992,53.65199,2021-07-30
17637,18292,35119,5524700,3080753,2636044,97.3,113.23118,63.1414,54.02689,3080753,2636044,63.1414,54.02689,2021-07-31
11552,17099,27907,5552607,3092305,2653143,97.8,113.80315,63.37817,54.37735,3092305,2653143,63.37817,54.37735,2021-08-01
16910,23995,40064,5592671,3109215,2677138,98.3,114.62428,63.72474,54.86913,3109215,2677138,63.72474,54.86913,2021-08-02
18277,23351,40691,5633362,3127492,2700489,97.5,115.45826,64.09934,55.34772,3127492,2700489,64.09934,55.34772,2021-08-03
23631,20041,42361,5675723,3151123,2720530,95.5,116.32647,64.58367,55.75847,3151123,2720530,64.58367,55.75847,2021-08-04
16202,23823,39071,5714794,3167325,2744353,96.2,117.12724,64.91573,56.24673,3167325,2744353,64.91573,56.24673,2021-08-05
20687,18668,38226,5753020,3188012,2763021,96.8,117.9107,65.33972,56.62934,3188012,2763021,65.33972,56.62934,2021-08-06
16866,12829,28923,5781943,3204878,2775850,97.3,118.50349,65.6854,56.89228,3204878,2775850,65.6854,56.89228,2021-08-07
10964,9960,20500,5802443,3215842,2785810,96.9,118.92365,65.91011,57.09641,3215842,2785810,65.91011,57.09641,2021-08-08
17883,17914,34735,5837178,3233725,2803724,97.5,119.63556,66.27663,57.46357,3233725,2803724,66.27663,57.46357,2021-08-09
17002,12303,28467,5865645,3250727,2816027,98.0,120.219,66.6251,57.71573,3250727,2816027,66.6251,57.71573,2021-08-10
16172,11374,26729,5892374,3266899,2827401,95.9,120.76682,66.95655,57.94884,3266899,2827401,66.95655,57.94884,2021-08-11
17977,7068,24115,5916489,3284876,2834469,96.2,121.26107,67.32499,58.0937,3284876,2834469,67.32499,58.0937,2021-08-12
19054,6363,24412,5940901,3303930,2840832,95.9,121.76141,67.71551,58.22411,3303930,2840832,67.71551,58.22411,2021-08-13
7481,2721,9873,5950774,3311411,2843553,96.0,121.96376,67.86884,58.27988,3311411,2843553,67.86884,58.27988,2021-08-14
2679,521,3104,5953878,3314090,2844074,96.1,122.02738,67.92375,58.29056,3314090,2844074,67.92375,58.29056,2021-08-15
13500,6926,19663,5973541,3327590,2851000,96.4,122.43038,68.20044,58.43251,3327590,2851000,68.20044,58.43251,2021-08-16
11591,8214,19166,5992707,3339181,2859214,96.0,122.82319,68.438,58.60086,3339181,2859214,68.438,58.60086,2021-08-17
14842,9237,23257,6015964,3354023,2868451,92.4,123.29986,68.74219,58.79018,3354023,2868451,68.74219,58.79018,2021-08-18
12662,7455,19427,6035391,3366685,2875906,92.7,123.69802,69.00171,58.94297,3366685,2875906,69.00171,58.94297,2021-08-19
11834,8260,19379,6054770,3378519,2884166,93.0,124.0952,69.24425,59.11226,3378519,2884166,69.24425,59.11226,2021-08-20
8755,3929,12111,6066881,3387274,2888095,93.2,124.34342,69.42369,59.19279,3387274,2888095,69.42369,59.19279,2021-08-21
6134,3468,9236,6076117,3393408,2891563,93.3,124.53272,69.54941,59.26387,3393408,2891563,69.54941,59.26387,2021-08-22
11211,13997,24383,6100500,3404619,2905560,93.7,125.03246,69.77918,59.55074,3404619,2905560,69.77918,59.55074,2021-08-23
0,0,0,6100500,3404619,2905560,93.7,125.03246,69.77918,59.55074,3404619,2905560,69.77918,59.55074,2021-08-24
