delta_1d,delta_2d,delta_all,sum_doses,sum_1d,sum_2d,perc_doses,perc_inh_tot,perc_inh_1d,perc_inh_2d,sum_monotone_1d,sum_monotone_2d,perc_inh_monotone_1d,perc_inh_monotone_2d,date
0,0,0,0,0,0,0,0,0,0,0,0,0,0,2020-12-26
880,0,880,880,880,0,100.6,0.01804,0.01804,0.0,880,0,0.01804,0.0,2020-12-27
0,0,0,880,880,0,100.6,0.01804,0.01804,0.0,880,0,0.01804,0.0,2020-12-28
0,0,0,880,880,0,100.6,0.01804,0.01804,0.0,880,0,0.01804,0.0,2020-12-29
699,0,699,1579,1579,0,6.0,0.03236,0.03236,0.0,1579,0,0.03236,0.0,2020-12-30
3219,0,3219,4798,4798,0,12.3,0.09834,0.09834,0.0,4798,0,0.09834,0.0,2020-12-31
1528,0,1528,6326,6326,0,16.3,0.12965,0.12965,0.0,6326,0,0.12965,0.0,2021-01-01
5742,0,5742,12068,12068,0,31.0,0.24734,0.24734,0.0,12068,0,0.24734,0.0,2021-01-02
5157,0,5157,17225,17225,0,44.3,0.35303,0.35303,0.0,17225,0,0.35303,0.0,2021-01-03
6735,0,6735,23960,23960,0,61.6,0.49107,0.49107,0.0,23960,0,0.49107,0.0,2021-01-04
7330,0,7330,31290,31290,0,71.5,0.6413,0.6413,0.0,31290,0,0.6413,0.0,2021-01-05
8132,0,8132,39422,39422,0,90.1,0.80797,0.80797,0.0,39422,0,0.80797,0.0,2021-01-06
8358,0,8358,47780,47780,0,61.3,0.97927,0.97927,0.0,47780,0,0.97927,0.0,2021-01-07
9403,0,9403,57183,57183,0,73.4,1.17199,1.17199,0.0,57183,0,1.17199,0.0,2021-01-08
7927,0,7927,65110,65110,0,83.6,1.33446,1.33446,0.0,65110,0,1.33446,0.0,2021-01-09
5032,0,5032,70142,70142,0,90.0,1.43759,1.43759,0.0,70142,0,1.43759,0.0,2021-01-10
7238,0,7238,77380,77380,0,99.3,1.58594,1.58594,0.0,77380,0,1.58594,0.0,2021-01-11
5230,0,5230,82610,82610,0,70.7,1.69313,1.69313,0.0,82610,0,1.69313,0.0,2021-01-12
5986,0,5986,88596,88596,0,71.0,1.81581,1.81581,0.0,88596,0,1.81581,0.0,2021-01-13
7061,0,7061,95657,95657,0,76.7,1.96053,1.96053,0.0,95657,0,1.96053,0.0,2021-01-14
5864,0,5864,101521,101521,0,81.4,2.08072,2.08072,0.0,101521,0,2.08072,0.0,2021-01-15
4606,0,4606,106127,106127,0,85.1,2.17512,2.17512,0.0,106127,0,2.17512,0.0,2021-01-16
1584,349,1933,108060,107711,349,86.7,2.21474,2.20758,0.00715,107711,349,2.20758,0.00715,2021-01-17
2563,199,2762,110822,110274,548,88.9,2.27135,2.26011,0.01123,110274,548,2.26011,0.01123,2021-01-18
1159,150,1309,112131,111433,698,89.9,2.29817,2.28387,0.01431,111433,698,2.28387,0.01431,2021-01-19
386,652,1038,113169,111819,1350,85.9,2.31945,2.29178,0.02767,111819,1350,2.29178,0.02767,2021-01-20
21,2270,2291,115460,111840,3620,78.6,2.3664,2.29221,0.07419,111840,3620,2.29221,0.07419,2021-01-21
25,1055,1080,116540,111865,4675,79.3,2.38854,2.29272,0.09582,111865,4675,2.29272,0.09582,2021-01-22
32,4018,4050,120590,111897,8693,82.1,2.47155,2.29338,0.17817,111897,8693,2.29338,0.17817,2021-01-23
28,4089,4117,124707,111925,12782,84.9,2.55593,2.29395,0.26197,111925,12782,2.29395,0.26197,2021-01-24
160,6308,6468,131175,112085,19090,89.3,2.68849,2.29723,0.39126,112085,19090,2.29723,0.39126,2021-01-25
153,6764,6917,138092,112238,25854,85.8,2.83026,2.30037,0.52989,112238,25854,2.30037,0.52989,2021-01-26
241,6897,7138,145230,112479,32751,73.6,2.97655,2.30531,0.67125,112479,32751,2.30531,0.67125,2021-01-27
173,9036,9209,154439,112652,41787,78.3,3.1653,2.30885,0.85644,112652,41787,2.30885,0.85644,2021-01-28
367,8650,9017,163456,113019,50437,82.9,3.3501,2.31637,1.03373,113019,50437,2.31637,1.03373,2021-01-29
693,8054,8747,172203,113712,58491,87.3,3.52938,2.33058,1.1988,113712,58491,2.33058,1.1988,2021-01-30
392,4374,4766,176969,114104,62865,89.7,3.62706,2.33861,1.28845,114104,62865,2.33861,1.28845,2021-01-31
161,8396,8557,185526,114265,71261,91.6,3.80244,2.34191,1.46053,114265,71261,2.34191,1.46053,2021-02-01
392,6019,6411,191937,114657,77280,77.3,3.93383,2.34995,1.58389,114657,77280,2.34995,1.58389,2021-02-02
481,5457,5938,197875,115138,82737,79.7,4.05554,2.3598,1.69573,115138,82737,2.3598,1.69573,2021-02-03
553,6773,7326,205201,115691,89510,82.7,4.20569,2.37114,1.83455,115691,89510,2.37114,1.83455,2021-02-04
1425,6945,8370,213571,117116,96455,86.0,4.37723,2.40034,1.97689,117116,96455,2.40034,1.97689,2021-02-05
709,3384,4093,217664,117825,99839,87.7,4.46112,2.41488,2.04624,117825,99839,2.41488,2.04624,2021-02-06
714,1601,2315,219979,118539,101440,88.6,4.50857,2.42951,2.07906,118539,101440,2.42951,2.07906,2021-02-07
1929,3047,4976,224955,120468,104487,90.6,4.61055,2.46905,2.14151,120468,104487,2.46905,2.14151,2021-02-08
3446,1800,5246,230201,123914,106287,85.7,4.71807,2.53967,2.1784,123914,106287,2.53967,2.1784,2021-02-09
3697,1054,4751,234952,127611,107341,75.6,4.81545,2.61544,2.2,127611,107341,2.61544,2.2,2021-02-10
3383,630,4013,238965,130994,107971,76.9,4.89769,2.68478,2.21291,130994,107971,2.68478,2.21291,2021-02-11
3742,572,4314,243279,134736,108543,78.3,4.98611,2.76147,2.22464,134736,108543,2.76147,2.22464,2021-02-12
3247,20,3267,246546,137983,108563,71.4,5.05307,2.82802,2.22505,137983,108563,2.82802,2.22505,2021-02-13
112,13,125,246671,138095,108576,71.4,5.05563,2.83032,2.22531,138095,108576,2.83032,2.22531,2021-02-14
4146,240,4386,251057,142241,108816,72.7,5.14552,2.91529,2.23023,142241,108816,2.91529,2.23023,2021-02-15
6461,177,6638,257695,148702,108993,74.6,5.28157,3.04771,2.23386,148702,108993,3.04771,2.23386,2021-02-16
5928,94,6022,263717,154630,109087,76.4,5.405,3.16921,2.23579,154630,109087,3.16921,2.23579,2021-02-17
5764,64,5828,269545,160394,109151,68.3,5.52444,3.28735,2.2371,160394,109151,3.28735,2.2371,2021-02-18
7119,203,7322,276867,167513,109354,70.2,5.67451,3.43325,2.24126,167513,109354,3.43325,2.24126,2021-02-19
6353,71,6424,283291,173866,109425,65.0,5.80617,3.56346,2.24271,173866,109425,3.56346,2.24271,2021-02-20
4628,5,4633,287924,178494,109430,66.1,5.90113,3.65831,2.24282,178494,109430,3.65831,2.24282,2021-02-21
6626,387,7013,294937,185120,109817,67.7,6.04486,3.79412,2.25075,185120,109817,3.79412,2.25075,2021-02-22
7106,266,7372,302309,192226,110083,62.2,6.19596,3.93976,2.2562,192226,110083,3.93976,2.2562,2021-02-23
8128,485,8613,310922,200354,110568,64.0,6.37248,4.10634,2.26614,200354,110568,4.10634,2.26614,2021-02-24
7294,605,7899,318821,207648,111173,65.6,6.53438,4.25584,2.27854,207648,111173,4.25584,2.27854,2021-02-25
7036,1252,8288,327109,214684,112425,67.3,6.70424,4.40004,2.3042,214684,112425,4.40004,2.3042,2021-02-26
8140,847,8987,336096,222824,113272,64.5,6.88844,4.56688,2.32156,222824,113272,4.56688,2.32156,2021-02-27
3299,837,4136,340232,226123,114109,62.9,6.97321,4.63449,2.33871,226123,114109,4.63449,2.33871,2021-02-28
7572,1820,9392,349624,233695,115929,64.7,7.1657,4.78968,2.37602,233695,115929,4.78968,2.37602,2021-03-01
8173,3305,11478,361102,241868,119234,60.9,7.40095,4.95719,2.44375,241868,119234,4.95719,2.44375,2021-03-02
8542,3497,12039,373141,250410,122731,62.9,7.64769,5.13226,2.51543,250410,122731,5.13226,2.51543,2021-03-03
9448,3465,12913,386054,259858,126196,65.1,7.91235,5.32591,2.58644,259858,126196,5.32591,2.58644,2021-03-04
9623,3661,13284,399338,269481,129857,67.3,8.18461,5.52313,2.66148,269481,129857,5.52313,2.66148,2021-03-05
7365,3268,10633,409971,276846,133125,69.1,8.40254,5.67408,2.72846,276846,133125,5.67408,2.72846,2021-03-06
3910,561,4471,414442,280756,133686,69.9,8.49417,5.75422,2.73995,280756,133686,5.75422,2.73995,2021-03-07
9477,4069,13546,427988,290233,137755,72.1,8.7718,5.94845,2.82335,290233,137755,5.94845,2.82335,2021-03-08
10142,6317,16459,444447,300375,144072,68.4,9.10914,6.15632,2.95282,300375,144072,6.15632,2.95282,2021-03-09
13248,5684,18932,463379,313623,149756,65.9,9.49716,6.42784,3.06932,313623,149756,6.42784,3.06932,2021-03-10
14116,5581,19697,483076,327739,155337,68.7,9.90086,6.71716,3.1837,327739,155337,6.71716,3.1837,2021-03-11
11824,6746,18570,501646,339563,162083,71.4,10.28146,6.95949,3.32196,339563,162083,6.95949,3.32196,2021-03-12
14043,3133,17176,518822,353606,165216,71.8,10.63349,7.24731,3.38618,353606,165216,7.24731,3.38618,2021-03-13
14271,894,15165,533987,367877,166110,73.9,10.9443,7.5398,3.4045,367877,166110,7.5398,3.4045,2021-03-14
11381,5217,16598,550585,379258,171327,70.7,11.28448,7.77306,3.51142,379258,171327,7.77306,3.51142,2021-03-15
6902,5614,12516,563101,386160,176941,72.3,11.54101,7.91452,3.62648,386160,176941,7.91452,3.62648,2021-03-16
7848,6794,14642,577743,394008,183735,74.1,11.8411,8.07537,3.76573,394008,183735,8.07537,3.76573,2021-03-17
7379,5226,12605,590348,401387,188961,75.8,12.09944,8.22661,3.87284,401387,188961,8.22661,3.87284,2021-03-18
7697,6093,13790,604138,409084,195054,77.5,12.38208,8.38436,3.99772,409084,195054,8.38436,3.99772,2021-03-19
10847,2095,12942,617080,419931,197149,79.2,12.64733,8.60667,4.04066,419931,197149,8.60667,4.04066,2021-03-20
8521,3462,11983,629063,428452,200611,80.7,12.89293,8.78131,4.11161,428452,200611,8.78131,4.11161,2021-03-21
13045,5043,18088,647151,441497,205654,72.8,13.26365,9.04868,4.21497,441497,205654,9.04868,4.21497,2021-03-22
17427,4719,22146,669297,458924,210373,75.3,13.71754,9.40585,4.31169,458924,210373,9.40585,4.31169,2021-03-23
15212,6808,22020,691317,474136,217181,77.8,14.16885,9.71763,4.45122,474136,217181,9.71763,4.45122,2021-03-24
19706,6123,25829,717146,493842,223304,78.8,14.69823,10.12151,4.57671,493842,223304,10.12151,4.57671,2021-03-25
24073,5467,29540,746686,517915,228771,82.0,15.30366,10.6149,4.68876,517915,228771,10.6149,4.68876,2021-03-26
26246,5806,32052,778738,544161,234577,85.5,15.96058,11.15282,4.80776,544161,234577,11.15282,4.80776,2021-03-27
27612,3635,31247,809985,571773,238212,89.0,16.601,11.71874,4.88226,571773,238212,11.71874,4.88226,2021-03-28
27557,3832,31389,841374,599330,242044,84.7,17.24433,12.28353,4.9608,599330,242044,12.28353,4.9608,2021-03-29
30615,5249,35864,877238,629945,247293,88.3,17.97938,12.911,5.06838,629945,247293,12.911,5.06838,2021-03-30
31048,7491,38539,915777,660993,254784,92.2,18.76926,13.54735,5.22191,660993,254784,13.54735,5.22191,2021-03-31
18655,6385,25040,940817,679648,261169,94.7,19.28246,13.92969,5.35277,679648,261169,13.92969,5.35277,2021-04-01
17639,6328,23967,964784,697287,267497,93.4,19.77368,14.29121,5.48247,697287,267497,14.29121,5.48247,2021-04-02
14172,7716,21888,986672,711459,275213,86.9,20.22228,14.58167,5.64061,711459,275213,14.58167,5.64061,2021-04-03
6625,1151,7776,994448,718084,276364,87.5,20.38165,14.71745,5.6642,718084,276364,14.71745,5.6642,2021-04-04
13696,5440,19136,1013584,731780,281804,89.2,20.77385,14.99816,5.7757,731780,281804,14.99816,5.7757,2021-04-05
23790,5074,28864,1042448,755570,286878,82.7,21.36544,15.48574,5.87969,755570,286878,15.48574,5.87969,2021-04-06
28534,7330,35864,1078312,784104,294208,85.6,22.10048,16.07056,6.02992,784104,294208,16.07056,6.02992,2021-04-07
24432,7875,32307,1110619,808536,302083,88.1,22.76263,16.5713,6.19133,808536,302083,16.5713,6.19133,2021-04-08
22757,8337,31094,1141713,831293,310420,90.6,23.39992,17.03772,6.3622,831293,310420,17.03772,6.3622,2021-04-09
18958,8481,27439,1169152,850251,318901,92.8,23.96229,17.42627,6.53602,850251,318901,17.42627,6.53602,2021-04-10
14695,6307,21002,1190154,864946,325208,94.5,24.39274,17.72745,6.66528,864946,325208,17.72745,6.66528,2021-04-11
6683,8217,14900,1205054,871629,333425,95.6,24.69812,17.86442,6.83369,871629,333425,17.86442,6.83369,2021-04-12
8522,5490,14012,1219066,880151,338915,96.2,24.9853,18.03909,6.94621,880151,338915,18.03909,6.94621,2021-04-13
9242,6628,15869,1234935,889393,345543,88.7,25.31054,18.2285,7.08206,889393,345543,18.2285,7.08206,2021-04-14
10005,10803,20808,1255743,899398,356346,89.3,25.73701,18.43356,7.30347,899398,356346,18.43356,7.30347,2021-04-15
12530,11892,24422,1280165,911928,368238,91.0,26.23755,18.69037,7.5472,911928,368238,18.69037,7.5472,2021-04-16
15111,7282,22393,1302558,927039,375520,92.6,26.69651,19.00008,7.69645,927039,375520,19.00008,7.69645,2021-04-17
9946,7573,17519,1320077,936985,383093,93.9,27.05556,19.20392,7.85166,936985,383093,19.20392,7.85166,2021-04-18
5119,16417,21536,1341613,942104,399510,93.2,27.49695,19.30884,8.18814,942104,399510,19.30884,8.18814,2021-04-19
8401,13992,22393,1364006,950505,413502,94.8,27.95591,19.48102,8.47491,950505,413502,19.48102,8.47491,2021-04-20
16205,16068,32273,1396279,966710,429570,87.3,28.61736,19.81315,8.80423,966710,429570,19.81315,8.80423,2021-04-21
16134,15747,31881,1428160,982844,445317,88.5,29.27077,20.14382,9.12697,982844,445317,20.14382,9.12697,2021-04-22
22408,8703,31104,1459264,1005252,454020,90.1,29.90826,20.60309,9.30534,1005252,454020,20.60309,9.30534,2021-04-23
15652,9078,24730,1483994,1020904,463098,91.6,30.41512,20.92388,9.4914,1020904,463098,20.92388,9.4914,2021-04-24
13477,4842,18309,1502303,1034381,467940,92.8,30.79037,21.2001,9.59064,1034381,467940,21.2001,9.59064,2021-04-25
15555,6391,20703,1523006,1049936,474331,92.3,31.21469,21.51891,9.72162,1049936,474331,21.51891,9.72162,2021-04-26
21157,8165,28079,1551085,1071093,482496,94.0,31.79018,21.95253,9.88897,1071093,482496,21.95253,9.88897,2021-04-27
23338,10943,32359,1583444,1094431,493439,86.3,32.45339,22.43085,10.11325,1094431,493439,22.43085,10.11325,2021-04-28
37016,14360,50209,1633653,1131447,507799,89.0,33.48244,23.18951,10.40757,1131447,507799,23.18951,10.40757,2021-04-29
34250,16935,49907,1683560,1165697,524734,91.7,34.50531,23.89148,10.75466,1165697,524734,23.89148,10.75466,2021-04-30
29778,11297,38697,1722257,1195475,536031,85.3,35.29842,24.50179,10.98619,1195475,536031,24.50179,10.98619,2021-05-01
26837,10973,37160,1759417,1222312,547004,87.1,36.06003,25.05183,11.21109,1222312,547004,25.05183,11.21109,2021-05-02
34106,7995,40521,1799938,1256418,554999,89.1,36.89053,25.75085,11.37495,1256418,554999,25.75085,11.37495,2021-05-03
34646,10206,42616,1842554,1291064,565205,91.2,37.76396,26.46093,11.58413,1291064,565205,26.46093,11.58413,2021-05-04
37300,8113,43808,1886362,1328364,573318,86.1,38.66183,27.22541,11.75041,1328364,573318,27.22541,11.75041,2021-05-05
37964,10473,46362,1932724,1366328,583791,88.2,39.61204,28.0035,11.96506,1366328,583791,28.0035,11.96506,2021-05-06
39213,9008,47806,1980530,1405541,592799,89.2,40.59184,28.80719,12.14968,1405541,592799,28.80719,12.14968,2021-05-07
29325,11886,41099,2021629,1434866,604685,91.0,41.43419,29.40822,12.39329,1434866,604685,29.40822,12.39329,2021-05-08
24820,10147,34875,2056504,1459686,614832,92.6,42.14896,29.91691,12.60126,1459686,614832,29.91691,12.60126,2021-05-09
26486,10971,36314,2092818,1486172,625803,94.2,42.89324,30.45976,12.82611,1486172,625803,30.45976,12.82611,2021-05-10
28144,7402,32817,2125635,1514316,633205,95.7,43.56583,31.03658,12.97782,1514316,633205,31.03658,12.97782,2021-05-11
30992,6083,36027,2161662,1545308,639288,90.3,44.30422,31.67177,13.10249,1545308,639288,31.67177,13.10249,2021-05-12
33875,10101,43586,2205248,1579183,649389,92.1,45.19754,32.36606,13.30952,1579183,649389,32.36606,13.30952,2021-05-13
25577,20935,46151,2251399,1604760,670324,92.3,46.14342,32.89027,13.73859,1604760,670324,32.89027,13.73859,2021-05-14
26083,10434,35986,2287385,1630843,680758,93.8,46.88097,33.42485,13.95244,1630843,680758,33.42485,13.95244,2021-05-15
21315,7209,28377,2315762,1652158,687967,94.9,47.46257,33.86171,14.10019,1652158,687967,33.86171,14.10019,2021-05-16
16391,10061,26266,2342028,1668549,698028,96.0,48.00091,34.19765,14.30639,1668549,698028,34.19765,14.30639,2021-05-17
13199,14232,26513,2368541,1681748,712260,97.1,48.5443,34.46817,14.59809,1681748,712260,34.46817,14.59809,2021-05-18
16368,16418,31869,2400410,1698116,728678,92.0,49.19747,34.80364,14.93458,1698116,728678,34.80364,14.93458,2021-05-19
19970,25720,43917,2444327,1718086,754398,93.7,50.09757,35.21294,15.46172,1718086,754398,35.21294,15.46172,2021-05-20
20756,25071,44153,2488480,1738842,779469,93.7,51.0025,35.63834,15.97556,1738842,779469,35.63834,15.97556,2021-05-21
13220,22193,34351,2522831,1752062,801662,95.0,51.70654,35.90929,16.43042,1752062,801662,35.90929,16.43042,2021-05-22
11076,24418,34385,2557216,1763138,826080,96.3,52.41128,36.1363,16.93088,1763138,826080,36.1363,16.93088,2021-05-23
7602,24925,32206,2589422,1770740,851005,97.5,53.07136,36.2921,17.44173,1770740,851005,36.2921,17.44173,2021-05-24
8229,12972,20701,2610123,1778969,863977,96.8,53.49563,36.46076,17.70759,1778969,863977,36.46076,17.70759,2021-05-25
12386,16786,27957,2638080,1791355,880763,92.1,54.06862,36.71462,18.05163,1791355,880763,36.71462,18.05163,2021-05-26
20069,21292,40458,2678538,1811424,902055,93.5,54.89783,37.12594,18.48802,1811424,902055,37.12594,18.48802,2021-05-27
25952,21571,46442,2724980,1837376,923626,94.6,55.84968,37.65784,18.93013,1837376,923626,37.65784,18.93013,2021-05-28
25584,11661,36556,2761536,1862960,935287,95.8,56.59891,38.18219,19.16912,1862960,935287,38.18219,19.16912,2021-05-29
19003,7606,25247,2786783,1881963,942893,96.7,57.11636,38.57167,19.32501,1881963,942893,38.57167,19.32501,2021-05-30
19906,10594,28700,2815483,1901869,953487,95.4,57.70458,38.97965,19.54214,1901869,953487,38.97965,19.54214,2021-05-31
18642,13497,29974,2845457,1920511,966984,88.4,58.31891,39.36173,19.81877,1920511,966984,39.36173,19.81877,2021-06-01
16687,7116,23282,2868739,1937198,974100,89.1,58.79608,39.70373,19.96461,1937198,974100,39.70373,19.96461,2021-06-02
33616,10701,43408,2912147,1970814,984801,90.5,59.68575,40.39271,20.18393,1970814,984801,40.39271,20.18393,2021-06-03
13313,4175,16995,2929142,1984127,988976,91.0,60.03407,40.66556,20.2695,1984127,988976,40.66556,20.2695,2021-06-04
