delta_1d,delta_2d,delta_all,sum_doses,sum_1d,sum_2d,perc_doses,perc_inh_tot,perc_inh_1d,perc_inh_2d,sum_monotone_1d,sum_monotone_2d,perc_inh_monotone_1d,perc_inh_monotone_2d,date
0,0,0,0,0,0,0,0,0,0,0,0,0,0,2020-12-26
879,0,879,879,879,0,100.5,0.01802,0.01802,0.0,879,0,0.01802,0.0,2020-12-27
0,0,0,879,879,0,100.5,0.01802,0.01802,0.0,879,0,0.01802,0.0,2020-12-28
0,0,0,879,879,0,100.5,0.01802,0.01802,0.0,879,0,0.01802,0.0,2020-12-29
699,0,699,1578,1578,0,6.0,0.03234,0.03234,0.0,1578,0,0.03234,0.0,2020-12-30
3221,1,3221,4799,4799,1,12.3,0.09836,0.09836,2e-05,4799,1,0.09836,2e-05,2020-12-31
1528,2,1528,6327,6327,3,16.3,0.12967,0.12967,6e-05,6327,3,0.12967,6e-05,2021-01-01
5744,1,5744,12071,12071,4,31.0,0.2474,0.2474,8e-05,12071,4,0.2474,8e-05,2021-01-02
5158,0,5158,17229,17229,4,44.3,0.35312,0.35312,8e-05,17229,4,0.35312,8e-05,2021-01-03
6741,5,6741,23970,23970,9,61.6,0.49128,0.49128,0.00018,23970,9,0.49128,0.00018,2021-01-04
7335,11,7335,31305,31305,20,71.5,0.64161,0.64161,0.00041,31305,20,0.64161,0.00041,2021-01-05
8143,6,8143,39448,39448,26,90.1,0.8085,0.8085,0.00053,39448,26,0.8085,0.00053,2021-01-06
8364,9,8364,47812,47812,35,61.4,0.97993,0.97993,0.00072,47812,35,0.97993,0.00072,2021-01-07
9420,22,9420,57232,57232,57,73.5,1.173,1.173,0.00117,57232,57,1.173,0.00117,2021-01-08
7938,8,7938,65170,65170,65,83.7,1.33569,1.33569,0.00133,65170,65,1.33569,0.00133,2021-01-09
5037,1,5037,70207,70207,66,90.1,1.43892,1.43892,0.00135,70207,66,1.43892,0.00135,2021-01-10
7246,3,7246,77453,77453,69,99.4,1.58743,1.58743,0.00141,77453,69,1.58743,0.00141,2021-01-11
5231,22,5231,82684,82684,91,70.7,1.69465,1.69465,0.00187,82684,91,1.69465,0.00187,2021-01-12
5990,4,5990,88674,88674,95,71.1,1.81741,1.81741,0.00195,88674,95,1.81741,0.00195,2021-01-13
7066,17,7066,95740,95740,112,76.8,1.96223,1.96223,0.0023,95740,112,1.96223,0.0023,2021-01-14
5880,11,5880,101620,101620,123,81.5,2.08275,2.08275,0.00252,101620,123,2.08275,0.00252,2021-01-15
4612,2,4612,106232,106232,125,85.2,2.17727,2.17727,0.00256,106232,125,2.17727,0.00256,2021-01-16
1585,352,1934,108166,107817,477,86.7,2.21691,2.20976,0.00978,107817,477,2.20976,0.00978,2021-01-17
2567,205,2766,110932,110384,682,89.0,2.2736,2.26237,0.01398,110384,682,2.26237,0.01398,2021-01-18
1164,150,1313,112245,111548,832,90.0,2.30051,2.28623,0.01705,111548,832,2.28623,0.01705,2021-01-19
387,652,1039,113284,111935,1484,86.0,2.32181,2.29416,0.03042,111935,1484,2.29416,0.03042,2021-01-20
18,2276,2294,115578,111953,3760,78.7,2.36882,2.29453,0.07706,111953,3760,2.29453,0.07706,2021-01-21
25,1055,1080,116658,111978,4815,79.4,2.39096,2.29504,0.09869,111978,4815,2.29504,0.09869,2021-01-22
31,4026,4057,120715,112009,8841,82.2,2.47411,2.29567,0.1812,112009,8841,2.29567,0.1812,2021-01-23
28,4090,4118,124833,112037,12931,85.0,2.55851,2.29625,0.26503,112037,12931,2.29625,0.26503,2021-01-24
156,6316,6472,131305,112193,19247,89.4,2.69115,2.29945,0.39448,112193,19247,2.29945,0.39448,2021-01-25
148,6782,6930,138235,112341,26029,85.9,2.83319,2.30248,0.53348,112341,26029,2.30248,0.53348,2021-01-26
241,6910,7150,145385,112582,32939,73.7,2.97973,2.30742,0.6751,112582,32939,2.30742,0.6751,2021-01-27
171,9048,9218,154603,112753,41987,78.4,3.16866,2.31092,0.86054,112753,41987,2.31092,0.86054,2021-01-28
364,8669,9033,163636,113117,50656,83.0,3.35379,2.31838,1.03822,113117,50656,2.31838,1.03822,2021-01-29
687,8082,8769,172405,113804,58738,87.4,3.53352,2.33246,1.20386,113804,58738,2.33246,1.20386,2021-01-30
407,4384,4788,177193,114211,63122,89.8,3.63165,2.34081,1.29371,114211,63122,2.34081,1.29371,2021-01-31
157,8408,8565,185758,114368,71530,91.7,3.80719,2.34402,1.46604,114368,71530,2.34402,1.46604,2021-02-01
394,6122,6516,192274,114762,77652,77.4,3.94074,2.3521,1.59151,114762,77652,2.3521,1.59151,2021-02-02
478,5482,5956,198230,115240,83134,79.8,4.06281,2.3619,1.70387,115240,83134,2.3619,1.70387,2021-02-03
551,6850,7400,205630,115791,89984,82.8,4.21448,2.37319,1.84426,115791,89984,2.37319,1.84426,2021-02-04
1416,6985,8393,214023,117207,96969,86.2,4.3865,2.40221,1.98742,117207,96969,2.40221,1.98742,2021-02-05
708,3391,4099,218122,117915,100360,87.9,4.47051,2.41672,2.05692,117915,100360,2.41672,2.05692,2021-02-06
715,1603,2317,220439,118630,101963,88.8,4.518,2.43137,2.08978,118630,101963,2.43137,2.08978,2021-02-07
1929,3084,5007,225446,120559,105047,90.8,4.62062,2.47091,2.15298,120559,105047,2.47091,2.15298,2021-02-08
3445,1820,5251,230697,124004,106867,85.9,4.72824,2.54152,2.19029,124004,106867,2.54152,2.19029,2021-02-09
3702,1071,4763,235460,127706,107938,75.8,4.82586,2.61739,2.21224,127706,107938,2.61739,2.21224,2021-02-10
3388,666,4016,239476,131094,108604,77.1,4.90817,2.68683,2.22589,131094,108604,2.68683,2.22589,2021-02-11
3742,646,4314,243790,134836,109250,78.4,4.99658,2.76352,2.23913,134836,109250,2.76352,2.23913,2021-02-12
3247,37,3267,247057,138083,109287,71.5,5.06354,2.83007,2.23989,138083,109287,2.83007,2.23989,2021-02-13
113,13,126,247183,138196,109300,71.6,5.06613,2.83239,2.24015,138196,109300,2.83239,2.24015,2021-02-14
4152,249,4392,251575,142348,109549,72.8,5.15614,2.91749,2.24526,142348,109549,2.91749,2.24526,2021-02-15
6468,219,6644,258219,148816,109768,74.8,5.29231,3.05005,2.24974,148816,109768,3.05005,2.24974,2021-02-16
5928,121,6022,264241,154744,109889,76.5,5.41574,3.17155,2.25222,154744,109889,3.17155,2.25222,2021-02-17
5769,103,5833,270074,160513,109992,68.5,5.53529,3.28979,2.25433,160513,109992,3.28979,2.25433,2021-02-18
7120,331,7324,277398,167633,110323,70.3,5.6854,3.43571,2.26112,167633,110323,3.43571,2.26112,2021-02-19
6358,167,6433,283831,173991,110490,65.1,5.81724,3.56602,2.26454,173991,110490,3.56602,2.26454,2021-02-20
4635,135,4640,288471,178626,110625,66.2,5.91234,3.66102,2.26731,178626,110625,3.66102,2.26731,2021-02-21
6627,449,7018,295489,185253,111074,67.8,6.05618,3.79684,2.27651,185253,111074,3.79684,2.27651,2021-02-22
7114,362,7384,302873,192367,111436,62.3,6.20752,3.94265,2.28393,192367,111436,3.94265,2.28393,2021-02-23
8134,628,8623,311496,200501,112064,64.1,6.38425,4.10936,2.2968,200501,112064,4.10936,2.2968,2021-02-24
7298,748,7904,319400,207799,112812,65.7,6.54624,4.25893,2.31213,207799,112812,4.25893,2.31213,2021-02-25
7037,1364,8297,327697,214836,114176,67.4,6.7163,4.40316,2.34009,214836,114176,4.40316,2.34009,2021-02-26
8145,1060,8994,336691,222981,115236,64.6,6.90063,4.57009,2.36181,222981,115236,4.57009,2.36181,2021-02-27
3300,913,4137,340828,226281,116149,63.0,6.98542,4.63773,2.38053,226281,116149,4.63773,2.38053,2021-02-28
7573,2004,9395,350223,233854,118153,64.8,7.17798,4.79294,2.4216,233854,118153,4.79294,2.4216,2021-03-01
8187,3556,11502,361725,242041,121709,61.0,7.41371,4.96074,2.49448,242041,121709,4.96074,2.49448,2021-03-02
8600,3722,12102,373827,250641,125431,63.0,7.66175,5.137,2.57076,250641,125431,5.137,2.57076,2021-03-03
9511,3832,12992,386819,260152,129263,65.2,7.92803,5.33193,2.6493,260152,129263,5.33193,2.6493,2021-03-04
9668,4008,13344,400163,269820,133271,67.4,8.20152,5.53008,2.73145,269820,133271,5.53008,2.73145,2021-03-05
7407,3477,10691,410854,277227,136748,69.2,8.42064,5.68189,2.80271,277227,136748,5.68189,2.80271,2021-03-06
3934,640,4495,415349,281161,137388,70.0,8.51276,5.76252,2.81583,281161,137388,5.76252,2.81583,2021-03-07
9566,4346,13644,428993,290727,141734,72.3,8.7924,5.95858,2.9049,290727,141734,5.95858,2.9049,2021-03-08
10228,6717,16567,445560,300955,148451,68.6,9.13195,6.16821,3.04257,300955,148451,6.16821,3.04257,2021-03-09
13358,6115,19044,464604,314313,154566,66.1,9.52227,6.44198,3.1679,314313,154566,6.44198,3.1679,2021-03-10
14262,6053,19839,484443,328575,160619,68.9,9.92887,6.73429,3.29196,328575,160619,6.73429,3.29196,2021-03-11
11912,7285,18664,503107,340487,167904,71.5,10.3114,6.97843,3.44127,340487,167904,6.97843,3.44127,2021-03-12
14112,3528,17244,520351,354599,171432,71.9,10.66483,7.26766,3.51358,354599,171432,7.26766,3.51358,2021-03-13
14293,1366,15187,535538,368892,172798,74.0,10.97609,7.56061,3.54157,368892,172798,7.56061,3.54157,2021-03-14
11460,5729,16674,552212,380352,178527,70.8,11.31783,7.79548,3.65899,380352,178527,7.79548,3.65899,2021-03-15
6913,5888,12538,564750,387265,184415,72.4,11.5748,7.93717,3.77967,387265,184415,7.93717,3.77967,2021-03-16
7849,7088,14646,579396,395114,191503,74.3,11.87498,8.09804,3.92494,395114,191503,8.09804,3.92494,2021-03-17
7390,5577,12626,592022,402504,197080,75.9,12.13375,8.2495,4.03924,402504,197080,8.2495,4.03924,2021-03-18
7698,6377,13805,605827,410202,203457,77.7,12.41669,8.40727,4.16994,410202,203457,8.40727,4.16994,2021-03-19
10952,2390,13035,618862,421154,205847,79.3,12.68385,8.63174,4.21893,421154,205847,8.63174,4.21893,2021-03-20
8526,3718,11992,630854,429680,209565,80.9,12.92963,8.80648,4.29513,429680,209565,8.80648,4.29513,2021-03-21
13109,5596,18163,649017,442789,215161,73.0,13.30189,9.07516,4.40982,442789,215161,9.07516,4.40982,2021-03-22
17522,5382,22240,671257,460311,220543,75.5,13.75771,9.43428,4.52013,460311,220543,9.43428,4.52013,2021-03-23
15320,7404,22128,693385,475631,227947,77.9,14.21123,9.74827,4.67188,475631,227947,9.74827,4.67188,2021-03-24
19873,6959,25980,719365,495504,234906,78.9,14.74371,10.15557,4.8145,495504,234906,10.15557,4.8145,2021-03-25
24150,6317,29620,748985,519654,241223,82.2,15.35078,10.65054,4.94397,519654,241223,10.65054,4.94397,2021-03-26
26289,6736,32096,781081,545943,247959,85.7,16.0086,11.18934,5.08203,545943,247959,11.18934,5.08203,2021-03-27
27702,4461,31317,812398,573645,252420,89.1,16.65046,11.75711,5.17346,573645,252420,11.75711,5.17346,2021-03-28
27663,4812,31493,843891,601308,257232,84.8,17.29592,12.32407,5.27208,601308,257232,12.32407,5.27208,2021-03-29
30765,6232,36020,879911,632073,263464,88.5,18.03417,12.95462,5.39981,632073,263464,12.95462,5.39981,2021-03-30
31495,8550,39004,918915,663568,272014,92.4,18.83357,13.60012,5.57505,663568,272014,13.60012,5.57505,2021-03-31
19005,7130,25420,944335,682573,279144,94.9,19.35457,13.98964,5.72118,682573,279144,13.98964,5.72118,2021-04-01
17796,6928,24128,968463,700369,286072,93.7,19.84908,14.35437,5.86317,700369,286072,14.35437,5.86317,2021-04-02
14278,8127,22002,990465,714647,294199,87.1,20.30002,14.64701,6.02974,714647,294199,14.64701,6.02974,2021-04-03
6642,1280,7790,998255,721289,295479,87.8,20.45968,14.78314,6.05597,721289,295479,14.78314,6.05597,2021-04-04
13726,5756,19166,1017421,735015,301235,89.5,20.8525,15.06446,6.17395,735015,301235,15.06446,6.17395,2021-04-05
23996,5774,29042,1046463,759011,307009,83.0,21.44772,15.55627,6.29229,759011,307009,15.55627,6.29229,2021-04-06
28739,8475,36080,1082543,787750,315484,85.8,22.1872,16.14529,6.46598,787750,315484,16.14529,6.46598,2021-04-07
24532,9029,32420,1114963,812282,324513,88.4,22.85166,16.64808,6.65104,812282,324513,16.64808,6.65104,2021-04-08
22860,9280,31209,1146172,835142,333793,90.9,23.4913,17.11661,6.84124,835142,333793,17.11661,6.84124,2021-04-09
19015,9115,27491,1173663,854157,342908,93.0,24.05474,17.50633,7.02805,854157,342908,17.50633,7.02805,2021-04-10
14718,6799,21019,1194682,868875,349707,94.7,24.48554,17.80798,7.1674,868875,349707,17.80798,7.1674,2021-04-11
6702,8509,14922,1209604,875577,358216,95.9,24.79137,17.94534,7.3418,875577,358216,17.94534,7.3418,2021-04-12
8561,5955,14046,1223650,884138,364171,96.5,25.07925,18.1208,7.46385,884138,364171,18.1208,7.46385,2021-04-13
9326,7168,15964,1239614,893464,371339,88.9,25.40644,18.31194,7.61076,893464,371339,18.31194,7.61076,2021-04-14
10121,11557,20956,1260570,903585,382896,89.6,25.83594,18.51938,7.84762,903585,382896,18.51938,7.84762,2021-04-15
12593,12582,24485,1285055,916178,395478,91.3,26.33777,18.77748,8.1055,916178,395478,18.77748,8.1055,2021-04-16
15174,8076,22454,1307509,931352,403554,92.9,26.79798,19.08847,8.27102,931352,403554,19.08847,8.27102,2021-04-17
9963,8026,17530,1325039,941315,411580,94.1,27.15726,19.29267,8.43552,941315,411580,19.29267,8.43552,2021-04-18
5139,16836,21555,1346594,946454,428416,93.5,27.59904,19.398,8.78058,946454,428416,19.398,8.78058,2021-04-19
8467,14594,22484,1369078,954921,443010,95.0,28.05986,19.57153,9.07969,954921,443010,19.57153,9.07969,2021-04-20
16354,16864,32422,1401500,971275,459874,87.5,28.72437,19.90671,9.42532,971275,459874,19.90671,9.42532,2021-04-21
16306,16607,32087,1433587,987581,476481,88.7,29.382,20.24091,9.76569,987581,476481,20.24091,9.76569,2021-04-22
22615,9890,31326,1464913,1010196,486371,90.4,30.02404,20.70442,9.96839,1010196,486371,20.70442,9.96839,2021-04-23
15690,9809,24769,1489682,1025886,496180,91.9,30.53169,21.02599,10.16943,1025886,496180,21.02599,10.16943,2021-04-24
13500,5457,18336,1508018,1039386,501637,93.0,30.9075,21.30268,10.28127,1039386,501637,21.30268,10.28127,2021-04-25
15594,7063,20735,1528753,1054980,508700,92.6,31.33247,21.62228,10.42603,1054980,508700,21.62228,10.42603,2021-04-26
21303,9331,28220,1556973,1076283,518031,94.3,31.91085,22.0589,10.61728,1076283,518031,22.0589,10.61728,2021-04-27
23450,12141,32477,1589450,1099733,530172,86.5,32.57648,22.53952,10.86611,1099733,530172,22.53952,10.86611,2021-04-28
37161,16135,50347,1639797,1136894,546307,89.3,33.60837,23.30115,11.1968,1136894,546307,23.30115,11.1968,2021-04-29
34599,18405,50277,1690074,1171493,564712,92.0,34.63882,24.01027,11.57402,1171493,564712,24.01027,11.57402,2021-04-30
29948,12564,38878,1728952,1201441,577276,85.5,35.43564,24.62407,11.83153,1201441,577276,24.62407,11.83153,2021-05-01
26915,12312,37247,1766199,1228356,589588,87.4,36.19903,25.1757,12.08387,1228356,589588,25.1757,12.08387,2021-05-02
34276,9508,40714,1806913,1262632,599096,89.4,37.03349,25.8782,12.27874,1262632,599096,25.8782,12.27874,2021-05-03
35007,11944,43042,1849955,1297639,611040,91.5,37.91565,26.59569,12.52354,1297639,611040,26.59569,12.52354,2021-05-04
37861,10040,44425,1894380,1335500,621080,86.4,38.82616,27.37167,12.72931,1335500,621080,27.37167,12.72931,2021-05-05
38562,12634,47073,1941453,1374062,633714,88.5,39.79094,28.16201,12.98825,1374062,633714,28.16201,12.98825,2021-05-06
39954,11506,48635,1990088,1414016,645220,89.5,40.78774,28.98089,13.22407,1414016,645220,28.98089,13.22407,2021-05-07
29702,13423,41546,2031634,1443718,658643,91.4,41.63924,29.58964,13.49918,1443718,658643,29.58964,13.49918,2021-05-08
25035,11419,35093,2066727,1468753,670062,93.0,42.35849,30.10275,13.73322,1468753,670062,30.10275,13.73322,2021-05-09
26668,12295,36532,2103259,1495421,682357,94.6,43.10723,30.64932,13.98521,1495421,682357,30.64932,13.98521,2021-05-10
28481,8843,33210,2136469,1523902,691200,96.1,43.78788,31.23305,14.16645,1523902,691200,31.23305,14.16645,2021-05-11
31901,7948,37030,2173499,1555803,699148,90.8,44.54683,31.88687,14.32935,1555803,699148,31.88687,14.32935,2021-05-12
34437,12282,44365,2217864,1590240,711430,92.6,45.45611,32.59268,14.58107,1590240,711430,32.59268,14.58107,2021-05-13
25885,22964,46860,2264724,1616125,734394,92.8,46.41653,33.1232,15.05173,1616125,734394,33.1232,15.05173,2021-05-14
26252,12017,36280,2301004,1642377,746411,94.3,47.1601,33.66125,15.29803,1642377,746411,33.66125,15.29803,2021-05-15
21339,8271,28421,2329425,1663716,754682,95.4,47.7426,34.0986,15.46754,1663716,754682,34.0986,15.46754,2021-05-16
16473,11129,26555,2355980,1680189,765811,96.5,48.28686,34.43622,15.69564,1680189,765811,34.43622,15.69564,2021-05-17
13389,15367,27042,2383022,1693578,781178,97.6,48.8411,34.71063,16.01059,1693578,781178,34.71063,16.01059,2021-05-18
17167,17967,33174,2416196,1710745,799145,92.5,49.52101,35.06248,16.37883,1710745,799145,35.06248,16.37883,2021-05-19
20485,27375,44872,2461068,1731230,826520,94.3,50.44068,35.48233,16.93989,1731230,826520,35.48233,16.93989,2021-05-20
20905,26808,44877,2505945,1752135,853328,94.3,51.36046,35.91079,17.48934,1752135,853328,35.91079,17.48934,2021-05-21
13393,23237,34851,2540796,1765528,876565,95.6,52.07474,36.18528,17.96559,1765528,876565,36.18528,17.96559,2021-05-22
11092,24987,34492,2575288,1776620,901552,96.9,52.78167,36.41262,18.47771,1776620,901552,36.41262,18.47771,2021-05-23
8039,25797,33095,2608383,1784659,927349,96.7,53.45997,36.57738,19.00643,1784659,927349,36.57738,19.00643,2021-05-24
11778,17380,27882,2636265,1796437,944729,97.7,54.03142,36.81877,19.36264,1796437,944729,36.81877,19.36264,2021-05-25
14679,18539,31179,2667444,1811116,963268,93.1,54.67045,37.11963,19.74261,1811116,963268,37.11963,19.74261,2021-05-26
23425,25685,46705,2714149,1834541,988953,94.1,55.62769,37.59973,20.26903,1834541,988953,37.59973,20.26903,2021-05-27
24893,24161,47011,2761160,1859434,1013114,95.7,56.5912,38.10993,20.76422,1859434,1013114,38.10993,20.76422,2021-05-28
25366,9422,33084,2794244,1884800,1022536,96.9,57.26927,38.62981,20.95733,1884800,1022536,38.62981,20.95733,2021-05-29
15860,8732,22556,2816800,1900660,1031268,95.3,57.73157,38.95487,21.1363,1900660,1031268,38.95487,21.1363,2021-05-30
21720,13276,31657,2848457,1922380,1044544,96.4,58.38039,39.40003,21.40839,1922380,1044544,39.40003,21.40839,2021-05-31
16432,12567,27000,2875457,1938812,1057111,89.3,58.93377,39.73681,21.66596,1938812,1057111,39.73681,21.66596,2021-06-01
15971,5333,20319,2895776,1954783,1062444,89.9,59.35022,40.06415,21.77526,1954783,1062444,40.06415,21.77526,2021-06-02
42537,14927,54554,2950330,1997320,1077371,91.6,60.46833,40.93596,22.0812,1997320,1077371,40.93596,22.0812,2021-06-03
41503,11127,49662,2999992,2038823,1088498,88.7,61.48617,41.78658,22.30925,2038823,1088498,41.78658,22.30925,2021-06-04
38782,11109,46889,3046881,2077605,1099607,90.1,62.44718,42.58144,22.53693,2077605,1099607,42.58144,22.53693,2021-06-05
32721,7633,37452,3084333,2110326,1107240,90.4,63.21478,43.25207,22.69338,2110326,1107240,43.25207,22.69338,2021-06-06
37662,9491,44706,3129039,2147988,1116731,91.7,64.13105,44.02397,22.8879,2147988,1116731,44.02397,22.8879,2021-06-07
37707,9066,43864,3172903,2185695,1125797,93.0,65.03006,44.79679,23.07371,2185695,1125797,44.79679,23.07371,2021-06-08
35342,10889,42857,3215760,2221037,1136686,88.2,65.90843,45.52114,23.29688,2221037,1136686,45.52114,23.29688,2021-06-09
43040,12022,52432,3268192,2264077,1148708,89.7,66.98305,46.40326,23.54328,2264077,1148708,46.40326,23.54328,2021-06-10
36134,13303,47327,3315519,2300211,1162011,90.4,67.95304,47.14385,23.81593,2300211,1162011,47.14385,23.81593,2021-06-11
37876,12770,48711,3364230,2338087,1174781,91.7,68.95139,47.92013,24.07766,2338087,1174781,47.92013,24.07766,2021-06-12
30389,8425,37346,3401576,2368476,1183206,92.7,69.71681,48.54297,24.25033,2368476,1183206,48.54297,24.25033,2021-06-13
27314,16614,42638,3444214,2395790,1199820,93.2,70.5907,49.10278,24.59084,2395790,1199820,49.10278,24.59084,2021-06-14
30301,18942,47865,3492079,2426091,1218762,94.5,71.57171,49.72381,24.97907,2426091,1218762,49.72381,24.97907,2021-06-15
26340,23148,47811,3539890,2452431,1241910,89.0,72.55162,50.26366,25.4535,2452431,1241910,50.26366,25.4535,2021-06-16
26728,26795,51814,3591704,2479159,1268705,90.3,73.61357,50.81147,26.00267,2479159,1268705,50.81147,26.00267,2021-06-17
25015,30345,53673,3645377,2504174,1299050,91.6,74.71362,51.32416,26.62461,2504174,1299050,51.32416,26.62461,2021-06-18
26704,24427,49315,3694692,2530878,1323477,92.6,75.72436,51.87147,27.12525,2530878,1323477,51.87147,27.12525,2021-06-19
19669,22483,41217,3735909,2550547,1345960,92.2,76.56912,52.27459,27.58605,2550547,1345960,52.27459,27.58605,2021-06-20
21361,24232,44345,3780254,2571908,1370192,93.3,77.47799,52.7124,28.08269,2571908,1370192,52.7124,28.08269,2021-06-21
19359,25609,43761,3824015,2591267,1395801,94.0,78.37489,53.10917,28.60756,2591267,1395801,53.10917,28.60756,2021-06-22
15329,35176,49399,3873414,2606596,1430977,87.6,79.38734,53.42334,29.32851,2606596,1430977,53.42334,29.32851,2021-06-23
18322,38844,56263,3929677,2624918,1469821,88.8,80.54048,53.79886,30.12463,2624918,1469821,53.79886,30.12463,2021-06-24
15722,36805,51741,3981418,2640640,1506626,89.9,81.60093,54.12109,30.87897,2640640,1506626,54.12109,30.87897,2021-06-25
14084,34634,48098,4029516,2654724,1541260,90.1,82.58672,54.40975,31.58881,2654724,1541260,54.40975,31.58881,2021-06-26
15931,25260,40246,4069762,2670655,1566520,91.0,83.41158,54.73626,32.10652,2670655,1566520,54.73626,32.10652,2021-06-27
19128,29510,47690,4117452,2689783,1596030,92.1,84.38901,55.1283,32.71134,2689783,1596030,55.1283,32.71134,2021-06-28
19741,26828,45596,4163048,2709524,1622858,93.1,85.32352,55.5329,33.2612,2709524,1622858,55.5329,33.2612,2021-06-29
18617,28172,45840,4208888,2728141,1651030,88.3,86.26303,55.91446,33.83859,2728141,1651030,55.91446,33.83859,2021-06-30
21702,30605,51035,4259923,2749843,1681635,89.4,87.30902,56.35925,34.46586,2749843,1681635,56.35925,34.46586,2021-07-01
17072,33530,49589,4309512,2766915,1715165,89.5,88.32536,56.70915,35.15307,2766915,1715165,56.70915,35.15307,2021-07-02
11602,27847,38713,4348225,2778517,1743012,90.3,89.1188,56.94694,35.72381,2778517,1743012,56.94694,35.72381,2021-07-03
15600,19050,33889,4382114,2794117,1762062,88.4,89.81337,57.26667,36.11424,2794117,1762062,57.26667,36.11424,2021-07-04
14950,25235,39158,4421272,2809067,1787297,89.1,90.61594,57.57308,36.63145,2809067,1787297,57.57308,36.63145,2021-07-05
13847,23228,36178,4457450,2822914,1810525,89.9,91.35742,57.85688,37.10751,2822914,1810525,57.85688,37.10751,2021-07-06
16445,25611,41013,4498463,2839359,1836136,87.6,92.198,58.19393,37.63242,2839359,1836136,58.19393,37.63242,2021-07-07
4808,42362,46750,4545213,2844167,1878498,88.5,93.15616,58.29247,38.50065,2844167,1878498,58.29247,38.50065,2021-07-08
4411,41145,45110,4590323,2848578,1919643,89.4,94.08071,58.38287,39.34394,2848578,1919643,58.38287,39.34394,2021-07-09
6657,37008,43206,4633529,2855235,1956651,89.1,94.96624,58.51931,40.10243,2855235,1956651,58.51931,40.10243,2021-07-10
3959,30796,34245,4667774,2859194,1987447,89.8,95.6681,58.60045,40.73361,2859194,1987447,58.60045,40.73361,2021-07-11
4338,39387,43257,4711031,2863532,2026834,90.6,96.55467,58.68936,41.54086,2863532,2026834,58.68936,41.54086,2021-07-12
5729,38307,43589,4754620,2869261,2065141,91.4,97.44805,58.80678,42.32598,2869261,2065141,58.80678,42.32598,2021-07-13
5690,38513,43666,4798286,2874951,2103654,89.3,98.343,58.9234,43.11532,2874951,2103654,58.9234,43.11532,2021-07-14
6395,45661,51481,4849767,2881346,2149315,90.2,99.39813,59.05447,44.05117,2881346,2149315,59.05447,44.05117,2021-07-15
7423,37994,44767,4894534,2888769,2187309,91.1,100.31565,59.2066,44.82987,2888769,2187309,59.2066,44.82987,2021-07-16
4643,36575,40624,4935158,2893412,2223884,91.8,101.14826,59.30177,45.57949,2893412,2223884,59.30177,45.57949,2021-07-17
4098,34025,37723,4972881,2897510,2257909,92.5,101.92141,59.38576,46.27685,2897510,2257909,59.38576,46.27685,2021-07-18
8360,37016,44760,5017641,2905870,2294925,93.3,102.83878,59.5571,47.03551,2905870,2294925,59.5571,47.03551,2021-07-19
7386,37938,44397,5062038,2913256,2332863,94.2,103.74872,59.70848,47.81306,2913256,2332863,59.70848,47.81306,2021-07-20
9192,35127,43305,5105343,2922448,2367990,92.2,104.63627,59.89687,48.53301,2922448,2367990,59.89687,48.53301,2021-07-21
13967,35807,48438,5153781,2936415,2403797,93.1,105.62903,60.18313,49.26689,2936415,2403797,60.18313,49.26689,2021-07-22
15722,29972,44527,5198308,2952137,2433769,93.9,106.54163,60.50536,49.88118,2952137,2433769,60.50536,49.88118,2021-07-23
13945,28811,41733,5240041,2966082,2462580,94.7,107.39697,60.79117,50.47167,2966082,2462580,60.79117,50.47167,2021-07-24
11319,22651,33210,5273251,2977401,2485231,95.3,108.07762,61.02316,50.93591,2977401,2485231,61.02316,50.93591,2021-07-25
17643,27302,43665,5316916,2995044,2512533,96.1,108.97256,61.38476,51.49548,2995044,2512533,61.38476,51.49548,2021-07-26
12232,31040,42288,5359204,3007276,2543573,97.2,109.83927,61.63546,52.13166,3007276,2543573,61.63546,52.13166,2021-07-27
12536,28863,40346,5399550,3019812,2572436,95.1,110.66618,61.89239,52.72322,3019812,2572436,61.89239,52.72322,2021-07-28
21030,27752,47592,5447142,3040842,2600188,96.0,111.6416,62.32341,53.29201,3040842,2600188,62.32341,53.29201,2021-07-29
23517,23583,45628,5492770,3064359,2623771,96.8,112.57676,62.8054,53.77535,3064359,2623771,62.8054,53.77535,2021-07-30
17687,18358,35198,5527968,3082046,2642129,97.4,113.29816,63.1679,54.15161,3082046,2642129,63.1679,54.15161,2021-07-31
11565,17147,27926,5555894,3093611,2659276,97.9,113.87052,63.40493,54.50304,3093611,2659276,63.40493,54.50304,2021-08-01
16950,24059,40127,5596021,3110561,2683335,98.3,114.69294,63.75233,54.99614,3110561,2683335,63.75233,54.99614,2021-08-02
18318,23405,40755,5636776,3128879,2706740,97.5,115.52823,64.12777,55.47584,3128879,2706740,64.12777,55.47584,2021-08-03
23727,20173,42520,5679296,3152606,2726913,95.6,116.3997,64.61406,55.88929,3152606,2726913,64.61406,55.88929,2021-08-04
16365,23961,39318,5718614,3168971,2750874,96.2,117.20554,64.94947,56.38039,3168971,2750874,64.94947,56.38039,2021-08-05
20780,18782,38391,5757005,3189751,2769656,96.9,117.99238,65.37536,56.76533,3189751,2769656,65.37536,56.76533,2021-08-06
16907,12879,28978,5785983,3206658,2782535,97.4,118.58629,65.72188,57.02929,3206658,2782535,65.72188,57.02929,2021-08-07
11012,9994,20558,5806541,3217670,2792529,97.0,119.00764,65.94758,57.23412,3217670,2792529,65.94758,57.23412,2021-08-08
17936,17959,34810,5841351,3235606,2810488,97.5,119.72109,66.31518,57.6022,3235606,2810488,66.31518,57.6022,2021-08-09
17048,12345,28533,5869884,3252654,2822833,98.0,120.30588,66.66459,57.85522,3252654,2822833,66.66459,57.85522,2021-08-10
16256,11433,26845,5896729,3268910,2834266,95.9,120.85608,66.99776,58.08954,3268910,2834266,66.99776,58.08954,2021-08-11
18040,7139,24208,5920937,3286950,2841405,96.3,121.35224,67.3675,58.23586,3286950,2841405,67.3675,58.23586,2021-08-12
19126,6408,24503,5945440,3306076,2847813,96.0,121.85444,67.7595,58.36719,3306076,2847813,67.7595,58.36719,2021-08-13
7534,2742,9938,5955378,3313610,2850555,96.1,122.05812,67.91391,58.42339,3313610,2850555,67.91391,58.42339,2021-08-14
2693,526,3118,5958496,3316303,2851081,96.2,122.12202,67.9691,58.43417,3316303,2851081,67.9691,58.43417,2021-08-15
13593,6933,19764,5978260,3329896,2858014,96.5,122.5271,68.2477,58.57627,3329896,2858014,68.2477,58.57627,2021-08-16
11713,8262,19318,5997578,3341609,2866276,96.0,122.92303,68.48776,58.7456,3341609,2866276,68.48776,58.7456,2021-08-17
14932,9294,23381,6020959,3356541,2875570,92.4,123.40223,68.7938,58.93609,3356541,2875570,68.7938,58.93609,2021-08-18
12813,7534,19634,6040593,3369354,2883104,92.7,123.80464,69.05641,59.0905,3369354,2883104,69.05641,59.0905,2021-08-19
11913,8301,19500,6060093,3381267,2891405,93.0,124.2043,69.30057,59.26063,3381267,2891405,69.30057,59.26063,2021-08-20
8831,3998,12229,6072322,3390098,2895403,93.2,124.45494,69.48157,59.34257,3390098,2895403,69.48157,59.34257,2021-08-21
6163,3475,9271,6081593,3396261,2898878,93.4,124.64495,69.60788,59.41379,3396261,2898878,69.60788,59.41379,2021-08-22
11331,14086,24578,6106171,3407592,2912964,93.8,125.14869,69.84011,59.70249,3407592,2912964,69.84011,59.70249,2021-08-23
9477,11123,19943,6126114,3417069,2924087,92.2,125.55743,70.03435,59.93046,3417069,2924087,70.03435,59.93046,2021-08-24
8638,12213,20134,6146248,3425707,2936300,92.5,125.97009,70.21139,60.18077,3425707,2936300,70.21139,60.18077,2021-08-25
8977,14160,22397,6168645,3434684,2950460,89.0,126.42912,70.39538,60.47099,3434684,2950460,70.39538,60.47099,2021-08-26
8849,18583,26741,6195386,3443533,2969043,89.4,126.97719,70.57674,60.85186,3443533,2969043,70.57674,60.85186,2021-08-27
9416,12340,20923,6216309,3452949,2981383,89.7,127.40602,70.76972,61.10477,3452949,2981383,70.76972,61.10477,2021-08-28
4841,8963,13434,6229743,3457790,2990346,89.9,127.68135,70.86894,61.28847,3457790,2990346,70.86894,61.28847,2021-08-29
8628,19094,26988,6256731,3466418,3009440,90.3,128.23448,71.04578,61.67981,3466418,3009440,71.04578,61.67981,2021-08-30
7610,12898,19839,6276570,3474028,3022338,90.6,128.64109,71.20175,61.94416,3474028,3022338,71.20175,61.94416,2021-08-31
8422,13613,21118,6297688,3482450,3035951,90.8,129.07392,71.37436,62.22317,3482450,3035951,71.37436,62.22317,2021-09-01
6995,16844,22912,6320600,3489445,3052795,89.1,129.54351,71.51773,62.56839,3489445,3052795,71.51773,62.56839,2021-09-02
8402,24689,32179,6352779,3497847,3077484,89.6,130.20303,71.68993,63.0744,3497847,3077484,71.68993,63.0744,2021-09-03
6730,17677,23628,6376407,3504577,3095161,89.9,130.6873,71.82786,63.4367,3504577,3095161,71.82786,63.4367,2021-09-04
3812,11792,15264,6391671,3508389,3106953,90.1,131.00014,71.90599,63.67838,3508389,3106953,71.90599,63.67838,2021-09-05
6582,22619,28428,6420099,3514971,3129572,90.5,131.58278,72.04089,64.14197,3514971,3129572,72.04089,64.14197,2021-09-06
6336,21145,26685,6446784,3521307,3150717,89.2,132.1297,72.17075,64.57535,3521307,3150717,72.17075,64.57535,2021-09-07
6157,22736,28012,6474796,3527464,3173453,87.6,132.70382,72.29694,65.04133,3527464,3173453,72.29694,65.04133,2021-09-08
4852,25895,30236,6505032,3532316,3199348,88.0,133.32352,72.39639,65.57206,3532316,3199348,72.39639,65.57206,2021-09-09
4823,23997,28330,6533362,3537139,3223345,88.4,133.90416,72.49524,66.06389,3537139,3223345,72.49524,66.06389,2021-09-10
3395,17898,20921,6554283,3540534,3241243,88.6,134.33294,72.56482,66.43072,3540534,3241243,72.56482,66.43072,2021-09-11
2539,13037,15373,6569656,3543073,3254280,88.8,134.64802,72.61686,66.69792,3543073,3254280,72.61686,66.69792,2021-09-12
3459,22516,25616,6595272,3546532,3276796,89.2,135.17303,72.68775,67.15939,3546532,3276796,72.68775,67.15939,2021-09-13
3470,18570,21695,6616967,3550002,3295366,89.5,135.61768,72.75887,67.53999,3550002,3295366,72.75887,67.53999,2021-09-14
3921,15285,18792,6635759,3553923,3310651,89.1,136.00283,72.83923,67.85326,3553923,3310651,72.83923,67.85326,2021-09-15
4228,18263,22066,6657825,3558151,3328914,88.1,136.45508,72.92589,68.22757,3558151,3328914,72.92589,68.22757,2021-09-16
6122,12631,18227,6676052,3564273,3341545,89.2,136.82865,73.05136,68.48645,3564273,3341545,73.05136,68.48645,2021-09-17
7010,10246,16719,6692771,3571283,3351791,89.4,137.17132,73.19503,68.69645,3571283,3351791,73.19503,68.69645,2021-09-18
3351,5103,8213,6700984,3574634,3356894,89.5,137.33965,73.26371,68.80103,3574634,3356894,73.26371,68.80103,2021-09-19
6506,13999,20088,6721072,3581140,3370893,89.8,137.75136,73.39706,69.08795,3581140,3370893,73.39706,69.08795,2021-09-20
7081,9930,16572,6737644,3588221,3380823,90.0,138.09101,73.54218,69.29147,3588221,3380823,73.54218,69.29147,2021-09-21
7582,8681,15806,6753450,3595803,3389504,88.5,138.41496,73.69758,69.46939,3595803,3389504,73.69758,69.46939,2021-09-22
8333,8351,16130,6769580,3604136,3397855,88.7,138.74555,73.86837,69.64055,3604136,3397855,73.86837,69.64055,2021-09-23
9021,10345,18720,6788300,3613157,3408200,88.9,139.12923,74.05326,69.85257,3613157,3408200,74.05326,69.85257,2021-09-24
7844,7904,15264,6803564,3621001,3416104,89.1,139.44207,74.21403,70.01457,3621001,3416104,74.21403,70.01457,2021-09-25
5298,4267,9308,6812872,3626299,3420371,89.3,139.63284,74.32261,70.10202,3626299,3420371,74.32261,70.10202,2021-09-26
7868,9126,16505,6829377,3634167,3429497,89.5,139.97112,74.48387,70.28907,3634167,3429497,74.48387,70.28907,2021-09-27
7516,7031,14094,6843471,3641683,3436528,89.8,140.25998,74.63791,70.43317,3641683,3436528,74.63791,70.43317,2021-09-28
7246,6417,13272,6856743,3648929,3442945,85.7,140.532,74.78642,70.56469,3648929,3442945,74.78642,70.56469,2021-09-29
9973,7543,16863,6873606,3658902,3450488,85.9,140.87761,74.99082,70.71929,3658902,3450488,74.99082,70.71929,2021-09-30
6981,5777,12359,6885965,3665883,3456265,86.1,141.13091,75.1339,70.83769,3665883,3456265,75.1339,70.83769,2021-10-01
6907,3470,9994,6895959,3672790,3459735,86.2,141.33575,75.27546,70.90881,3672790,3459735,75.27546,70.90881,2021-10-02
4491,2427,6692,6902651,3677281,3462162,86.3,141.4729,75.36751,70.95855,3677281,3462162,75.36751,70.95855,2021-10-03
4903,5802,10429,6913080,3682184,3467964,86.4,141.68665,75.468,71.07746,3682184,3467964,75.468,71.07746,2021-10-04
5136,4286,9171,6922251,3687320,3472250,86.6,141.87461,75.57326,71.16531,3687320,3472250,75.57326,71.16531,2021-10-05
5299,4677,9711,6931962,3692619,3476927,85.7,142.07364,75.68187,71.26116,3692619,3476927,75.68187,71.26116,2021-10-06
5527,4124,9324,6941286,3698146,3481051,85.8,142.26474,75.79515,71.34569,3698146,3481051,75.79515,71.34569,2021-10-07
5913,5587,11121,6952407,3704059,3486638,86.0,142.49267,75.91634,71.4602,3704059,3486638,75.91634,71.4602,2021-10-08
4674,4330,8760,6961167,3708733,3490968,86.1,142.67221,76.01213,71.54894,3708733,3490968,76.01213,71.54894,2021-10-09
2912,2245,4981,6966148,3711645,3493213,86.1,142.7743,76.07181,71.59495,3711645,3493213,76.07181,71.59495,2021-10-10
5160,5850,10716,6976864,3716805,3499063,86.3,142.99393,76.17757,71.71485,3716805,3499063,76.17757,71.71485,2021-10-11
5205,6665,11625,6988489,3722010,3505728,86.4,143.23219,76.28425,71.85145,3722010,3505728,76.28425,71.85145,2021-10-12
5927,6700,12357,7000846,3727937,3512428,86.6,143.48545,76.40573,71.98877,3727937,3512428,76.40573,71.98877,2021-10-13
5673,6760,12204,7013050,3733610,3519188,86.7,143.73558,76.522,72.12732,3733610,3519188,76.522,72.12732,2021-10-14
5762,8576,13946,7026996,3739372,3527764,86.9,144.02141,76.64009,72.30309,3739372,3527764,76.64009,72.30309,2021-10-15
4278,8005,11933,7038929,3743650,3535769,87.0,144.26598,76.72777,72.46716,3743650,3535769,76.72777,72.46716,2021-10-16
2025,3694,5630,7044559,3745675,3539463,87.1,144.38137,76.76927,72.54287,3745675,3539463,76.76927,72.54287,2021-10-17
3646,6931,10344,7054903,3749321,3546394,87.2,144.59337,76.844,72.68492,3749321,3546394,76.844,72.68492,2021-10-18
2970,4846,7627,7062530,3752291,3551240,87.3,144.74969,76.90487,72.78424,3752291,3551240,76.90487,72.78424,2021-10-19
0,0,0,7062530,3752291,3551240,87.3,144.74969,76.90487,72.78424,3752291,3551240,76.90487,72.78424,2021-10-20
